280	2.7404411900148035e-23
285	4.997298036760045e-15
290	3.82747505922677e-09
295	7.652918072455168e-06
300	0.0006234630504135259
305	0.009913494971712587
310	0.030271334566946338
315	0.07984764587828097
320	0.11833691474796434
325	0.15750660329158256
330	0.25939590166353454
335	0.24740560909431641
340	0.25801341426675434
345	0.22638551547192862
350	0.24871931680305204
355	0.2737295887494064
360	0.24999966545564692
365	0.23046546547504254
370	0.22883061431053942
375	0.1376737189054794
380	0.12171008527714947
385	0.08545198687368279
390	0.07217134639231144
395	0.05057859979743545
400	0.04642922080886668
405	0.029900074849616473
410	0.01572346702391704
415	0.009261779952235451
420	0.003671277700431201
425	0.001702149622883614
430	0.0012803131589534883
435	0.0037858748578960106
440	0.007821812366819694
445	0.013686918198893876
450	0.02084104661892138
455	0.027173997140682568
460	0.033838065806547794
465	0.04063308416087086
470	0.04778194387728792
475	0.05430222696975129
480	0.061265681712787276
485	0.06615366061854833
490	0.0654046553456164
495	0.0741329422751256
500	0.0775768537299477
505	0.0759535482592665
510	0.08525316665099321
515	0.08185216630105759
520	0.07813925148355154
525	0.09009919471117651
530	0.09176920455068235
535	0.08739917421395556
540	0.08752997293317187
545	0.08941722241172562
550	0.08697429153736405
555	0.08589292598944179
560	0.07865607622226702
565	0.08034357751520198
570	0.07688502848747078
575	0.07643794218164898
580	0.072423816008423
585	0.07340740892600382
590	0.05913997191215725
595	0.06399540584900448
600	0.06189666487815233
605	0.06058598374366062
610	0.0571964417845345
615	0.05232688477067591
620	0.05161785606831532
625	0.04680783300438083
630	0.04415789541961357
635	0.04203466186254226
640	0.04041255825019952
645	0.037282117482127126
650	0.03248113321711811
655	0.03159668043253178
660	0.028762291738961655
665	0.026615546811758806
670	0.025163169282325024
675	0.022471846127650564
680	0.0202562938384337
685	0.018086802815989754
690	0.013389248911424012
695	0.013268601855408856
700	0.012238789631980183
705	0.010944356256110581
710	0.009591893985534467
715	0.008301402647323769
720	0.005079417286719553
725	0.004946263164476731
730	0.004125575844411221
735	0.004057862146864534
740	0.0032026245162344786
745	0.0027024975821934314
750	0.0021134427608181304
755	0.0016544956658587698
760	0.0012173381695984396
765	0.00041687211707721385
770	0.0006754243268899689
775	0.0005766614929882112
780	0.0005268832841330818
785	0.0005447203259419041
790	0.000628460132676989
795	0.0007745961625045899
800	0.001000936585199648
805	0.0012832438885699892
810	0.0015925671776592157
815	0.001702098400474849
820	0.0020983141421673994
825	0.0026241456660365124
830	0.003097885378475946
835	0.0036458269432610426
840	0.004525092208316162
845	0.005109592266333158
850	0.005802913600440279
855	0.0056453139713682435
860	0.007359112196723814
865	0.008076001997084942
870	0.008652900265001527
875	0.00941724437270889
880	0.010255011450420579
885	0.011121039970152923
890	0.012074539943702443
895	0.011877195782175129
900	0.0082376239329921
905	0.013598531168216096
910	0.012125600092099724
915	0.011499901871732839
920	0.014420978072547923
925	0.014939573337827455
930	0.012080764399914715
935	0.003327814972024308
940	0.009728056010023526
945	0.007331490005718412
950	0.013304718338171286
955	0.01197328604525847
960	0.01104461948117536
965	0.014155982722421507
970	0.022099738449064373
975	0.019303345149657498
980	0.02227992509343566
985	0.026752039568382534
990	0.028210065718368316
995	0.02944515152814547
1000	0.02986761391578417
1005	0.03026482999576195
1010	0.031123804584135828
1015	0.03218125843457427
1020	0.031730843419077746
1025	0.03279236820046612
1030	0.03356302706171977
1035	0.03423026892688947
1040	0.03500281755333551
1045	0.0355391816542522
1050	0.035980142005338486
1055	0.036218572485793674
1060	0.035547309328532756
1065	0.03720534357211653
1070	0.03534795918738344
1075	0.03835952645621937
1080	0.0381766340268174
1085	0.03733903323221315
1090	0.03819857452881733
1095	0.0363496302926985
1100	0.03491040019436049
1105	0.03280855413851961
1110	0.02953363884917039
1115	0.02186950455214481
1120	0.008410336396249248
1125	0.008227607378958961
1130	0.008161555878339867
1135	0.003273497161717941
1140	0.023815968369969992
1145	0.009189849472056148
1150	0.018027337979475012
1155	0.011944673716536775
1160	0.028697166729730314
1165	0.034764392985311754
1170	0.037160899821266434
1175	0.03003607159144411
1180	0.04375695263860092
1185	0.03852808854360585
1190	0.0386859221714311
1195	0.04424314943732613
1200	0.03489755202024527
1205	0.035131032642989585
1210	0.04068105651400003
1215	0.04317502066702224
1220	0.04498764047161882
1225	0.045695496870585474
1230	0.04822870352821813
1235	0.04911559948723346
1240	0.048908015938456104
1245	0.04867855316845871
1250	0.04970556058927273
1255	0.0485078613554127
1260	0.04722934276066858
1265	0.04150704107970685
1270	0.02783649474786127
1275	0.04633783665661989
1280	0.048935047756519946
1285	0.04898711726806217
1290	0.048128806562176274
1295	0.04798523405517049
1300	0.04896044626372923
1305	0.03636739885102861
1310	0.04689957771182792
1315	0.03552306520739112
1320	0.03338201902318165
1325	0.03291575383145221
1330	0.022462214180582522
1335	0.02158964824834229
1340	0.022743029281805282
1345	0.009810452063483301
1350	0.0021126844582501276
1355	3.8230474240070315e-05
1360	9.754539927564888e-08
1365	1.8189405616957376e-07
1370	6.968573601132173e-08
1375	2.4340058884809268e-05
1380	7.135503197180492e-06
1385	8.495876106398145e-08
1390	8.054882712892045e-05
1395	1.0540073984691389e-05
1400	0.0001140897555855195
1405	0.0001045034193585484
1410	8.816496232818516e-05
1415	5.214454664943817e-05
1420	0.0003093799580591055
1425	0.002465216518153711
1430	0.005556945438744509
1435	0.0030831791623904202
1440	0.007553923730270113
1445	0.00920162814522952
1450	0.015301234984780003
1455	0.02073763672190342
1460	0.024723676072213586
1465	0.023155690828208054
1470	0.014547520142845174
1475	0.015015171846083718
1480	0.018616742819168246
1485	0.021443912200327167
1490	0.029758873509972642
1495	0.03211897238088435
1500	0.034498664743591916
