1.000000000000000000e+06 4.870682998754917747e+01 5.757829857890442993e-01 8.290418599979818737e+01
1.000000000000000000e+06 4.916583654343185117e+01 8.103091288565482664e-01 8.318138191146572069e+01
1.000000000000000000e+06 4.868279838924307512e+01 1.217041665991621446e+00 8.280488697324805969e+01
1.000000000000000000e+06 4.905911773886836613e+01 8.424413991557848647e-01 8.341415895326522900e+01
1.000000000000000000e+06 4.824547998509441271e+01 9.087633835242261426e-01 8.267418305888274688e+01
1.000000000000000000e+06 4.830492213541528912e+01 2.379103339911345927e+00 8.199939017453398549e+01
1.000000000000000000e+06 4.870256699602876438e+01 4.708697610570060643e-01 8.315966976854072357e+01
1.000000000000000000e+06 5.737880344298594082e+01 1.999982795382505856e+02 9.453130810720082877e+01
1.000000000000000000e+06 4.871448842689655834e+01 1.653290587437432624e+00 8.297597767353171605e+01
1.000000000000000000e+06 4.863456739037506793e+01 9.436385398045459283e-01 8.259744682920432979e+01
