320	1.5465	1.6652e-06
325	1.5451	1.3063e-06
330	1.5439	9.4747e-07
335	1.5427	6.3362e-07
340	1.5414	4.9983e-07
345	1.5402	3.6603e-07
350	1.5393	2.3224e-07
355	1.5383	1.8332e-07
360	1.5373	1.344e-07
365	1.5363	8.5478e-08
370	1.5354	6.8511e-08
375	1.5346	6.018e-08
380	1.5338	5.1849e-08
385	1.533	4.3089e-08
390	1.5323	3.4328e-08
395	1.5316	2.9948e-08
400	1.5309	2.5567e-08
405	1.5302	2.264e-08
410	1.5296	2.2919e-08
415	1.529	2.3199e-08
420	1.5284	2.3478e-08
425	1.5279	2.485e-08
430	1.5273	2.6222e-08
435	1.5268	2.7594e-08
440	1.5263	2.7509e-08
445	1.5258	2.706e-08
450	1.5253	2.6612e-08
455	1.5249	2.6163e-08
460	1.5245	2.5714e-08
465	1.524	2.5493e-08
470	1.5236	2.5272e-08
475	1.5232	2.5051e-08
480	1.5228	2.483e-08
485	1.5225	2.4608e-08
490	1.5221	2.4387e-08
495	1.5218	2.4166e-08
500	1.5214	2.3945e-08
505	1.5211	2.3235e-08
510	1.5208	2.2525e-08
515	1.5205	2.1816e-08
520	1.5202	2.1106e-08
525	1.5199	2.0396e-08
530	1.5196	1.9686e-08
535	1.5193	1.8977e-08
540	1.519	1.8267e-08
545	1.5188	1.7557e-08
550	1.5185	1.8088e-08
555	1.5183	1.8929e-08
560	1.518	1.977e-08
565	1.5178	2.0611e-08
570	1.5176	2.1453e-08
575	1.5174	2.2294e-08
580	1.5171	2.3135e-08
585	1.5169	2.3955e-08
590	1.5167	2.4774e-08
595	1.5165	2.5594e-08
600	1.5163	2.6413e-08
605	1.5161	2.7233e-08
610	1.5159	2.8053e-08
615	1.5157	2.8872e-08
620	1.5155	2.9692e-08
625	1.5154	2.9931e-08
630	1.5152	3.0171e-08
635	1.515	3.041e-08
640	1.5149	3.065e-08
645	1.5147	3.0889e-08
650	1.5145	3.1129e-08
655	1.5144	3.1368e-08
660	1.5142	3.1608e-08
665	1.5141	3.0448e-08
670	1.5139	2.9288e-08
675	1.5138	2.8127e-08
680	1.5136	2.6967e-08
685	1.5135	2.5807e-08
690	1.5133	2.4647e-08
695	1.5132	2.3486e-08
700	1.5131	2.2326e-08
705	1.5129	2.2368e-08
710	1.5128	2.241e-08
715	1.5127	2.2452e-08
720	1.5126	2.2494e-08
725	1.5124	2.2536e-08
730	1.5123	2.2578e-08
735	1.5122	2.2619e-08
740	1.5121	2.2661e-08
745	1.512	2.2703e-08
750	1.5118	2.2745e-08
755	1.5117	2.2787e-08
760	1.5116	2.2829e-08
765	1.5115	2.2871e-08
770	1.5114	2.2913e-08
775	1.5113	2.2955e-08
780	1.5112	2.2997e-08
785	1.5111	2.3039e-08
790	1.511	2.3081e-08
795	1.5109	2.3122e-08
800	1.5108	2.3164e-08
805	1.5107	2.3206e-08
810	1.5106	2.3248e-08
815	1.5105	2.329e-08
820	1.5104	2.3332e-08
825	1.5103	2.3374e-08
830	1.5102	2.3416e-08
835	1.5101	2.3458e-08
840	1.51	2.35e-08
845	1.5099	2.3542e-08
850	1.5098	2.3584e-08
855	1.5098	2.3625e-08
860	1.5097	2.3667e-08
865	1.5096	2.3709e-08
870	1.5095	2.3751e-08
875	1.5094	2.3793e-08
880	1.5093	2.3835e-08
885	1.5092	2.3877e-08
890	1.5092	2.3919e-08
895	1.5091	2.3961e-08
900	1.509	2.4003e-08
905	1.5089	2.4045e-08
910	1.5088	2.4087e-08
915	1.5088	2.4128e-08
920	1.5087	2.417e-08
925	1.5086	2.4212e-08
930	1.5085	2.4254e-08
935	1.5084	2.4296e-08
940	1.5084	2.4338e-08
945	1.5083	2.438e-08
950	1.5082	2.4422e-08
955	1.5081	2.4464e-08
960	1.5081	2.4506e-08
965	1.508	2.4548e-08
970	1.5079	2.4589e-08
975	1.5079	2.4631e-08
980	1.5078	2.4673e-08
985	1.5077	2.4715e-08
990	1.5076	2.4757e-08
995	1.5076	2.4799e-08
1000	1.5075	2.4841e-08
1005	1.5074	2.4883e-08
1010	1.5074	2.4925e-08
1015	1.5073	2.4967e-08
1020	1.5072	2.5009e-08
1025	1.5072	2.5051e-08
1030	1.5071	2.5092e-08
1035	1.507	2.5134e-08
1040	1.507	2.5176e-08
1045	1.5069	2.5218e-08
1050	1.5068	2.526e-08
1055	1.5068	2.5302e-08
1060	1.5067	2.5344e-08
1065	1.5066	2.7691e-08
1070	1.5066	3.0038e-08
1075	1.5065	3.2386e-08
1080	1.5064	3.4733e-08
1085	1.5064	3.708e-08
1090	1.5063	3.9427e-08
1095	1.5062	4.1774e-08
1100	1.5062	4.4122e-08
1105	1.5061	4.6469e-08
1110	1.506	4.8816e-08
1115	1.506	5.1163e-08
1120	1.5059	5.351e-08
1125	1.5058	5.5857e-08
1130	1.5058	5.8205e-08
1135	1.5057	6.0552e-08
1140	1.5057	6.2899e-08
1145	1.5056	6.5246e-08
1150	1.5055	6.7593e-08
1155	1.5055	6.9941e-08
1160	1.5054	7.2288e-08
1165	1.5053	7.4635e-08
1170	1.5053	7.6982e-08
1175	1.5052	7.9329e-08
1180	1.5052	8.1677e-08
1185	1.5051	8.4024e-08
1190	1.505	8.6371e-08
1195	1.505	8.8718e-08
1200	1.5049	9.1065e-08
1205	1.5049	9.3413e-08
1210	1.5048	9.576e-08
1215	1.5047	9.8107e-08
1220	1.5047	1.0045e-07
1225	1.5046	1.028e-07
1230	1.5046	1.0515e-07
1235	1.5045	1.075e-07
1240	1.5044	1.0984e-07
1245	1.5044	1.1219e-07
1250	1.5043	1.1454e-07
1255	1.5042	1.1688e-07
1260	1.5042	1.1923e-07
1265	1.5041	1.2158e-07
1270	1.5041	1.2393e-07
1275	1.504	1.2627e-07
1280	1.5039	1.2862e-07
1285	1.5039	1.3097e-07
1290	1.5038	1.3331e-07
1295	1.5038	1.3566e-07
1300	1.5037	1.3801e-07
1305	1.5036	1.4036e-07
1310	1.5036	1.427e-07
1315	1.5035	1.4505e-07
1320	1.5035	1.474e-07
1325	1.5034	1.4975e-07
1330	1.5033	1.5209e-07
1335	1.5033	1.5444e-07
1340	1.5032	1.5679e-07
1345	1.5032	1.5913e-07
1350	1.5031	1.6148e-07
1355	1.503	1.6383e-07
1360	1.503	1.6618e-07
1365	1.5029	1.6852e-07
1370	1.5029	1.7087e-07
1375	1.5028	1.7322e-07
1380	1.5027	1.7556e-07
1385	1.5027	1.7791e-07
1390	1.5026	1.8026e-07
1395	1.5026	1.8261e-07
1400	1.5025	1.8495e-07
1405	1.5024	1.873e-07
1410	1.5024	1.8965e-07
1415	1.5023	1.9199e-07
1420	1.5023	1.9434e-07
1425	1.5022	1.9669e-07
1430	1.5021	1.9904e-07
1435	1.5021	2.0138e-07
1440	1.502	2.0373e-07
1445	1.5019	2.0608e-07
1450	1.5019	2.0842e-07
1455	1.5018	2.1077e-07
1460	1.5018	2.1312e-07
1465	1.5017	2.1547e-07
1470	1.5016	2.1781e-07
1475	1.5016	2.2016e-07
1480	1.5015	2.2251e-07
1485	1.5015	2.2486e-07
1490	1.5014	2.272e-07
1495	1.5013	2.2955e-07
1500	1.5013	2.319e-07
1505	1.5012	2.3424e-07
1510	1.5012	2.3659e-07
1515	1.5011	2.3894e-07
1520	1.501	2.4129e-07
1525	1.501	2.4363e-07
1530	1.5009	2.4598e-07
1535	1.5008	2.7424e-07
1540	1.5008	3.0251e-07
1545	1.5007	3.3077e-07
1550	1.5007	3.5904e-07
1555	1.5006	3.873e-07
1560	1.5005	4.1557e-07
1565	1.5005	4.4383e-07
1570	1.5004	4.721e-07
1575	1.5003	5.0036e-07
1580	1.5003	5.2863e-07
1585	1.5002	5.5689e-07
1590	1.5001	5.8516e-07
1595	1.5001	6.1342e-07
1600	1.5	6.4169e-07
1605	1.5	6.6995e-07
1610	1.4999	6.9822e-07
1615	1.4998	7.2648e-07
1620	1.4998	7.5475e-07
1625	1.4997	7.8301e-07
1630	1.4996	8.1128e-07
1635	1.4996	8.3954e-07
1640	1.4995	8.6781e-07
1645	1.4994	8.9607e-07
1650	1.4994	9.2434e-07
1655	1.4993	9.526e-07
1660	1.4992	9.8087e-07
1665	1.4992	1.0091e-06
1670	1.4991	1.0374e-06
1675	1.4991	1.0657e-06
1680	1.499	1.0939e-06
1685	1.4989	1.1222e-06
1690	1.4989	1.1505e-06
1695	1.4988	1.1787e-06
1700	1.4987	1.207e-06
1705	1.4987	1.2353e-06
1710	1.4986	1.2635e-06
1715	1.4985	1.2918e-06
1720	1.4985	1.32e-06
1725	1.4984	1.3483e-06
1730	1.4983	1.3766e-06
1735	1.4983	1.4048e-06
1740	1.4982	1.4331e-06
1745	1.4981	1.4614e-06
1750	1.4981	1.4896e-06
1755	1.498	1.5179e-06
1760	1.4979	1.5462e-06
1765	1.4979	1.5744e-06
1770	1.4978	1.6027e-06
1775	1.4977	1.631e-06
1780	1.4977	1.6592e-06
1785	1.4976	1.6875e-06
1790	1.4975	1.7158e-06
1795	1.4974	1.744e-06
1800	1.4974	1.7723e-06
1805	1.4973	1.8006e-06
1810	1.4972	1.8288e-06
1815	1.4972	1.8571e-06
1820	1.4971	1.8853e-06
1825	1.497	1.9136e-06
1830	1.497	1.9419e-06
1835	1.4969	1.9701e-06
1840	1.4968	1.9984e-06
1845	1.4968	2.0267e-06
1850	1.4967	2.0549e-06
1855	1.4966	2.0832e-06
1860	1.4965	2.1115e-06
1865	1.4965	2.1397e-06
1870	1.4964	2.168e-06
1875	1.4963	2.1963e-06
1880	1.4963	2.2245e-06
1885	1.4962	2.2528e-06
1890	1.4961	2.2811e-06
1895	1.496	2.3093e-06
1900	1.496	2.3376e-06
1905	1.4959	2.3659e-06
1910	1.4958	2.3941e-06
1915	1.4958	2.4224e-06
1920	1.4957	2.4506e-06
1925	1.4956	2.4789e-06
1930	1.4955	2.5072e-06
1935	1.4955	2.5354e-06
1940	1.4954	2.5637e-06
1945	1.4953	2.592e-06
1950	1.4953	2.6202e-06
1955	1.4952	2.6485e-06
1960	1.4951	2.6768e-06
1965	1.495	2.705e-06
1970	1.495	2.7333e-06
1975	1.4949	2.8459e-06
1980	1.4948	2.9585e-06
1985	1.4947	3.0711e-06
1990	1.4947	3.1837e-06
1995	1.4946	3.2963e-06
2000	1.4945	3.4089e-06
2005	1.4944	3.5215e-06
2010	1.4944	3.6341e-06
2015	1.4943	3.7467e-06
2020	1.4942	3.8593e-06
2025	1.4941	3.9719e-06
2030	1.4941	4.0845e-06
2035	1.494	4.1971e-06
2040	1.4939	4.3097e-06
2045	1.4938	4.4223e-06
2050	1.4938	4.5349e-06
2055	1.4937	4.6475e-06
2060	1.4936	4.7601e-06
2065	1.4935	4.8727e-06
2070	1.4934	4.9853e-06
2075	1.4934	5.0979e-06
2080	1.4933	5.2105e-06
2085	1.4932	5.3231e-06
2090	1.4931	5.4357e-06
2095	1.4931	5.5483e-06
2100	1.493	5.6609e-06
2105	1.4929	5.7735e-06
2110	1.4928	5.8861e-06
2115	1.4927	5.9987e-06
2120	1.4927	6.1113e-06
2125	1.4926	6.2239e-06
2130	1.4925	6.3365e-06
2135	1.4924	6.4491e-06
2140	1.4923	6.5617e-06
2145	1.4923	6.6743e-06
2150	1.4922	6.787e-06
2155	1.4921	6.8996e-06
2160	1.492	7.0122e-06
2165	1.4919	7.1248e-06
2170	1.4919	7.2374e-06
2175	1.4918	7.35e-06
2180	1.4917	7.4626e-06
2185	1.4916	7.5752e-06
2190	1.4915	7.6878e-06
2195	1.4914	7.8004e-06
2200	1.4914	7.913e-06
2205	1.4913	8.0256e-06
2210	1.4912	8.1382e-06
2215	1.4911	8.2508e-06
2220	1.491	8.3634e-06
2225	1.4909	8.476e-06
2230	1.4909	8.5886e-06
2235	1.4908	8.7012e-06
2240	1.4907	8.8138e-06
2245	1.4906	8.9264e-06
2250	1.4905	9.039e-06
2255	1.4905	9.1516e-06
2260	1.4903	9.2642e-06
2265	1.4903	9.3768e-06
2270	1.4902	9.4894e-06
2275	1.4901	9.602e-06
2280	1.49	9.7146e-06
2285	1.4899	9.8272e-06
2290	1.4898	9.9398e-06
2295	1.4898	1.0052e-05
2300	1.4897	1.0165e-05
2305	1.4896	1.0278e-05
2310	1.4895	1.039e-05
2315	1.4894	1.0503e-05
2320	1.4893	1.0615e-05
2325	1.4892	1.0728e-05
2330	1.4891	1.1002e-05
2335	1.4891	1.1276e-05
2340	1.489	1.1551e-05
2345	1.4889	1.1825e-05
2350	1.4888	1.2099e-05
2355	1.4887	1.2373e-05
2360	1.4886	1.2647e-05
2365	1.4886	1.2922e-05
2370	1.4884	1.3196e-05
2375	1.4883	1.347e-05
2380	1.4883	1.3744e-05
2385	1.4882	1.4018e-05
2390	1.4881	1.4293e-05
2395	1.488	1.4567e-05
2400	1.4879	1.4841e-05
2405	1.4878	1.5115e-05
2410	1.4877	1.5389e-05
2415	1.4876	1.5664e-05
2420	1.4875	1.5938e-05
2425	1.4875	1.6212e-05
2430	1.4874	1.6486e-05
2435	1.4872	1.676e-05
2440	1.4872	1.7035e-05
2445	1.4871	1.7309e-05
2450	1.487	1.7583e-05
2455	1.4869	1.7857e-05
2460	1.4868	1.8131e-05
2465	1.4867	1.8406e-05
2470	1.4866	1.868e-05
2475	1.4865	1.8954e-05
2480	1.4864	1.9228e-05
2485	1.4863	1.9502e-05
2490	1.4862	1.9777e-05
2495	1.4862	2.0051e-05
2500	1.4861	2.0325e-05
