1363325110
3728055595
1804908043
3948924541
1520562151
3986004404
1334693635
3063647286
3407750711
2547088438
1248556793
2775940726
3866214731
1688310057
2449763626
846910510
1956199096
2550004105
939567517
3254727915
1772567308
1389018787
3623718334
96271147
3154049518
1842733680
1893701669
918931134
71753213
1827974643
543387313
350811008
1804068898
1428967922
3072151539
1158162743
901269050
1638041698
2087045069
3244920231
2139399239
685253448
4271058210
2292231680
2512455208
3215079143
1330748050
2129350742
