1.000000000000000000e+06 4.898469981159399822e+01 8.862605075198291615e+01 8.077241174325585860e+01 1.254373250234238526e+02 1.164982259558251769e+02 9.792487093372317020e+01 6.218689686181481591e+01 1.086917956835377908e+02 3.203730926303373394e+01 5.662083302734712476e+01 1.650750749842783875e+02
1.000000000000000000e+06 9.936444583766106575e+01 7.232997785990313844e+01 8.675393553974915051e+01 4.937140429762622773e+01 1.081768657068838024e+02 1.277810455241088192e+02 1.321284115263673016e+02 6.879484105100532076e+01 9.484103637947512766e+01 1.231555524665411667e+02 1.150643254121075927e+02
1.000000000000000000e+06 7.825718319071357598e+01 7.562196781356965403e+01 1.237135116513667583e+02 1.052270862929881332e+02 9.440276110723115721e+01 5.845313785314366584e+01 6.810996458720133262e+01 1.471140970394623935e+02 1.498529132137083479e+02 1.892992287336845720e+02 1.556455436834072259e+02
1.000000000000000000e+06 1.075769054964381155e+02 9.791939649623185460e+01 5.917584333199439328e+01 7.709077398724517138e+01 8.021943212045607652e+01 1.554954417747433126e+02 1.192357298782255128e+02 1.803980781946105196e+02 5.039855279194399884e+01 9.289749987877029014e+01 1.851927406979010300e+02
1.000000000000000000e+06 1.653031691315696321e+02 9.164628530593910227e+01 1.149416265061154832e+02 1.568839092236067358e+02 6.790541910525479352e+01 6.506111295478933698e+01 1.084039440150170464e+02 6.213849495278316226e+01 1.797743549574486508e+02 1.495381858557136354e+02 5.471517470391589200e+01
1.000000000000000000e+06 1.571963520382005584e+02 7.863108752210263219e+01 9.036914077842484971e+01 1.168982868907157666e+02 1.141870718093169756e+02 9.129360217447671744e+01 1.214115869187241401e+02 1.248750281841957417e+02 1.343795097165449306e+02 1.075762160848951794e+02 1.617381721262292160e+02
1.000000000000000000e+06 1.278117728575668792e+02 9.517827410504986574e+01 5.135550706604357174e+01 1.223723167106063414e+02 9.085322489150959768e+01 7.081266018003658758e+01 1.175037410373359705e+02 1.251786258643324459e+02 1.497132002044089631e+02 6.828860103106725887e+01 1.309315509112868767e+02
1.000000000000000000e+06 1.630845610269078065e+02 8.845150957752257170e+01 7.744355399986766031e+01 1.158790070511103067e+02 1.444820681119584265e+02 8.782459488294128391e+01 1.066354079026500727e+02 7.887447999080502825e+01 5.393244249865783502e+01 9.688859713606760238e+01 5.165586186358679299e+01
1.000000000000000000e+06 5.706538210938299471e+01 8.619565242338248368e+01 1.099331678758296249e+02 8.840934272137708660e+01 7.309593979069182978e+01 1.250204167984454955e+02 5.949417431344267015e+01 6.608870608538134661e+01 7.113184627859870091e+01 8.585631140774351877e+01 6.591477207162863294e+01
1.000000000000000000e+06 1.883283450781642330e+02 7.317021859442343157e+01 1.312808548398807602e+02 1.964546242528344067e+02 4.743071780765806977e+01 1.391465557873140710e+02 7.722544115288231126e+01 1.192363233322979283e+02 7.375653876211484317e+01 7.896920719347937734e+01 1.115511476730277849e+02
1.000000000000000000e+06 1.564959667009192970e+02 9.066437989272209563e+01 1.065249396250330847e+02 1.280304798577727752e+02 6.543922712360424043e+01 1.046555180195880723e+02 5.497109256478547223e+01 1.118383956368910361e+02 1.850170084739074525e+02 1.137863266166358756e+02 1.998853234744914857e+02
1.000000000000000000e+06 1.774729543402102365e+02 6.448419225263542387e+01 1.368022605622830383e+02 8.876344660354536131e+01 6.937693618477229052e+01 1.331712775337039716e+02 4.909955458404168382e+01 1.469086772814757182e+02 1.555808429742163810e+02 8.018115291327355010e+01 6.517671002948938508e+01
1.000000000000000000e+06 1.351120725693663758e+02 1.126424777721924784e+02 7.699913669978579378e+01 1.479600432092081235e+02 1.292414516078793270e+02 1.909295800080984407e+02 1.888340605679402699e+02 8.847620382006878970e+01 3.180511472671388162e+01 9.182265404735963443e+01 1.262633981981840350e+02
1.000000000000000000e+06 1.068936595778286716e+02 9.070956757465387454e+01 1.201507447750989144e+02 7.822384584732817814e+01 5.546935267653943669e+01 1.052340609176693675e+02 1.843188983281263233e+02 8.485428849854787359e+01 1.587700925989064160e+02 1.133942730905566378e+02 2.875364763838822668e+01
1.000000000000000000e+06 1.707058969669628823e+02 6.992785617984232260e+01 1.211052172998637673e+02 1.496583044257774304e+02 6.427385857210569498e+01 6.896588494115994195e+01 8.638801131725604421e+01 1.086622358971929145e+02 1.601389608512214409e+02 6.975642051133394261e+01 9.598351479677037901e+01
1.000000000000000000e+06 1.730567715901076440e+02 9.622401565004848578e+01 7.181926425527311153e+01 8.731010573288236287e+01 1.423159095577383368e+02 1.003240687218819289e+02 1.978596131171553907e+02 1.151950551984512998e+02 1.281697079569808011e+02 8.837531176799299715e+01 1.361155382114526731e+02
1.000000000000000000e+06 1.754157407508945425e+02 9.512956194249731823e+01 4.317514602077275754e+01 1.140554267259091290e+02 6.413404430652649069e+01 1.201038925346492761e+02 9.351494570838261211e+01 1.742939590082943084e+02 6.385758815613613848e+01 1.371472965915513953e+02 1.049152985313246944e+02
1.000000000000000000e+06 1.019610619580348185e+02 7.271387509965002494e+01 9.292416265028539613e+01 1.888972221512538283e+02 3.614493714379838707e+01 1.209484559863458060e+02 4.327646162059579638e+01 1.234556481903212131e+02 2.422284913900502445e+01 9.961188768856104048e+01 5.001466803443483400e+01
1.000000000000000000e+06 1.537017017574047486e+02 8.494972260151804733e+01 1.092554293199431896e+02 1.247645324075270850e+02 8.756651607468273824e+01 4.227313020853040371e+01 8.823505099673317886e+01 7.944069126962847349e+01 1.671262027975173510e+02 1.095190424801372728e+02 8.950358329657149170e+01
1.000000000000000000e+06 6.906561650728939128e+01 6.512858811314646346e+01 1.527901453753883629e+02 1.337665885239290731e+02 7.464837599541728252e+01 1.653958365894274039e+02 5.369161990679835128e+01 1.265145867203073635e+02 5.118885477688750996e+01 1.189198915231084186e+02 6.247735757671956236e+01
1.000000000000000000e+06 6.391456783117046569e+01 1.009738867465249115e+02 1.093016306375058377e+02 1.063816110255169463e+02 6.428254495337773733e+01 1.083354101378772327e+02 1.622881525561369926e+02 1.636434329500841898e+02 1.467470213326653834e+02 6.301005551698877838e+01 7.943542894183255498e+01
1.000000000000000000e+06 7.329145733762248938e+01 1.053617233505510171e+02 8.701239490418807065e+01 1.032914573246832219e+02 1.099693044755973972e+02 1.196783018448745111e+02 1.573555808045040862e+02 6.127811419856359976e+01 1.668992465808543102e+02 1.105655641460532195e+02 1.501913303149161720e+02
1.000000000000000000e+06 1.497213409415188323e+02 9.419999089363008693e+01 8.629275904503086281e+01 1.154831070344144450e+02 5.222953136371171468e+01 3.859881669688436290e+01 9.284125002305513874e+01 8.480846839886663702e+01 2.219984722386211118e+01 1.046541178686996716e+02 1.381358937839984549e+02
1.000000000000000000e+06 1.245729043039065971e+02 7.449808398191908054e+01 1.079026557695386543e+02 1.061742869331984878e+02 1.236643736188288898e+02 1.401734233472010374e+02 9.586899299688772658e+01 1.391553873832507406e+02 8.216651997289680764e+01 1.651063639242442775e+02 1.559092268892987931e+02
1.000000000000000000e+06 1.427723090795954022e+02 1.101377543592787163e+02 1.228089777166620706e+02 9.774832654348669791e+01 9.374011817603438601e+01 6.001209485353831496e+01 3.827130560980688045e+01 1.090211224660423852e+02 1.703556198258145855e+02 1.777533263768470704e+02 4.621816689297124725e+01
1.000000000000000000e+06 1.416286097114898439e+02 7.761606410939351974e+01 1.794921705060427826e+02 1.198779309130956818e+02 5.173386903288587035e+01 1.308136506827248411e+02 1.075367290084479350e+02 1.142164512777739844e+02 9.777460291814315951e+01 1.192698254830054623e+02 6.579044454554414756e+01
1.000000000000000000e+06 1.664897070603332452e+02 1.101722664020591083e+02 9.542064014021330820e+01 1.580363079343348716e+02 4.500084325135972563e+01 7.094370770435077134e+01 1.866073722569378788e+02 6.630901751638617725e+01 5.989813944146207092e+01 9.753943560522492362e+01 1.815288079514225785e+02
1.000000000000000000e+06 8.100464287609156600e+01 7.821374693242677267e+01 3.774834698716665571e+01 1.300573460096275653e+02 1.062025666188366273e+02 1.000669374275004202e+02 1.099301557235469176e+02 1.598173604969305757e+02 1.292908741870860467e+02 5.132272822482231334e+01 1.305737318630475272e+02
1.000000000000000000e+06 1.179894899291395802e+02 7.543898225233620281e+01 1.190281163582412631e+02 7.966127096099567950e+01 8.503350225274864727e+01 1.387632759674608565e+02 1.709724257350546281e+02 9.285952778163445487e+01 5.570509002745364313e+01 6.861827181977039913e+01 7.751435922133312317e+01
1.000000000000000000e+06 1.183397835892915992e+02 6.744048355391905147e+01 4.441342279838935525e+01 1.280219155010997838e+02 9.322259304217493536e+01 1.061496950815323146e+02 1.075563960199970097e+02 1.620009505101764091e+02 6.226944143020217837e+01 1.761357335113641795e+02 6.547347273046126759e+01
1.000000000000000000e+06 1.505842459395631749e+02 7.250010278877537928e+01 7.096056744493061785e+01 9.097476029929848096e+01 8.258128824739665674e+01 1.621281804959819794e+02 6.475920555294152337e+01 8.471081286869154781e+01 1.218947743142804825e+02 1.563061583450815704e+02 6.783223793392531320e+01
1.000000000000000000e+06 1.374000396193976883e+02 6.465801522818358649e+01 5.163203225245419503e+01 1.097532445257284053e+02 9.102511811325217650e+01 1.444808068151206157e+02 9.278253120878683546e+01 1.718397655980012360e+02 7.718422077315949537e+01 1.671929934100716366e+02 8.814671329300682601e+01
1.000000000000000000e+06 8.279057027744960351e+01 1.170445147797948380e+02 1.152574862991615277e+02 8.064576232327621597e+01 5.269740577325171671e+01 7.908756535665447984e+01 1.711975053686811918e+02 8.716952094805425588e+01 8.519749642735689577e+01 1.081885572308322025e+02 1.299696227079505775e+02
1.000000000000000000e+06 7.843698188628329149e+01 6.803542252182357686e+01 1.215483940378133667e+02 1.506829115232551715e+02 5.881456848816333149e+01 1.249407146102882820e+02 7.202146099762502729e+01 1.225996858216030603e+02 1.533433575780658771e+02 1.694750959116897491e+02 7.690625453936515044e+01
1.000000000000000000e+06 1.234184764037447621e+02 1.006889233143279796e+02 1.448401323980588415e+02 1.849304081441204630e+02 6.489491048721245647e+01 5.676078530083130147e+01 1.111371073628484680e+02 7.112137084748820826e+01 1.233073592027447205e+02 1.320336343463977187e+02 7.244249619664358875e+01
1.000000000000000000e+06 1.380007678193044001e+02 1.000927880342194953e+02 7.832684051121326263e+01 9.693125885241175865e+01 1.330271507222796572e+02 7.919937318054439856e+01 1.485951431257958859e+02 1.058688284815195431e+02 1.711012102898332046e+02 1.699792202539503876e+02 7.557477010025499453e+01
1.000000000000000000e+06 1.300134350532722465e+02 9.006951368207012365e+01 1.774556533583435112e+02 1.201136412151065258e+02 3.819955316838763792e+01 1.095069451124358864e+02 5.821037120743915239e+01 1.471360854669148353e+02 9.108559808044957151e+01 9.238356676465893713e+01 1.213062658537358516e+02
1.000000000000000000e+06 1.681437052299340849e+02 9.148843919755327647e+01 1.124114041210847290e+02 7.860646959196311911e+01 8.140846163445422690e+01 4.829660069000763656e+01 1.005096206947092554e+02 9.238980779642774621e+01 1.325986938765339005e+02 1.876804936734316414e+02 4.202903654645792386e+01
1.000000000000000000e+06 8.068234741121253251e+01 9.117990244279366152e+01 1.624762581453437349e+02 1.803180874425817706e+02 4.329176884525579538e+01 1.664116018988248129e+02 9.742151164269512265e+01 7.988289042618944791e+01 8.567421588105146668e+01 1.673408836836091780e+02 8.558748986592513575e+01
1.000000000000000000e+06 5.786567239495165893e+01 7.869510505432450032e+01 6.178920911386167347e+01 1.363904910208931938e+02 9.947532593460086048e+01 1.625526283036012956e+02 1.865047252866969814e+02 1.761566894026895227e+02 1.033161789826907437e+02 1.596646595317945980e+02 7.179574511569893502e+01
1.000000000000000000e+06 1.560618838518830103e+02 8.701341567680997002e+01 1.141147932805213259e+02 1.346043500811707929e+02 6.523858122950461791e+01 1.359497829391614232e+02 4.578264542108974666e+01 1.700896520531153726e+02 5.976780494583875480e+01 7.528742884222286591e+01 5.534051029419480017e+01
1.000000000000000000e+06 1.735436256013878449e+02 8.581857169086082138e+01 7.127436640786085320e+01 1.678786185943812370e+02 6.567224472294108750e+01 1.196660339768269239e+02 1.595640901345531120e+02 4.666287110438611307e+01 1.873971027679463930e+02 8.862199649736321305e+01 1.720876995992356342e+02
1.000000000000000000e+06 1.607863823594763062e+02 8.009733884390490743e+01 8.194022898429325608e+01 9.044574698197072848e+01 6.672695247742917957e+01 1.720465646842644105e+02 1.666582426063737898e+02 5.646466449672511345e+01 4.735911901520977096e+01 1.188980404047755997e+02 1.366056295991016896e+02
1.000000000000000000e+06 1.855074533864047908e+02 6.743959213534034802e+01 1.274568800395823871e+02 1.137194364179366630e+02 1.300781832980266302e+02 9.509230679615274084e+01 7.314466960474510415e+01 6.655922987788889600e+01 8.759688926296074385e+01 1.664809724233628856e+02 1.898128703655242475e+02
1.000000000000000000e+06 3.452219638889268083e+01 1.055291938339640438e+02 5.989053909730061065e+01 1.739848024106910032e+02 1.009561439389883049e+02 7.019522121118129121e+01 1.931731938894855602e+02 7.367382102984821302e+01 1.042697135552895418e+02 1.184813266497196622e+02 1.439480653935626151e+02
1.000000000000000000e+06 8.828778377499810404e+01 7.729941875027266462e+01 7.806423419299552791e+01 1.109317703741013048e+02 1.248321766291376349e+02 5.257477883472319746e+01 4.408426331197095749e+01 7.478807329591586495e+01 2.619430844140458703e+01 9.726112396962554385e+01 1.458390106001820641e+02
1.000000000000000000e+06 1.273630328310458424e+02 6.983168822117484353e+01 4.140070411493334035e+01 5.659075587138033825e+01 7.273507548255958000e+01 1.693296122581984093e+02 5.823107400997605509e+01 1.542121215525111495e+02 6.852364565509698480e+01 1.068781505354993868e+02 7.843682723961119052e+01
1.000000000000000000e+06 1.569875553770565659e+02 5.742978305281823026e+01 1.215504127629434663e+02 1.396701553988544333e+02 5.323185804985828895e+01 9.595873204579054061e+01 7.076643041174885695e+01 8.316834213555125643e+01 1.938355232252591804e+02 1.237535947309140312e+02 1.605807957913835651e+02
