280	0.1458145742530973	1e-301	0.8541854257469027
285	0.14927132254736836	0.0	0.8507286774526317
290	0.15154255547880996	0.0	0.8484574445211901
295	0.15290291025381939	0.0	0.8470970897461806
300	0.15371993286730629	0.0	0.8462800671326938
305	0.1538247136538355	0.0	0.8461752863461645
310	0.15322339141105792	0.0	0.8467766085889421
315	0.1520058878126816	0.0	0.8479941121873185
320	0.1502197378750801	0.0	0.8497802621249199
325	0.14740155107598157	0.0	0.8525984489240184
330	0.1442732357944894	0.0	0.8557267642055106
335	0.13995689089573032	0.0	0.8600431091042697
340	0.13529945788686096	0.0	0.8647005421131391
345	0.1298134664819815	0.0	0.8701865335180186
350	0.12386692128222017	0.0	0.8761330787177798
355	0.11732434122709191	0.0	0.8826756587729081
360	0.1101708823145975	0.0	0.8898291176854025
365	0.1017765868778156	0.0	0.8982234131221845
370	0.09264846305680682	0.0	0.9073515369431931
375	0.08370543688646137	0.0	0.9162945631135386
380	0.07464338118668457	0.0	0.9253566188133154
385	0.06604039785080104	0.0	0.9339596021491989
390	0.058077419410575815	0.0	0.9419225805894242
395	0.05072696930462165	0.0	0.9492730306953784
400	0.043848745715855474	0.0	0.9561512542841445
405	0.038002204198531855	0.0	0.9619977958014682
410	0.03255116714263685	0.0	0.9674488328573632
415	0.027647125033464986	0.0	0.972352874966535
420	0.02337527017443593	0.0	0.976624729825564
425	0.019700809621836003	0.0	0.980299190378164
430	0.016504532314384975	0.0	0.983495467685615
435	0.013763529233113206	0.0	0.9862364707668868
440	0.011446765871925299	0.0	0.9885532341280747
445	0.009532550371968452	0.0	0.9904674496280316
450	0.007949030006252725	0.0	0.9920509699937473
455	0.006645902001486388	0.0	0.9933540979985136
460	0.005638480210375269	0.0	0.9943615197896247
465	0.004871459647444126	0.0	0.9951285403525558
470	0.0042921063738616105	0.0	0.9957078936261384
475	0.003881824582226755	0.0	0.9961181754177733
480	0.0036828645434665544	0.0	0.9963171354565334
485	0.0036622762410670655	0.0	0.9963377237589329
490	0.0036951931477163602	0.0	0.9963048068522836
495	0.0038076915745271192	0.0	0.9961923084254729
500	0.004023707041263002	0.0	0.995976292958737
505	0.004326868949975066	0.0	0.995673131050025
510	0.004769227947735782	0.0	0.9952307720522642
515	0.005285488882639018	0.0	0.994714511117361
520	0.005868904508829141	0.0	0.9941310954911708
525	0.006490096748951075	0.0	0.9935099032510489
530	0.0071202417246379705	0.0	0.992879758275362
535	0.0077391697253111425	0.0	0.9922608302746888
540	0.008326446718241873	0.0	0.9916735532817581
545	0.008826160771238337	0.0	0.9911738392287617
550	0.00927867561438895	0.0	0.990721324385611
555	0.009638378689712169	0.0	0.9903616213102878
560	0.009932839806900353	0.0	0.9900671601930996
565	0.010151063868804117	0.0	0.9898489361311958
570	0.010277655021603252	0.0	0.9897223449783967
575	0.010371632174318537	0.0	0.9896283678256814
580	0.010505472740241687	0.0	0.9894945272597583
585	0.010638817381044935	0.0	0.9893611826189551
590	0.010735597359716053	0.0	0.9892644026402839
595	0.010814608091259462	0.0	0.9891853919087406
600	0.010857797559343473	0.0	0.9891422024406565
605	0.010864241675854766	0.0	0.9891357583241452
610	0.010821858510864254	0.0	0.9891781414891357
615	0.010751181161747414	0.0	0.9892488188382526
620	0.010656274191728824	0.0	0.9893437258082711
625	0.010580980043103745	0.0	0.9894190199568963
630	0.010484671895515595	0.0	0.9895153281044844
635	0.010368936995009724	0.0	0.9896310630049903
640	0.01023508160635055	0.0	0.9897649183936494
645	0.010083376373435452	0.0	0.9899166236265645
650	0.009916500929370211	0.0	0.9900834990706298
655	0.009743215509609918	0.0	0.9902567844903901
660	0.009563934301340065	0.0	0.9904360656986599
665	0.009372723325390096	0.0	0.9906272766746099
670	0.009172177151040005	0.0	0.99082782284896
675	0.008939271517293668	0.0	0.9910607284827063
680	0.008692303018211271	0.0	0.9913076969817888
685	0.008435390002096003	0.0	0.991564609997904
690	0.008161745465255792	0.0	0.9918382545347442
695	0.00785658842627474	0.0	0.9921434115737252
700	0.0075568662118249245	0.0	0.9924431337881751
705	0.007265825218153166	0.0	0.9927341747818468
710	0.006972668876760257	0.0	0.9930273311232397
715	0.006666939912234038	0.0	0.993333060087766
720	0.00638708624004168	0.0	0.9936129137599583
725	0.006135927860580844	0.0	0.9938640721394192
730	0.005917656156604763	0.0	0.9940823438433952
735	0.005747183004621547	0.0	0.9942528169953785
740	0.005620335618862276	0.0	0.9943796643811377
745	0.005537437317218217	0.0	0.9944625626827818
750	0.005498524158408431	0.0	0.9945014758415915
755	0.005520769017225367	0.0	0.9944792309827747
760	0.005595515927553312	0.0	0.9944044840724466
765	0.005714335212159736	0.0	0.9942856647878403
770	0.005874816655917646	0.0	0.9941251833440824
775	0.006074776938382765	0.0	0.9939252230616172
780	0.006320565622216227	0.0	0.9936794343777837
785	0.006587623525930025	0.0	0.99341237647407
790	0.0068730503229418975	0.0	0.9931269496770581
795	0.007174088045507461	0.0	0.9928259119544925
800	0.007487687688193039	0.0	0.9925123123118069
805	0.007794867802707671	0.0	0.9922051321972923
810	0.008110014285669483	0.0	0.9918899857143305
815	0.00843126279456134	0.0	0.9915687372054387
820	0.008756719218143237	0.0	0.9912432807818568
825	0.00908470675623739	0.0	0.9909152932437626
830	0.009417815939452043	0.0	0.990582184060548
835	0.009752005159582657	0.0	0.9902479948404174
840	0.01008357341993429	0.0	0.9899164265800657
845	0.010411114374639908	0.0	0.9895888856253601
850	0.01073318087360411	0.0	0.9892668191263959
855	0.011048568818930547	0.0	0.9889514311810694
860	0.01133038931200353	0.0	0.9886696106879964
865	0.01160166309007585	0.0	0.9883983369099242
870	0.011862156077587213	0.0	0.9881378439224128
875	0.012111375732054432	0.0	0.9878886242679455
880	0.012348705881428605	0.0	0.9876512941185714
885	0.012573826196931441	0.0	0.9874261738030685
890	0.0127904919189062	0.0	0.9872095080810938
895	0.012995360549565613	0.0	0.9870046394504344
900	0.013187564850892453	0.0	0.9868124351491075
905	0.013366978139954057	0.0	0.986633021860046
910	0.013533360877013074	0.0	0.9864666391229869
915	0.01368672437662486	0.0	0.9863132756233751
920	0.013818858085265331	0.0	0.9861811419147347
925	0.013921531357410208	0.0	0.9860784686425897
930	0.014012342774064865	0.0	0.9859876572259352
935	0.014091610446078765	0.0	0.9859083895539212
940	0.014159514629599093	0.0	0.9858404853704009
945	0.014216405119901548	0.0	0.9857835948800985
950	0.014262530984201435	0.0	0.9857374690157986
955	0.014303544669866032	0.0	0.985696455330134
960	0.014349418909969398	0.0	0.9856505810900306
965	0.014385405149392815	0.0	0.9856145948506072
970	0.014411690431465684	0.0	0.9855883095685343
975	0.01442863910031521	0.0	0.9855713608996848
980	0.014436419412729003	0.0	0.985563580587271
985	0.014435418293899813	0.0	0.9855645817061002
990	0.014425855749768204	0.0	0.9855741442502318
995	0.014395537763817625	0.0	0.9856044622361824
1000	0.01435193545580633	0.0	0.9856480645441936
1005	0.014303816116773619	0.0	0.9856961838832263
1010	0.01425135391202897	0.0	0.9857486460879711
1015	0.014194981132565034	0.0	0.985805018867435
1020	0.014134897379250243	0.0	0.9858651026207498
1025	0.014071521440775132	0.0	0.9859284785592248
1030	0.014005038065985777	0.0	0.9859949619340143
1035	0.013953603166412715	0.0	0.9860463968335873
1040	0.013924973280040467	0.0	0.9860750267199595
1045	0.013892238091780657	0.0	0.9861077619082194
1050	0.013855515054494573	0.0	0.9861444849455054
1055	0.013815064172312328	0.0	0.9861849358276876
1060	0.013771006553681365	0.0	0.9862289934463186
1065	0.013723625411348797	0.0	0.9862763745886513
1070	0.013672997338471177	0.0	0.9863270026615288
1075	0.013619428334845692	0.0	0.9863805716651544
1080	0.013564038999465827	0.0	0.9864359610005342
1085	0.01350760546146116	0.0	0.9864923945385389
1090	0.01344872786332837	0.0	0.9865512721366716
1095	0.013387651207609753	0.0	0.9866123487923902
1100	0.013324526546327955	0.0	0.986675473453672
1105	0.013259568221672456	0.0	0.9867404317783276
1110	0.013192870589592448	0.0	0.9868071294104076
1115	0.013124759709397372	0.0	0.9868752402906026
1120	0.01305527126199555	0.0	0.9869447287380044
1125	0.012984698930167394	0.0	0.9870153010698326
1130	0.012919619606354104	0.0	0.9870803803936459
1135	0.012857502142222981	0.0	0.987142497857777
1140	0.012793943852682427	0.0	0.9872060561473176
1145	0.012729212215686146	0.0	0.9872707877843139
1150	0.012663378233631227	0.0	0.9873366217663688
1155	0.012596741420759103	0.0	0.9874032585792409
1160	0.012529408999834674	0.0	0.9874705910001653
1165	0.01246164496725509	0.0	0.9875383550327449
1170	0.012393520116081018	0.0	0.987606479883919
1175	0.012325332083686249	0.0	0.9876746679163138
1180	0.012257189779616911	0.0	0.9877428102203831
1185	0.012182134423728064	0.0	0.9878178655762719
1190	0.012105628263231201	0.0	0.9878943717367688
1195	0.012029636025460096	0.0	0.9879703639745399
1200	0.011954313609293468	0.0	0.9880456863907066
1205	0.011879877117991492	0.0	0.9881201228820085
1210	0.011806526067294529	0.0	0.9881934739327055
1215	0.011734428981045247	0.0	0.9882655710189547
1220	0.0116637427448332	0.0	0.9883362572551668
1225	0.011594716316407253	0.0	0.9884052836835927
1230	0.011527462993887277	0.0	0.9884725370061127
1235	0.011462179828342325	0.0	0.9885378201716577
1240	0.01139902377920568	0.0	0.9886009762207943
1245	0.01133532959908352	0.0	0.9886646704009164
1250	0.011273888413691535	0.0	0.9887261115863084
1255	0.011214933476932271	0.0	0.9887850665230677
1260	0.011158523738972234	0.0	0.9888414762610278
1265	0.011104936535182103	0.0	0.9888950634648179
1270	0.011049788852388033	0.0	0.988950211147612
1275	0.010997890913525802	0.0	0.9890021090864742
1280	0.010949508232452991	0.0	0.989050491767547
1285	0.01090480818318093	0.0	0.989095191816819
1290	0.010863840770258325	0.0	0.9891361592297416
1295	0.01082258411009835	0.0	0.9891774158899016
1300	0.01078385416632938	0.0	0.9892161458336706
1305	0.010748872378009542	0.0	0.9892511276219904
1310	0.010717737729656212	0.0	0.9892822622703438
1315	0.010690648957729178	0.0	0.9893093510422708
1320	0.010666691459667971	0.0	0.9893333085403321
1325	0.010643279827529056	0.0	0.9893567201724709
1330	0.010624321456942903	0.0	0.9893756785430571
1335	0.010610006187743489	0.0	0.9893899938122566
1340	0.010600428546307716	0.0	0.9893995714536923
1345	0.010595771148227455	0.0	0.9894042288517726
1350	0.010589749180035331	0.0	0.9894102508199647
1355	0.01057891317045226	0.0	0.9894210868295478
1360	0.010572827477670459	0.0	0.9894271725223296
1365	0.01057166874906883	0.0	0.9894283312509312
1370	0.010575529054087957	0.0	0.989424470945912
1375	0.010584577090566856	0.0	0.9894154229094332
1380	0.010593042652685803	0.0	0.9894069573473142
1385	0.010598136184595076	0.0	0.989401863815405
1390	0.010608662148855476	0.0	0.9893913378511445
1395	0.010624863129549203	0.0	0.9893751368704508
1400	0.01064691044913746	0.0	0.9893530895508625
1405	0.010674818075028545	0.0	0.9893251819249714
1410	0.010703086395981725	0.0	0.9892969136040183
1415	0.01071446523072561	0.0	0.9892855347692744
1420	0.010731366048638172	0.0	0.9892686339513618
1425	0.010754117482562064	0.0	0.989245882517438
1430	0.010775096149973412	0.0	0.9892249038500266
1435	0.010803623835364783	0.0	0.9891963761646352
1440	0.010839926059166272	0.0	0.9891600739408337
1445	0.010859647192572083	0.0	0.989140352807428
1450	0.010871409132400327	0.0	0.9891285908675996
1455	0.010892101948115027	0.0	0.9891078980518849
1460	0.010932656995902864	0.0	0.9890673430040972
1465	0.011032569832570107	0.0	0.9889674301674299
1470	0.011154495212893968	0.0	0.988845504787106
1475	0.01129893643541799	0.0	0.988701063564582
1480	0.011524982511288974	0.0	0.988475017488711
1485	0.011787693762941573	0.0	0.9882123062370585
1490	0.012072153098986651	0.0	0.9879278469010133
1495	0.012388060031821474	0.0	0.9876119399681785
1500	0.012761194964036065	0.0	0.987238805035964
1505	0.01315145093735515	0.0	0.9868485490626449
1510	0.013558409816320593	0.0	0.9864415901836794
1515	0.013957356794642313	0.0	0.9860426432053577
1520	0.014352504443744847	0.0	0.9856474955562552
1525	0.014758947679276407	0.0	0.9852410523207236
1530	0.015176319478974127	0.0	0.9848236805210259
1535	0.015604599687871888	0.0	0.9843954003121281
1540	0.016043302345088436	0.0	0.9839566976549116
1545	0.016492403545718657	0.0	0.9835075964542813
1550	0.016951403177278317	0.0	0.9830485968227217
1555	0.017383266548954803	0.0	0.9826167334510452
1560	0.017823981976229177	0.0	0.9821760180237709
1565	0.018273433727487496	0.0	0.9817265662725125
1570	0.018731482162651525	0.0	0.9812685178373485
1575	0.019198007583882033	0.0	0.980801992416118
1580	0.019672868193773844	0.0	0.9803271318062261
1585	0.020155940758965485	0.0	0.9798440592410345
1590	0.020646956069687902	0.0	0.9793530439303121
1595	0.021172307187121178	0.0	0.9788276928128788
1600	0.02170626327506506	0.0	0.9782937367249349
1605	0.022248866328756306	0.0	0.9777511336712437
1610	0.02279962584399159	0.0	0.9772003741560085
1615	0.023358583480926353	0.0	0.9766414165190737
1620	0.023925239132675837	0.0	0.9760747608673241
1625	0.024499499608789287	0.0	0.9755005003912107
1630	0.025081124799224457	0.0	0.9749188752007756
1635	0.025657893993810008	0.0	0.97434210600619
1640	0.026240838048028833	0.0	0.9737591619519712
1645	0.02682975402082137	0.0	0.9731702459791787
1650	0.02742442712743265	0.0	0.9725755728725674
1655	0.028024653381821595	0.0	0.9719753466181784
1660	0.02863007464110676	0.0	0.9713699253588932
1665	0.029240772274196237	0.0	0.9707592277258038
1670	0.02985639207446366	0.0	0.9701436079255363
1675	0.030476580742299204	0.0	0.9695234192577008
1680	0.031095439917619625	0.0	0.9689045600823804
1685	0.03171711147716665	0.0	0.9682828885228334
1690	0.032341670820960226	0.0	0.9676583291790398
1695	0.032968606218849436	0.0	0.9670313937811506
1700	0.03359784922274794	0.0	0.9664021507772521
1705	0.03422919065436876	0.0	0.9657708093456312
1710	0.034862417273354734	0.0	0.9651375827266453
1715	0.035497478416677594	0.0	0.9645025215833224
1720	0.03613385621639573	0.0	0.9638661437836042
1725	0.03676275045773676	0.0	0.9632372495422632
1730	0.037386311898316364	0.0	0.9626136881016837
1735	0.03800990638562447	0.0	0.9619900936143755
1740	0.038633683636330025	0.0	0.96136631636367
1745	0.039257326329410994	0.0	0.960742673670589
1750	0.03988067487707464	0.0	0.9601193251229254
1755	0.04050341403790826	0.0	0.9594965859620918
1760	0.04112571345792208	0.0	0.958874286542078
1765	0.04174726472653389	0.0	0.9582527352734661
1770	0.04236775794762663	0.0	0.9576322420523734
1775	0.04297833829308215	0.0	0.9570216617069178
1780	0.04358699830177917	0.0	0.9564130016982209
1785	0.04419646373816629	0.0	0.9558035362618337
1790	0.04480636215376818	0.0	0.9551936378462318
1795	0.045416820461650784	0.0	0.9545831795383493
1800	0.04602797211570917	0.0	0.9539720278842908
1805	0.046639450363651844	0.0	0.9533605496363482
1810	0.04725139528929869	0.0	0.9527486047107013
1815	0.047863781501813085	0.0	0.952136218498187
1820	0.04847658934959175	0.0	0.9515234106504082
1825	0.04909235108211158	0.0	0.9509076489178884
1830	0.049712835762457885	0.0	0.9502871642375421
1835	0.050334426479560934	0.0	0.9496655735204391
1840	0.05095712460314428	0.0	0.9490428753968557
1845	0.05158093042209136	0.0	0.9484190695779087
1850	0.05220585236530824	0.0	0.9477941476346917
1855	0.05283189699796653	0.0	0.9471681030020335
1860	0.053459080003009724	0.0	0.9465409199969903
1865	0.05408723932668925	0.0	0.9459127606733108
1870	0.05471674781020606	0.0	0.9452832521897939
1875	0.055347450621240066	0.0	0.94465254937876
1880	0.05597674934628553	0.0	0.9440232506537145
1885	0.05659683015500136	0.0	0.9434031698449986
1890	0.057216614627870054	0.0	0.9427833853721299
1895	0.05783646756787667	0.0	0.9421635324321234
1900	0.058456057153678014	0.0	0.941543942846322
1905	0.05907575817516117	0.0	0.9409242418248388
1910	0.05969524626533232	0.0	0.9403047537346677
1915	0.0603149065137871	0.0	0.9396850934862129
1920	0.060934422483070794	0.0	0.9390655775169292
1925	0.06155400942775395	0.0	0.9384459905722461
1930	0.062173900864488686	0.0	0.9378260991355113
1935	0.0627937808497911	0.0	0.9372062191502089
1940	0.06342219151281867	0.0	0.9365778084871813
1945	0.0640574547232753	0.0	0.9359425452767247
1950	0.06469439386127455	0.0	0.9353056061387255
1955	0.06533310159993182	0.0	0.9346668984000682
1960	0.06597387423185291	0.0	0.934026125768147
1965	0.0666164496883349	0.0	0.9333835503116651
1970	0.06726113662770812	0.0	0.9327388633722918
1975	0.06790805120803033	0.0	0.9320919487919697
1980	0.068557332799239	0.0	0.931442667200761
1985	0.06920911052208654	0.0	0.9307908894779134
1990	0.06986335277525624	0.0	0.9301366472247438
1995	0.07052057313175351	0.0	0.9294794268682465
2000	0.07118075584748185	0.0	0.9288192441525182
2005	0.07181463247819551	0.0	0.9281853675218045
2010	0.07245224685360395	0.0	0.927547753146396
2015	0.07309369122221765	0.0	0.9269063087777824
2020	0.07373965379978041	0.0	0.9262603462002196
2025	0.07439025469211574	0.0	0.9256097453078842
2030	0.0750458382461875	0.0	0.9249541617538125
2035	0.07570655301665494	0.0	0.924293446983345
2040	0.07637315264998426	0.0	0.9236268473500158
2045	0.07704562983222538	0.0	0.9229543701677746
2050	0.07772477531645848	0.0	0.9222752246835415
2055	0.07841080621587848	0.0	0.9215891937841215
2060	0.07910398471398007	0.0	0.9208960152860199
2065	0.07980513590483175	0.0	0.9201948640951683
2070	0.08055644817940313	0.0	0.9194435518205969
2075	0.08133102851121873	0.0	0.9186689714887812
2080	0.08211965751861905	0.0	0.917880342481381
2085	0.08292262237579849	0.0	0.9170773776242015
2090	0.08374103631089602	0.0	0.916258963689104
2095	0.084575241622015	0.0	0.915424758377985
2100	0.08542622127208532	0.0	0.9145737787279147
2105	0.08629495698061437	0.0	0.9137050430193856
2110	0.08718192582457958	0.0	0.9128180741754204
2115	0.08808816987625515	0.0	0.9119118301237449
2120	0.0890146188828536	0.0	0.9109853811171464
2125	0.08996220151617755	0.0	0.9100377984838225
2130	0.09093212237472734	0.0	0.9090678776252726
2135	0.09192499882035873	0.0	0.9080750011796412
2140	0.09298075804767619	0.0	0.9070192419523238
2145	0.09412367509604068	0.0	0.9058763249039593
2150	0.0952986885321671	0.0	0.904701311467833
2155	0.09650704615583548	0.0	0.9034929538441645
2160	0.0977500863231151	0.0	0.9022499136768849
2165	0.0990291397945294	0.0	0.9009708602054706
2170	0.10034563261109815	0.0	0.8996543673889018
2175	0.10170098146281276	0.0	0.8982990185371873
2180	0.10309670285834786	0.0	0.8969032971416522
2185	0.10453430163638223	0.0	0.8954656983636178
2190	0.1060153866722168	0.0	0.8939846133277832
2195	0.10754155212404097	0.0	0.8924584478759591
2200	0.10911449991607443	0.0	0.8908855000839255
2205	0.11073591327947921	0.0	0.8892640867205208
2210	0.11240758624476607	0.0	0.8875924137552339
2215	0.1141342802731201	0.0	0.8858657197268799
2220	0.11592595181770163	0.0	0.8840740481822984
2225	0.11776994637679586	0.0	0.8822300536232042
2230	0.11966791856062829	0.0	0.8803320814393717
2235	0.12162147232048767	0.0	0.8783785276795123
2240	0.12363209850669601	0.0	0.876367901493304
2245	0.12570185559810151	0.0	0.8742981444018985
2250	0.12783227031287372	0.0	0.8721677296871263
2255	0.13002479242087023	0.0	0.8699752075791298
2260	0.1322816017670885	0.0	0.8677183982329115
2265	0.13460415450763816	0.0	0.8653958454923618
2270	0.13699399090143607	0.0	0.863006009098564
2275	0.13945319145192375	0.0	0.8605468085480763
2280	0.14198305588492363	0.0	0.8580169441150763
2285	0.14458562444613657	0.0	0.8554143755538635
2290	0.14726235778538865	0.0	0.8527376422146113
2295	0.15001456869226226	0.0	0.8499854313077377
2300	0.15291121544638092	0.0	0.847088784553619
2305	0.15590059307889664	0.0	0.8440994069211034
2310	0.158967093758277	0.0	0.841032906241723
2315	0.16211098316004746	0.0	0.8378890168399525
2320	0.16533341683403902	0.0	0.834666583165961
2325	0.16863441760092698	0.0	0.831365582399073
2330	0.1720146655290785	0.0	0.8279853344709215
2335	0.1754745783116933	0.0	0.8245254216883067
2340	0.17901387069439875	0.0	0.8209861293056012
2345	0.18263287358876615	0.0	0.8173671264112339
2350	0.1863309729308822	0.0	0.8136690270691178
2355	0.19010793001235363	0.0	0.8098920699876464
2360	0.19396346211112964	0.0	0.8060365378888703
2365	0.19789626794902393	0.0	0.8021037320509761
2370	0.20190568713122595	0.0	0.7980943128687741
2375	0.205990725862123	0.0	0.794009274137877
2380	0.21014964322785823	0.0	0.7898503567721418
2385	0.21435172066108737	0.0	0.7856482793389126
2390	0.21849810295989328	0.0	0.7815018970401068
2395	0.22269826728369277	0.0	0.7773017327163072
2400	0.22694983789064624	0.0	0.7730501621093537
2405	0.23125088163069954	0.0	0.7687491183693005
2410	0.23559928616037287	0.0	0.7644007138396272
2415	0.23999269226913075	0.0	0.7600073077308692
2420	0.2444290518049772	0.0	0.7555709481950228
2425	0.24890537617034947	0.0	0.7510946238296505
2430	0.25341948186939073	0.0	0.7465805181306093
2435	0.2579687368373079	0.0	0.7420312631626921
2440	0.2625506268997807	0.0	0.7374493731002193
2445	0.2671624454346715	0.0	0.7328375545653285
2450	0.2718016260237396	0.0	0.7281983739762604
2455	0.27646543000950313	0.0	0.7235345699904969
2460	0.28115128043560994	0.0	0.71884871956439
2465	0.285856447906724	0.0	0.714143552093276
2470	0.2905786225151136	0.0	0.7094213774848863
2475	0.29531464672943797	0.0	0.704685353270562
2480	0.30006227611048886	0.0	0.6999377238895111
2485	0.30504017949220336	0.0	0.6949598205077967
2490	0.31002169668456814	0.0	0.6899783033154319
2495	0.3150039177934191	0.0	0.6849960822065809
2500	0.3199839595019244	0.0	0.6800160404980756
2550	0.37720654719580315	0.0	0.6227934528041968
2600	0.42170669656119447	0.0	0.5782933034388056
2650	0.45909038212997555	0.0	0.5409096178700245
2700	0.49356048457264823	0.0	0.5064395154273518
2750	0.5243854464734067	0.0	0.4756145535265933
2800	0.5529427423064626	0.0	0.44705725769353744
2850	0.5790104144489853	0.0	0.42098958555101473
2900	0.6030507228023763	0.0	0.39694927719762374
2950	0.62542026881022	0.0	0.37457973118978005
3000	0.6483760173798397	0.0	0.35162398262016026
3050	0.6699263327384138	0.0	0.33007366726158616
3100	0.69007603128468	0.0	0.30992396871532
3150	0.7108879663667178	0.0	0.2891120336332822
3200	0.7304579101487938	0.0	0.2695420898512062
3250	0.748874403285251	0.0	0.251125596714749
3300	0.7659931570702725	0.0	0.2340068429297275
3350	0.7820153123454601	0.0	0.21798468765453993
3400	0.7970946416591175	0.0	0.20290535834088252
3450	0.8114952082769705	0.0	0.18850479172302947
3500	0.8265054067283306	0.0	0.17349459327166938
3550	0.8406359779669788	0.0	0.15936402203302125
3600	0.8538957718633261	0.0	0.1461042281366739
3650	0.8662188305991836	0.0	0.1337811694008164
3700	0.8767973275547161	0.0	0.12320267244528393
3750	0.8863411868848154	0.0	0.11365881311518455
3800	0.8948682523698344	0.0	0.10513174763016564
3850	0.9024341898205993	0.0	0.09756581017940069
3900	0.9087890929755973	0.0	0.09121090702440271
3950	0.9140556606223316	0.0	0.08594433937766843
4000	0.9186886677728707	0.0	0.08131133222712927
4050	0.9227927898516071	0.0	0.07720721014839294
4100	0.9264490731213958	0.0	0.0735509268786042
4150	0.9293836136853495	0.0	0.0706163863146505
4200	0.9313964491035843	0.0	0.06860355089641568
4250	0.9332339234695304	0.0	0.06676607653046962
4300	0.9349216014049068	0.0	0.06507839859509323
4350	0.9364781970383875	0.0	0.06352180296161247
4400	0.9379217149551691	0.0	0.06207828504483093
4450	0.9392659131530412	0.0	0.0607340868469588
4500	0.9405226578182556	0.0	0.059477342181744386
4550	0.9417016623091443	0.0	0.058298337690855684
4600	0.9428112073064551	0.0	0.05718879269354493
4650	0.943858430027703	0.0	0.05614156997229702
4700	0.9448494295206965	0.0	0.055150570479303496
4750	0.9457889357108704	0.0	0.054211064289129585
4800	0.9466823206988816	0.0	0.053317679301118415
4850	0.9475335330079224	0.0	0.052466466992077576
4900	0.9483459620583143	0.0	0.05165403794168566
4950	0.9491223579275458	0.0	0.050877642072454154
5000	0.9497024327290906	0.0	0.050297567270909393
5050	0.9502273685960865	0.0	0.049772631403913525
5100	0.9507354873084906	0.0	0.04926451269150944
5150	0.9512280217800366	0.0	0.048771978219963374
5200	0.9517052418546966	0.0	0.048294758145303374
5250	0.9521693643617878	0.0	0.047830635638212216
5300	0.9526198037039328	0.0	0.047380196296067156
5350	0.9530583105822746	0.0	0.04694168941772536
5400	0.9534856707894478	0.0	0.04651432921055221
5450	0.9539016841288115	0.0	0.04609831587118851
5500	0.9543075545258106	0.0	0.04569244547418938
5550	0.9547038857686831	0.0	0.04529611423131685
5600	0.9550910717861818	0.0	0.0449089282138182
5650	0.9554693399541673	0.0	0.044530660045832726
5700	0.9558391750821267	0.0	0.04416082491787332
5750	0.956201199376709	0.0	0.043798800623291
5800	0.9565552998619884	0.0	0.043444700138011605
5850	0.9569023713492482	0.0	0.04309762865075184
5900	0.9572422743723543	0.0	0.04275772562764568
5950	0.9575759177037977	0.0	0.042424082296202315
6000	0.9579030418775315	0.0	0.0420969581224685
6050	0.9582238054378708	0.0	0.04177619456212922
6100	0.9585388560605417	0.0	0.04146114393945832
6150	0.9588481056944396	0.0	0.04115189430556043
6200	0.959150149245048	0.0	0.040849850754951955
6250	0.9593492896009894	0.0	0.04065071039901058
6300	0.9595472766076751	0.0	0.04045272339232486
6350	0.9597441236704586	0.0	0.04025587632954142
6400	0.959940025874488	0.0	0.04005997412551199
6450	0.9601349113889909	0.0	0.039865088611009125
6500	0.9603287213456158	0.0	0.039671278654384245
6550	0.9605214062907609	0.0	0.03947859370923912
6600	0.9607131816250583	0.0	0.039286818374941745
6650	0.9609036991160014	0.0	0.039096300883998625
6700	0.9610933357546105	0.0	0.038906664245389466
6750	0.9612819327542075	0.0	0.03871806724579252
6800	0.9614694892653479	0.0	0.03853051073465208
6850	0.9616558640790623	0.0	0.03834413592093766
6900	0.961821673204247	0.0	0.03817832679575295
6950	0.9619252994032077	0.0	0.0380747005967923
7000	0.9620303167782274	0.0	0.03796968322177263
7050	0.962137040484658	0.0	0.03786295951534202
7100	0.9622449347365707	0.0	0.03775506526342931
7150	0.9623538798670133	0.0	0.03764612013298674
7200	0.9624637583037573	0.0	0.0375362416962427
7250	0.9625741726903454	0.0	0.0374258273096546
7300	0.9626848618682009	0.0	0.0373151381317991
7350	0.9627954801389971	0.0	0.03720451986100293
7400	0.9629049489316451	0.0	0.03709505106835487
7450	0.9630125422863461	0.0	0.03698745771365386
7500	0.9631169038090699	0.0	0.03688309619093011
7550	0.963215911676979	0.0	0.03678408832302105
7600	0.9633068203237526	0.0	0.03669317967624741
7650	0.9633845377433412	0.0	0.03661546225665879
7700	0.9634434034467295	0.0	0.03655659655327048
7750	0.9634743454160937	0.0	0.03652565458390633
7800	0.963438895502501	0.0	0.03656110449749905
7850	0.9633548075242653	0.0	0.03664519247573472
7900	0.9632137556526486	0.0	0.03678624434735145
7950	0.9630170873151251	0.0	0.03698291268487486
8000	0.9627799899658661	0.0	0.03722001003413389
8050	0.9625250599816041	0.0	0.03747494001839591
8100	0.9622676180612462	0.0	0.037732381938753834
8150	0.9620054957657259	0.0	0.037994504234274085
8200	0.9617245252407395	0.0	0.03827547475926052
8250	0.9614219784814687	0.0	0.03857802151853129
8300	0.961130500417724	0.0	0.038869499582276035
8350	0.9609010830150054	0.0	0.03909891698499457
8400	0.96075684718208	0.0	0.03924315281792001
8450	0.9606779685241038	0.0	0.03932203147589619
8500	0.9606287275564874	0.0	0.03937127244351257
8550	0.9606183393425238	0.0	0.03938166065747617
8600	0.9606956207817365	0.0	0.03930437921826346
8650	0.9608501355609598	0.0	0.03914986443904023
8700	0.9610015031778157	0.0	0.03899849682218426
8750	0.9611094121920426	0.0	0.0388905878079574
8800	0.9611519936635271	0.0	0.038848006336472896
8850	0.961057461477718	0.0	0.03894253852228202
8900	0.9606817022287919	0.0	0.0393182977712081
8950	0.9598339120450585	0.0	0.040166087954941476
9000	0.9583394481012503	0.0	0.04166055189874973
9050	0.9560288228685037	0.0	0.04397117713149634
9100	0.9530258049059964	0.0	0.04697419509400358
9150	0.9496521959938	0.0	0.05034780400619998
9200	0.946062373566292	0.0	0.05393762643370803
9250	0.9421102863508631	0.0	0.057889713649136865
9300	0.9379448882517079	0.0	0.06205511174829215
9350	0.9342029696328997	0.0	0.06579703036710027
9400	0.9311181148805441	0.0	0.06888188511945592
9450	0.9288393302503766	0.0	0.07116066974962343
9500	0.9276505498335084	0.0	0.07234945016649164
9550	0.9273609489369241	0.0	0.07263905106307589
9600	0.9281557722294443	0.0	0.07184422777055566
9650	0.9301431682961252	0.0	0.0698568317038748
9700	0.9328498695541202	0.0	0.06715013044587981
9750	0.9358726917396841	0.0	0.06412730826031587
9800	0.9392400409148105	0.0	0.0607599590851895
9850	0.9428773849392111	0.0	0.05712261506078886
9900	0.9464053941021587	0.0	0.05359460589784126
9950	0.9495580423362416	0.0	0.05044195766375836
10000	0.9522872632957442	0.0	0.0477127367042558
10050	0.9546301983601868	0.0	0.04536980163981319
10100	0.9566769873688284	0.0	0.043323012631171554
10150	0.9584323116645909	0.0	0.041567688335409136
10200	0.9598920276515233	0.0	0.04010797234847674
10250	0.9610576484805172	0.0	0.038942351519482776
10300	0.961969744165969	0.0	0.03803025583403097
10350	0.9626691513561483	0.0	0.03733084864385172
10400	0.9631905048611822	0.0	0.036809495138817816
10450	0.9635986079341913	0.0	0.036401392065808724
10500	0.9639217644182575	0.0	0.0360782355817425
10550	0.9641801428651393	0.0	0.03581985713486069
10600	0.9643887587156166	0.0	0.03561124128438342
10650	0.9645619558800202	0.0	0.03543804411997975
10700	0.9647075256189481	0.0	0.035292474381051875
10750	0.9648310453249173	0.0	0.03516895467508274
10800	0.9649366339525717	0.0	0.035063366047428324
10850	0.9650272947266183	0.0	0.0349727052733817
10900	0.9651052935523534	0.0	0.034894706447646584
10950	0.9651721579005345	0.0	0.034827842099465545
11000	0.9652292281076471	0.0	0.03477077189235289
11050	0.9652773457808014	0.0	0.03472265421919862
11100	0.96531745504551	0.0	0.03468254495448997
11150	0.9653503370574879	0.0	0.03464966294251215
11200	0.9653769092984791	0.0	0.03462309070152092
11250	0.965398132335164	0.0	0.03460186766483597
11300	0.9654149349515474	0.0	0.0345850650484526
11350	0.9654283781238089	0.0	0.034571621876191116
11400	0.9654393280554452	0.0	0.03456067194455481
11450	0.9654485563027407	0.0	0.034551443697259265
11500	0.9654564967706274	0.0	0.03454350322937261
11550	0.965463400259589	0.0	0.03453659974041101
11600	0.9654692366637115	0.0	0.03453076333628846
11650	0.9654739567400321	0.0	0.03452604325996789
11700	0.9654775536017942	0.0	0.034522446398205786
11750	0.9654800924435558	0.0	0.034519907556444185
11800	0.9654820322667508	0.0	0.03451796773324922
11850	0.9654839882927112	0.0	0.034516011707288796
11900	0.9654869309904844	0.0	0.03451306900951556
11950	0.9654924360708804	0.0	0.03450756392911958
12000	0.9655014429910009	0.0	0.034498557008999065
12050	0.9655147021054836	0.0	0.034485297894516376
12100	0.9655324779155185	0.0	0.03446752208448145
12150	0.9655546745197223	0.0	0.03444532548027768
12200	0.9655809646338385	0.0	0.03441903536616153
12250	0.9656109723628491	0.0	0.034389027637150904
12300	0.9656441574138966	0.0	0.03435584258610336
12350	0.9656800539801573	0.0	0.03431994601984267
12400	0.9657190532466184	0.0	0.03428094675338156
12450	0.9657369352588066	0.0	0.03426306474119345
12500	0.9657594425832176	0.0	0.03424055741678245
12550	0.965788995203559	0.0	0.034211004796441014
12600	0.9658238237362625	0.0	0.03417617626373748
12650	0.9658631966570754	0.0	0.03413680334292457
12700	0.9659063663990675	0.0	0.03409363360093254
12750	0.9659527923997498	0.0	0.03404720760025015
12800	0.9660019665521479	0.0	0.03399803344785213
12850	0.9660531993434516	0.0	0.033946800656548426
12900	0.9661064816266647	0.0	0.03389351837333532
12950	0.9661620606233879	0.0	0.03383793937661206
13000	0.9662210118717663	0.0	0.033778988128233656
13050	0.9662824193301193	0.0	0.03371758066988073
13100	0.9663461082871901	0.0	0.03365389171280986
13150	0.9664123992733555	0.0	0.03358760072664446
13200	0.9664809502249011	0.0	0.0335190497750989
13250	0.9665505547320457	0.0	0.03344944526795435
13300	0.9666209383325483	0.0	0.03337906166745175
13350	0.9666918878337205	0.0	0.03330811216627949
13400	0.966762564743178	0.0	0.03323743525682199
13450	0.96683283755428	0.0	0.033167162445720044
13500	0.9669023950123976	0.0	0.03309760498760239
13550	0.966971179352847	0.0	0.03302882064715296
13600	0.9670392885049983	0.0	0.03296071149500168
13650	0.9671066227992101	0.0	0.032893377200789886
13700	0.96717325866146	0.0	0.03282674133854002
13750	0.9672393404474819	0.0	0.03276065955251806
13800	0.967296644613783	0.0	0.03270335538621705
13850	0.9673413161025138	0.0	0.03265868389748616
13900	0.9673857743779464	0.0	0.03261422562205363
13950	0.9674299199751155	0.0	0.032570080024884485
14000	0.9674736735443735	0.0	0.032526326455626475
14050	0.9675171230582804	0.0	0.032482876941719585
14100	0.9675598821737712	0.0	0.0324401178262288
14150	0.9676020867174486	0.0	0.03239791328255137
14200	0.9676437785416196	0.0	0.03235622145838035
14250	0.9676843889807514	0.0	0.032315611019248625
14300	0.9677195374983815	0.0	0.032280462501618534
14350	0.9677416294540627	0.0	0.032258370545937276
14400	0.9677641375211025	0.0	0.03223586247889754
14450	0.9677870519325994	0.0	0.032212948067400604
14500	0.9678103631271638	0.0	0.03218963687283616
14550	0.9678340617442079	0.0	0.03216593825579206
14600	0.9678581386193521	0.0	0.032141861380647896
14650	0.9678825847799528	0.0	0.032117415220047185
14700	0.9679073914407418	0.0	0.03209260855925822
14750	0.9679325499995781	0.0	0.03206745000042188
14800	0.9679580520333105	0.0	0.032041947966689466
14850	0.9679838892937417	0.0	0.032016110706258316
14900	0.9680100537036894	0.0	0.03198994629631058
14950	0.9680365373531601	0.0	0.03196346264683991
15000	0.9680633324956064	0.0	0.03193666750439361
15050	0.968090431544282	0.0	0.03190956845571802
15100	0.9681178270686874	0.0	0.03188217293131257
15150	0.9681455117911087	0.0	0.03185448820889125
15200	0.9681734785832313	0.0	0.03182652141676867
15250	0.9682017204628504	0.0	0.03179827953714964
15300	0.9682302305906489	0.0	0.031769769409351056
15350	0.9682590022670664	0.0	0.031740997732933596
15400	0.9682880292835903	0.0	0.03171197071640974
15450	0.968317305606296	0.0	0.03168269439370397
15500	0.9683468241819296	0.0	0.03165317581807037
15550	0.9683506946910369	0.0	0.03164930530896315
15600	0.9683550959180468	0.0	0.031644904081953196
15650	0.9683600181334057	0.0	0.031639981866594336
15700	0.9683654517825836	0.0	0.0316345482174164
15750	0.968371387482604	0.0	0.031628612517396015
15800	0.9683778160186336	0.0	0.0316221839813664
15850	0.9683847283406622	0.0	0.03161527165933775
15900	0.9683921155602463	0.0	0.03160788443975371
15950	0.9683999689473327	0.0	0.03160003105266729
16000	0.9684082799271458	0.0	0.03159172007285416
16050	0.9684170400771482	0.0	0.03158295992285176
16100	0.9684262411240656	0.0	0.03157375887593439
16150	0.9684358749409785	0.0	0.03156412505902151
16200	0.9684459335444757	0.0	0.03155406645552428
16250	0.9684564090918725	0.0	0.03154359090812753
16300	0.9684672938784844	0.0	0.0315327061215156
16350	0.9684785803349699	0.0	0.03152141966503008
16400	0.9684902610247155	0.0	0.03150973897528453
16450	0.9685023286412924	0.0	0.031497671358707624
16500	0.9685147760059605	0.0	0.031485223994039524
16550	0.9685275960652231	0.0	0.031472403934776905
16600	0.9685407818884425	0.0	0.031459218111557496
16650	0.9685543266654967	0.0	0.03144567333450332
16700	0.9685682234969035	0.0	0.031431776503096476
16750	0.9685824659244284	0.0	0.031417534075571574
16800	0.9685970475872834	0.0	0.03140295241271662
16850	0.9686119621349825	0.0	0.03138803786501754
16900	0.9686272033265827	0.0	0.0313727966734173
16950	0.9686427650286349	0.0	0.03135723497136511
17000	0.9686586412131647	0.0	0.031341358786835305
17050	0.9686748259557048	0.0	0.031325174044295245
17100	0.9686913134333617	0.0	0.03130868656663832
17150	0.9687080979229292	0.0	0.03129190207707078
17200	0.968725173799033	0.0	0.031274826200967
17250	0.9687425355323206	0.0	0.03125746446767941
17300	0.9687601776876871	0.0	0.031239822312312926
17350	0.9687780949225315	0.0	0.03122190507746847
17400	0.9687962819850626	0.0	0.031203718014937376
17450	0.9688147337126214	0.0	0.03118526628737861
17500	0.968833445030052	0.0	0.031166554969948024
17550	0.9688524109481027	0.0	0.031147589051897295
17600	0.9688716265618544	0.0	0.031128373438145562
17650	0.9688910870491865	0.0	0.031108912950813528
17700	0.968910787669269	0.0	0.03108921233073103
17750	0.9689170580991647	0.0	0.03108294190083527
17800	0.9689202853744174	0.0	0.031079714625582566
17850	0.9689238958047853	0.0	0.03107610419521467
17900	0.9689278834542782	0.0	0.03107211654572184
17950	0.9689322424763532	0.0	0.031067757523646766
18000	0.9689369671124415	0.0	0.031063032887558517
18050	0.9689420516904965	0.0	0.03105794830950348
18100	0.9689474906235708	0.0	0.031052509376429227
18150	0.9689532784084196	0.0	0.031046721591580395
18200	0.9689594095392449	0.0	0.031040590460755135
18250	0.968965878609875	0.0	0.031034121390124958
18300	0.9689726805034224	0.0	0.031027319496577555
18350	0.9689798100380728	0.0	0.031020189961927236
18400	0.9689872621091049	0.0	0.031012737890895092
18450	0.9689950316876369	0.0	0.0310049683123631
18500	0.9690031138193983	0.0	0.0309968861806017
18550	0.9690115036235228	0.0	0.03098849637647716
18600	0.969020196291366	0.0	0.030979803708633957
18650	0.9690291870853387	0.0	0.030970812914661305
18700	0.9690384713377671	0.0	0.030961528662232896
18750	0.969048044449768	0.0	0.030951955550232002
18800	0.9690579018901498	0.0	0.030942098109850158
18850	0.9690680391943276	0.0	0.030931960805672398
18900	0.9690784519632606	0.0	0.03092154803673941
18950	0.9690891358624066	0.0	0.030910864137593363
19000	0.9691000866207008	0.0	0.030899913379299204
19050	0.9691113000295406	0.0	0.0308886999704594
19100	0.9691227719418009	0.0	0.030877228058199147
19150	0.9691344982708613	0.0	0.03086550172913871
19200	0.969146474989648	0.0	0.03085352501035199
19250	0.9691586981296965	0.0	0.03084130187030354
19300	0.969171163780229	0.0	0.03082883621977095
19350	0.96918386808725	0.0	0.03081613191275001
19400	0.969196807252653	0.0	0.030803192747346997
19450	0.9692099775333458	0.0	0.030790022466654188
19500	0.9692233752403928	0.0	0.030776624759607185
19550	0.969236996738168	0.0	0.03076300326183201
19600	0.9692508384435261	0.0	0.030749161556473892
19650	0.9692648968249862	0.0	0.030735103175013823
19700	0.9692791684019286	0.0	0.030720831598071374
19750	0.9692936497438097	0.0	0.030706350256190285
19800	0.9693083374693825	0.0	0.030691662530617503
19850	0.9693232282459403	0.0	0.030676771754059695
19900	0.969338318788565	0.0	0.030661681211434977
19950	0.9693536058593931	0.0	0.03064639414060688
20000	0.9693690862668912	0.0	0.030630913733108778
20050	0.969384756892608	0.0	0.030615243107392054
20100	0.9694006146055284	0.0	0.0305993853944716
20150	0.9694166563488309	0.0	0.030583343651169104
20200	0.9694328791092548	0.0	0.030567120890745203
20250	0.9694492799164388	0.0	0.03055072008356119
20300	0.969465855842263	0.0	0.03053414415773703
20350	0.969482604000215	0.0	0.03051739599978498
20400	0.9694995215447518	0.0	0.03050047845524817
20450	0.9695166056706813	0.0	0.03048339432931868
20500	0.969533853612555	0.0	0.030466146387445048
20550	0.9695512626440641	0.0	0.030448737355935895
20600	0.9695688300774508	0.0	0.03043116992254924
20650	0.9695865532629294	0.0	0.030413446737070582
20700	0.96959056693315	0.0	0.030409433066849956
20750	0.9695913793457211	0.0	0.03040862065427885
20800	0.9695924654426765	0.0	0.03040753455732348
20850	0.9695938215483041	0.0	0.03040617845169591
20900	0.9695954440176104	0.0	0.03040455598238956
20950	0.9695973301231313	0.0	0.030402669876868682
21000	0.969599476596153	0.0	0.030400523403847024
21050	0.9696018802070523	0.0	0.03039811979294771
21100	0.9696045377647905	0.0	0.030395462235209503
21150	0.9696074461164126	0.0	0.030392553883587414
21200	0.9696106021465586	0.0	0.030389397853441413
21250	0.9696140027769758	0.0	0.030385997223024153
21300	0.969617644966042	0.0	0.03038235503395803
21350	0.969621525708296	0.0	0.03037847429170404
21400	0.9696256420339694	0.0	0.030374357966030607
21450	0.969629991008533	0.0	0.030370008991467023
21500	0.9696345697322418	0.0	0.030365430267758176
21550	0.9696393753396917	0.0	0.03036062466030831
21600	0.9696444049993815	0.0	0.030355595000618463
21650	0.9696496559132782	0.0	0.03035034408672177
21700	0.9696551253163939	0.0	0.030344874683606138
21750	0.9696608103137598	0.0	0.030339189686240164
21800	0.9696667077478408	0.0	0.030333292252159194
21850	0.9696728155446076	0.0	0.030327184455392397
21900	0.9696791310672135	0.0	0.030320868932786516
21950	0.9696856517098165	0.0	0.030314348290183535
22000	0.9696923748971827	0.0	0.03030762510281726
22050	0.9696992980843006	0.0	0.030300701915699446
22100	0.9697064187560007	0.0	0.03029358124399928
22150	0.9697137344265804	0.0	0.030286265573419624
22200	0.969721242639429	0.0	0.03027875736057095
22250	0.9697289409666688	0.0	0.03027105903333116
22300	0.9697368270087869	0.0	0.03026317299121306
22350	0.969744898394288	0.0	0.030255101605711987
22400	0.9697531527793348	0.0	0.030246847220665174
22450	0.9697615878474102	0.0	0.030238412152589822
22500	0.9697702013089708	0.0	0.030229798691029153
22550	0.9697789909011124	0.0	0.030221009098887586
22600	0.9697879543872386	0.0	0.030212045612761362
22650	0.9697970895567315	0.0	0.030202910443268505
22700	0.9698063942246322	0.0	0.030193605775367782
22750	0.9698158669564911	0.0	0.030184133043508865
22800	0.9698255058050849	0.0	0.030174494194915136
22850	0.9698353077539333	0.0	0.03016469224606666
22900	0.9698452707173089	0.0	0.03015472928269114
22950	0.9698553926335924	0.0	0.03014460736640756
23000	0.9698656714649776	0.0	0.030134328535022403
23050	0.969876105197176	0.0	0.03012389480282396
23100	0.9698866918391295	0.0	0.030113308160870544
23150	0.9698974294227234	0.0	0.03010257057727661
23200	0.9699083160025049	0.0	0.030091683997495067
23250	0.9699193496554072	0.0	0.03008065034459284
23300	0.9699305284804727	0.0	0.030069471519527324
23350	0.969941850598583	0.0	0.030058149401417045
23400	0.9699533141521939	0.0	0.03004668584780612
23450	0.9699649173050698	0.0	0.03003508269493016
23500	0.969976658242026	0.0	0.030023341757974054
23550	0.9699885351686705	0.0	0.03001146483132955
23600	0.9700005463111521	0.0	0.029999453688847932
23650	0.9700126899159122	0.0	0.029987310084087837
23700	0.9700249642494354	0.0	0.029975035750564594
23750	0.9700373675980088	0.0	0.02996263240199115
23800	0.9700498982674841	0.0	0.029950101732515888
23850	0.9700625536056281	0.0	0.029937446394371903
23900	0.9700753326586746	0.0	0.029924667341325373
23950	0.9700882340409965	0.0	0.029911765959003467
24000	0.9701012561345463	0.0	0.02989874386545366
24050	0.9701143973396839	0.0	0.029885602660316146
24100	0.970127656074962	0.0	0.029872343925038014
24150	0.9701410307769032	0.0	0.029858969223096832
24200	0.9701545198997881	0.0	0.02984548010021193
24250	0.9701681219154381	0.0	0.02983187808456189
24300	0.9701818353130097	0.0	0.02981816468699028
24350	0.9701956585987839	0.0	0.029804341401216128
24400	0.9702095902959648	0.0	0.029790409704035237
24450	0.970223628944473	0.0	0.029776371055526996
24500	0.9702377731007518	0.0	0.029762226899248234
24550	0.9702520213375644	0.0	0.029747978662435615
24600	0.9702663722438065	0.0	0.02973362775619348
24650	0.9702808244243103	0.0	0.029719175575689705
24700	0.970295376499654	0.0	0.029704623500345972
24750	0.9703100271059801	0.0	0.029689972894019867
24800	0.9703247748948066	0.0	0.02967522510519338
24850	0.9703396185328468	0.0	0.02966038146715322
24900	0.9703545567018316	0.0	0.029645443298168428
24950	0.9703695880983267	0.0	0.02963041190167326
25000	0.9703847114335648	0.0	0.02961528856643525
25050	0.9703999260450206	0.0	0.029600073954979433
25100	0.9704152300675926	0.0	0.02958476993240744
25150	0.9704306222428701	0.0	0.029569377757129867
25200	0.9704461013389746	0.0	0.029553898661025424
25250	0.9704616661378502	0.0	0.029538333862149768
25300	0.9704773154350987	0.0	0.029522684564901258
25350	0.9704930480398289	0.0	0.029506951960171057
25400	0.9705088627744881	0.0	0.029491137225511888
25450	0.9705247584747104	0.0	0.029475241525289575
25500	0.970540733989166	0.0	0.02945926601083404
25550	0.9705567881794022	0.0	0.029443211820597837
25600	0.9705729199197018	0.0	0.02942708008029815
25650	0.9705891280969288	0.0	0.029410871903071234
25700	0.9706054116103813	0.0	0.029394588389618725
25750	0.9706217693716531	0.0	0.02937823062834688
25800	0.9706382003044869	0.0	0.029361799695513113
25850	0.9706547033446328	0.0	0.029345296655367226
25900	0.970671277439712	0.0	0.029328722560287956
25950	0.9706879215490775	0.0	0.02931207845092254
26000	0.9707046346436785	0.0	0.02929536535632149
26050	0.9707214157059287	0.0	0.029278584294071264
26100	0.9707382637295721	0.0	0.02926173627042794
26150	0.9707551777195514	0.0	0.029244822280448557
26200	0.9707721566918825	0.0	0.02922784330811745
26250	0.9707891996735248	0.0	0.02921080032647516
26300	0.9708063057022557	0.0	0.02919369429774432
26350	0.9708234730554716	0.0	0.029176526944528436
26400	0.9708407011538426	0.0	0.029159298846157422
26450	0.970857989465961	0.0	0.029142010534038976
26500	0.9708753370717862	0.0	0.029124662928213807
26550	0.970892743061488	0.0	0.029107256938512016
26600	0.9709102065353324	0.0	0.029089793464667557
26650	0.9709277266035665	0.0	0.02907227339643348
26700	0.9709453023863033	0.0	0.029054697613696723
26750	0.9709629330134097	0.0	0.029037066986590254
26800	0.9709806176243952	0.0	0.029019382375604752
26850	0.9709983553683038	0.0	0.02900164463169619
26900	0.971016145403604	0.0	0.028983854596395964
26950	0.9710339868980834	0.0	0.0289660131019166
27000	0.9710518790287398	0.0	0.028948120971260205
27050	0.9710698209816816	0.0	0.028930179018318403
27100	0.9710878119520204	0.0	0.02891218804797957
27150	0.971105851143772	0.0	0.028894148856227986
27200	0.9711239377697541	0.0	0.028876062230245858
27250	0.9711420710514888	0.0	0.028857928948511247
27300	0.9711602502191008	0.0	0.028839749780899204
27350	0.9711784745112259	0.0	0.028821525488774147
27400	0.9711967431749099	0.0	0.028803256825090107
27450	0.9712150554655172	0.0	0.02878494453448277
27500	0.9712334106466362	0.0	0.028766589353363847
27550	0.9712518079899874	0.0	0.028748192010012552
27600	0.9712702467753314	0.0	0.02872975322466864
27650	0.9712887262903801	0.0	0.0287112737096199
27700	0.9713072458307058	0.0	0.028692754169294177
27750	0.9713258046996551	0.0	0.028674195300344874
27800	0.9713444029549393	0.0	0.02865559704506071
27850	0.9713630402278249	0.0	0.028636959772175063
27900	0.9713817147635605	0.0	0.0286182852364395
27950	0.9714004258956519	0.0	0.028599574104348102
28000	0.9714191729649571	0.0	0.028580827035042944
28050	0.9714379553196044	0.0	0.028562044680395582
28100	0.9714567723149132	0.0	0.02854322768508677
28150	0.9714756233133108	0.0	0.028524376686689168
28200	0.9714945076842579	0.0	0.028505492315742065
28250	0.9715134248041656	0.0	0.028486575195834418
28300	0.9715323740563211	0.0	0.02846762594367891
28350	0.971551354830813	0.0	0.028448645169186992
28400	0.971570366524452	0.0	0.028429633475548055
28450	0.9715894085407009	0.0	0.02841059145929914
28500	0.9716084802895967	0.0	0.028391519710403323
28550	0.9716275811876832	0.0	0.02837241881231678
28600	0.9716467106579332	0.0	0.028353289342066823
28650	0.9716658681296835	0.0	0.028334131870316526
28700	0.9716850530385605	0.0	0.028314946961439547
28750	0.9717042648264126	0.0	0.02829573517358741
28800	0.9717235029412431	0.0	0.0282764970587569
28850	0.9717427668371397	0.0	0.02825723316286033
28900	0.9717620559742095	0.0	0.028237944025790496
28950	0.9717813698185147	0.0	0.028218630181485294
29000	0.9718007078420025	0.0	0.028199292157997546
29050	0.9718200695224455	0.0	0.028179930477554516
29100	0.9718394543433744	0.0	0.028160545656625624
29150	0.9718588617940181	0.0	0.028141138205981853
29200	0.9718782913692389	0.0	0.028121708630761133
29250	0.9718977425694733	0.0	0.028102257430526745
29300	0.9719172149006675	0.0	0.028082785099332486
29350	0.9719367078742209	0.0	0.02806329212577907
29400	0.9719562210069262	0.0	0.028043778993073754
29450	0.9719757562249719	0.0	0.0280242437750281
29500	0.9719953115791881	0.0	0.02800468842081194
29550	0.9720148856658973	0.0	0.027985114334102668
29600	0.9720344780226912	0.0	0.027965521977308838
29650	0.972054088192267	0.0	0.02794591180773298
29700	0.972073715722378	0.0	0.027926284277622004
29750	0.9720933601657755	0.0	0.027906639834224478
29800	0.972113021080154	0.0	0.02788697891984604
29850	0.972132698028101	0.0	0.027867301971899017
29900	0.9721523905770396	0.0	0.027847609422960384
29950	0.9721720982991812	0.0	0.027827901700818836
30000	0.9721918207714692	0.0	0.02780817922853085
