2418200422
2319362699
4142693266
519225261
3116852141
1940753968
4177016340
138051025
2213913876
2883653318
1103018359
2001582577
281924365
3272825775
2770448530
1510330335
1658258505
2845745522
2205976367
3161770483
3427792042
316054014
408327154
3451983265
1083713444
2690546921
3696606142
1047616471
4102184416
3814994387
1649598174
943358909
2246871588
224487284
3540047786
4099187665
1513864018
2478368004
4071973238
2447675643
3336702133
2487365620
3995680089
3590140334
3276897414
1161635698
3024442212
2066529259
