1.000000000000000000e+06 1.306980963740484754e+02 9.019191116008360609e+01 2.503256880136540963e-02 7.083227705641790806e+01 1.259152240571783210e+01 8.010271537167014344e+01 0.000000000000000000e+00 0.000000000000000000e+00 4.345097188773899832e-01 0.000000000000000000e+00 1.994849951854900660e-01 0.000000000000000000e+00 0.000000000000000000e+00
1.000000000000000000e+06 1.510092599627739105e+02 5.871385498743801890e+01 7.955939325079787849e+00 8.417414888564073294e+01 6.965994199344363480e+00 8.476581492920172423e+01 0.000000000000000000e+00 0.000000000000000000e+00 2.272332202390910938e-01 0.000000000000000000e+00 2.049865896409846788e-01 0.000000000000000000e+00 0.000000000000000000e+00
1.000000000000000000e+06 1.611334583979797230e+02 9.104404977913873154e+01 2.272119496326742427e-01 7.180123643838732050e+01 2.934349097670044593e+00 8.789099999002637276e+01 0.000000000000000000e+00 0.000000000000000000e+00 4.314540164761015428e-01 0.000000000000000000e+00 1.965010117111590793e-01 0.000000000000000000e+00 0.000000000000000000e+00
1.000000000000000000e+06 1.643317527622878629e+02 5.983842912607654085e+01 7.871369047980450340e+00 8.451752744646746862e+01 3.344616887408170758e+00 8.747112619987008486e+01 0.000000000000000000e+00 0.000000000000000000e+00 2.289614061866171724e-01 0.000000000000000000e+00 2.038714969783280984e-01 0.000000000000000000e+00 0.000000000000000000e+00
1.000000000000000000e+06 1.020084796242074106e+02 8.784627065542062496e+01 1.570125844334091525e-01 7.163490818759198930e+01 1.529373925498759590e+01 7.876509832456282822e+01 0.000000000000000000e+00 0.000000000000000000e+00 4.220114411448327441e-01 0.000000000000000000e+00 2.021013939631767509e-01 0.000000000000000000e+00 0.000000000000000000e+00
1.000000000000000000e+06 1.688657554026920877e+02 9.210661302198307965e+01 2.447692342921567454e-02 7.128880431116004956e+01 4.872145255665172314e+00 8.561272992885018596e+01 0.000000000000000000e+00 0.000000000000000000e+00 4.356444896375295528e-01 0.000000000000000000e+00 1.981673254051473376e-01 0.000000000000000000e+00 0.000000000000000000e+00
1.000000000000000000e+06 1.492517534515232569e+02 5.937308951861236750e+01 7.901876851849499950e+00 8.409355932392550415e+01 2.352835336582810299e-01 9.002655514240204582e+01 0.000000000000000000e+00 0.000000000000000000e+00 2.277214888420395766e-01 0.000000000000000000e+00 2.037115559997100811e-01 0.000000000000000000e+00 0.000000000000000000e+00
1.000000000000000000e+06 1.446069906291745042e+02 5.958323000459514418e+01 8.148669583980211684e+00 8.460206086408619797e+01 2.640661697696869759e+00 8.803035825396676728e+01 0.000000000000000000e+00 0.000000000000000000e+00 2.190400803570766997e-01 0.000000000000000000e+00 2.050448902894115855e-01 0.000000000000000000e+00 0.000000000000000000e+00
1.000000000000000000e+06 1.732196020391497768e+02 9.061880643677667990e+01 6.572584190298486062e-02 7.040206725276414090e+01 8.205209456617213348e+00 8.328167243674184306e+01 0.000000000000000000e+00 0.000000000000000000e+00 4.324286072366290146e-01 0.000000000000000000e+00 1.981905558539754642e-01 0.000000000000000000e+00 0.000000000000000000e+00
1.000000000000000000e+06 1.341832121605839632e+02 8.916129996231811106e+01 1.940124495507217217e-01 7.124520641715596980e+01 6.925287133147843832e+00 8.518399267599150448e+01 0.000000000000000000e+00 0.000000000000000000e+00 4.293869916453399438e-01 0.000000000000000000e+00 1.974770585926483302e-01 0.000000000000000000e+00 0.000000000000000000e+00
1.000000000000000000e+06 1.519525097582135800e+02 7.549950181242904534e+01 2.263907225068426676e+00 7.868424766573897955e+01 1.058749751568120523e+01 8.344565281789270728e+01 0.000000000000000000e+00 0.000000000000000000e+00 4.155339666661996834e-01 0.000000000000000000e+00 2.012449307229015605e-01 0.000000000000000000e+00 0.000000000000000000e+00
1.000000000000000000e+06 1.470010009790917707e+02 9.242761487899393558e+01 1.096386862288322717e-01 7.170897088625085303e+01 2.283105771567729647e+00 8.860865957088000755e+01 0.000000000000000000e+00 0.000000000000000000e+00 4.319309950824690159e-01 0.000000000000000000e+00 1.960022601529054498e-01 0.000000000000000000e+00 0.000000000000000000e+00
1.000000000000000000e+06 1.099528328183585728e+02 8.922722657673850222e+01 7.852818538708650209e-02 6.835899214995116324e+01 9.423688609970721330e+00 7.963632822242875875e+01 0.000000000000000000e+00 0.000000000000000000e+00 4.287334915743895580e-01 0.000000000000000000e+00 2.038410634411342848e-01 0.000000000000000000e+00 0.000000000000000000e+00
1.000000000000000000e+06 1.574478482008531159e+02 9.274350102710894816e+01 4.572847401533698675e-02 7.118430363610809763e+01 8.492393182917332695e-01 8.854997037035376195e+01 0.000000000000000000e+00 0.000000000000000000e+00 4.317497405055588100e-01 0.000000000000000000e+00 1.962787570201188214e-01 0.000000000000000000e+00 0.000000000000000000e+00
1.000000000000000000e+06 1.881963121569770863e+02 9.024180044401994394e+01 3.389955369500134708e-02 7.024745381937231059e+01 5.199504449524688710e+00 8.508319863947818362e+01 0.000000000000000000e+00 0.000000000000000000e+00 4.308526297493441293e-01 0.000000000000000000e+00 1.957361500239079288e-01 0.000000000000000000e+00 0.000000000000000000e+00
1.000000000000000000e+06 1.659711673210553897e+02 9.381046570517544581e+01 5.695436554829680365e-02 7.056318871524604219e+01 1.022044077536759943e+01 8.180635757748474646e+01 0.000000000000000000e+00 0.000000000000000000e+00 4.373167598936276157e-01 0.000000000000000000e+00 2.001464972504203299e-01 0.000000000000000000e+00 0.000000000000000000e+00
1.000000000000000000e+06 1.455973718179209015e+02 9.179126717860712859e+01 2.490345227331064448e-02 7.147473857830536303e+01 1.527479819984942200e+00 8.867767085794432091e+01 0.000000000000000000e+00 0.000000000000000000e+00 4.344066113428670661e-01 0.000000000000000000e+00 1.964427049677511250e-01 0.000000000000000000e+00 0.000000000000000000e+00
1.000000000000000000e+06 1.527510739516464469e+02 8.286727058156554904e+01 1.023760796474614931e+00 7.277991539947649358e+01 1.500317456713477782e+01 7.822413685120798732e+01 0.000000000000000000e+00 0.000000000000000000e+00 4.201962328310424044e-01 0.000000000000000000e+00 2.042275678221067703e-01 0.000000000000000000e+00 0.000000000000000000e+00
1.000000000000000000e+06 1.619783694552591271e+02 8.838591439544093475e+01 1.003700797158850883e-01 7.074925597407214184e+01 4.965598578231088744e+00 8.577115051091482201e+01 0.000000000000000000e+00 0.000000000000000000e+00 4.329368367926001993e-01 0.000000000000000000e+00 1.990926520700418978e-01 0.000000000000000000e+00 0.000000000000000000e+00
1.000000000000000000e+06 1.398097455345233016e+02 9.009774057279000203e+01 5.658378927333995723e-02 6.824773193082546641e+01 1.231217109681749200e+01 7.873412513713226701e+01 0.000000000000000000e+00 0.000000000000000000e+00 4.318378888012228134e-01 0.000000000000000000e+00 2.014959920796974002e-01 0.000000000000000000e+00 0.000000000000000000e+00
1.000000000000000000e+06 1.231143467794468336e+02 9.268925378115581282e+01 4.575613796968358571e-03 7.047060162678315010e+01 4.275185862700407569e+00 8.670848253995353616e+01 0.000000000000000000e+00 0.000000000000000000e+00 4.314517809256909753e-01 0.000000000000000000e+00 1.955435641998431173e-01 0.000000000000000000e+00 0.000000000000000000e+00
1.000000000000000000e+06 1.899896891133694794e+02 9.290302318014914817e+01 2.086759038365974261e-01 6.986054352934046108e+01 1.257050653548482089e+01 7.814808500490541121e+01 0.000000000000000000e+00 0.000000000000000000e+00 4.424526282257236209e-01 0.000000000000000000e+00 2.031962604822225849e-01 0.000000000000000000e+00 0.000000000000000000e+00
1.000000000000000000e+06 1.444062983662209945e+02 9.002670436576583768e+01 5.996053350355669276e-02 7.141561213524829554e+01 5.057167354051998132e+00 8.568785593312929905e+01 0.000000000000000000e+00 0.000000000000000000e+00 4.336954073614048832e-01 0.000000000000000000e+00 1.980158167811378600e-01 0.000000000000000000e+00 0.000000000000000000e+00
1.000000000000000000e+06 1.069305954874039344e+01 9.243101968118798695e-01 1.543082559561179323e+02 1.027316302276867788e+02 3.681934021521526290e+01 6.056481240271297395e+01 0.000000000000000000e+00 0.000000000000000000e+00 8.893550383227798450e-01 0.000000000000000000e+00 2.603619713571572181e-01 0.000000000000000000e+00 0.000000000000000000e+00
1.000000000000000000e+06 1.613358932458080233e+02 9.275360729136332338e+01 4.256031240817107625e-02 7.074971185106929283e+01 6.336785604668579985e+00 8.459050554495927088e+01 0.000000000000000000e+00 0.000000000000000000e+00 4.410229811760538188e-01 0.000000000000000000e+00 1.993475776155429757e-01 0.000000000000000000e+00 0.000000000000000000e+00
1.000000000000000000e+06 1.603345856043261506e+02 9.246167366776874985e+01 9.466836924991790803e-03 7.085140709915381763e+01 6.660694123355940022e+00 8.453088889842696574e+01 0.000000000000000000e+00 0.000000000000000000e+00 4.321644338731236434e-01 0.000000000000000000e+00 1.971454047985371494e-01 0.000000000000000000e+00 0.000000000000000000e+00
1.000000000000000000e+06 1.033144519462305198e+02 9.184559948100705640e+01 2.242090382708572527e-02 7.103658717490327490e+01 1.407374286736339464e+01 7.815287864047442667e+01 0.000000000000000000e+00 0.000000000000000000e+00 4.361146929555214102e-01 0.000000000000000000e+00 2.014368282683364764e-01 0.000000000000000000e+00 0.000000000000000000e+00
1.000000000000000000e+06 1.344507768893348043e+02 9.118425199358975419e+01 1.743868544334625792e-02 7.045221113242916999e+01 5.269781115563290541e+00 8.550964918376922697e+01 0.000000000000000000e+00 0.000000000000000000e+00 4.316938201209155057e-01 0.000000000000000000e+00 1.972402588644723842e-01 0.000000000000000000e+00 0.000000000000000000e+00
1.000000000000000000e+06 1.781064632589485370e+02 9.084599064045086436e+01 5.280341632878141067e-02 6.987964096011108950e+01 1.730450214530282338e+01 7.558757618990942717e+01 0.000000000000000000e+00 0.000000000000000000e+00 4.322638814991646705e-01 0.000000000000000000e+00 2.007460852196589207e-01 0.000000000000000000e+00 0.000000000000000000e+00
1.000000000000000000e+06 1.611702150321070519e+02 5.935461234311500789e+01 7.958516826818715195e+00 8.438630455650064732e+01 4.154037726439963052e-01 9.018532096955672728e+01 0.000000000000000000e+00 0.000000000000000000e+00 2.251232754965284688e-01 0.000000000000000000e+00 2.026133359623173147e-01 0.000000000000000000e+00 0.000000000000000000e+00
1.000000000000000000e+06 1.308418513781017225e+02 6.003352646592518482e+01 8.139045839214173128e+00 8.501538797105823164e+01 1.137404691426742609e+00 9.022436193627405032e+01 0.000000000000000000e+00 0.000000000000000000e+00 2.234237130446137254e-01 0.000000000000000000e+00 2.047518198107431964e-01 0.000000000000000000e+00 0.000000000000000000e+00
1.000000000000000000e+06 1.233452169668951655e+02 5.988445122608038673e+01 7.904632276183162887e+00 8.413017519599536342e+01 8.780792608375154629e+00 8.325478696995564576e+01 0.000000000000000000e+00 0.000000000000000000e+00 2.224645663032689402e-01 0.000000000000000000e+00 2.051918853134053755e-01 0.000000000000000000e+00 0.000000000000000000e+00
1.000000000000000000e+06 1.845136296744896853e+01 1.030845946789915590e+00 1.408283570186476084e+02 1.027590864960232437e+02 3.686802307427959136e+01 6.054034531444317224e+01 0.000000000000000000e+00 0.000000000000000000e+00 9.709624002762597961e-01 0.000000000000000000e+00 2.601979467314297079e-01 0.000000000000000000e+00 0.000000000000000000e+00
1.000000000000000000e+06 1.268850032405127024e+02 9.215596233195404352e+01 3.668039156328462003e-04 7.000220801546589655e+01 1.180256197782945549e+01 8.064754900309846164e+01 0.000000000000000000e+00 0.000000000000000000e+00 4.317197162398045407e-01 0.000000000000000000e+00 2.000747746196785137e-01 0.000000000000000000e+00 0.000000000000000000e+00
1.000000000000000000e+06 1.754841381882185942e+02 5.939423955955456336e+01 8.170398736084626634e+00 8.442717325228525738e+01 7.187206251973892179e-01 8.975341684027274880e+01 0.000000000000000000e+00 0.000000000000000000e+00 2.211644219016427604e-01 0.000000000000000000e+00 2.037239522958815552e-01 0.000000000000000000e+00 0.000000000000000000e+00
1.000000000000000000e+06 1.985895136488362880e+02 5.928308527102350212e+01 7.975030069052932546e+00 8.447373487762186528e+01 1.037964356060002258e+00 8.968896802650367306e+01 0.000000000000000000e+00 0.000000000000000000e+00 2.225873533472255694e-01 0.000000000000000000e+00 2.041749741177616706e-01 0.000000000000000000e+00 0.000000000000000000e+00
1.000000000000000000e+06 1.580632334382322597e+02 9.079254855813819347e+01 1.003555635775373600e-01 7.111954462913625719e+01 6.009592318733419702e+00 8.571847241355987990e+01 0.000000000000000000e+00 0.000000000000000000e+00 4.381006541951021904e-01 0.000000000000000000e+00 1.995298698990660702e-01 0.000000000000000000e+00 0.000000000000000000e+00
1.000000000000000000e+06 1.320120349367743131e+02 8.826561746807979603e+01 3.162728219130822582e-01 7.172055825185658762e+01 1.277316212929521244e+00 8.792442582386422600e+01 0.000000000000000000e+00 0.000000000000000000e+00 4.360630573670367105e-01 0.000000000000000000e+00 2.005468757417728509e-01 0.000000000000000000e+00 0.000000000000000000e+00
1.000000000000000000e+06 1.627506858751516745e+02 6.024814929897181059e+01 7.972408096448940107e+00 8.398388627310487209e+01 2.272963968259236189e+00 8.835118711102143152e+01 0.000000000000000000e+00 0.000000000000000000e+00 2.204837615162530406e-01 0.000000000000000000e+00 2.045484387342149657e-01 0.000000000000000000e+00 0.000000000000000000e+00
1.000000000000000000e+06 1.136482812937765203e+02 7.745376346588761862e+01 9.772664801256194522e-01 7.586659704683596317e+01 1.482053412043983265e+01 7.766961219526180571e+01 0.000000000000000000e+00 0.000000000000000000e+00 4.283848702877566805e-01 0.000000000000000000e+00 2.059836051687642944e-01 0.000000000000000000e+00 0.000000000000000000e+00
1.000000000000000000e+06 1.234948891539886233e+02 8.952336651347738439e+01 5.296102593011907667e-01 7.294747003016640008e+01 3.772050642776286544e+00 8.816611811576962054e+01 0.000000000000000000e+00 0.000000000000000000e+00 4.351939362524760990e-01 0.000000000000000000e+00 1.966295344865041650e-01 0.000000000000000000e+00 0.000000000000000000e+00
1.000000000000000000e+06 1.416630980915162183e+02 5.979511716653758668e+01 7.918822372981336954e+00 8.346297680363458937e+01 8.764971264062062062e+00 8.349502242710315159e+01 0.000000000000000000e+00 0.000000000000000000e+00 2.238044650839307870e-01 0.000000000000000000e+00 2.055826550155910593e-01 0.000000000000000000e+00 0.000000000000000000e+00
1.000000000000000000e+06 1.029719064671424889e+02 9.523482753494030817e+01 2.262840323008067367e-01 7.223145002370124246e+01 8.603094711373913128e+00 8.303864097947163714e+01 0.000000000000000000e+00 0.000000000000000000e+00 4.450720525405677530e-01 0.000000000000000000e+00 1.994853838469717866e-01 0.000000000000000000e+00 0.000000000000000000e+00
1.000000000000000000e+06 1.438426316863219654e+02 9.265619694081490820e+01 7.832312356887815435e-03 7.035942240164582984e+01 5.423817148429145085e+00 8.568933829739778218e+01 0.000000000000000000e+00 0.000000000000000000e+00 4.321916327900743315e-01 0.000000000000000000e+00 1.966611877151099308e-01 0.000000000000000000e+00 0.000000000000000000e+00
1.000000000000000000e+06 8.781171349680803928e+01 9.192313028941102004e+01 3.896611457393449329e-02 7.093842685164653972e+01 9.530812174305792084e+00 8.293705002140659133e+01 0.000000000000000000e+00 0.000000000000000000e+00 4.329415118327136769e-01 0.000000000000000000e+00 1.992625816907730996e-01 0.000000000000000000e+00 0.000000000000000000e+00
1.000000000000000000e+06 7.185717514267768280e+00 1.122001173004667063e+00 1.574602820382858113e+02 1.027220847532364871e+02 3.682947467798172170e+01 6.053823417491156533e+01 0.000000000000000000e+00 0.000000000000000000e+00 9.985213362259907077e-01 0.000000000000000000e+00 2.602955768292556926e-01 0.000000000000000000e+00 0.000000000000000000e+00
1.000000000000000000e+06 1.553808151282248673e+02 9.347765838639547553e+01 1.178639124456237891e-01 7.102757766734045219e+01 1.672138160465124201e-01 8.928457756364058184e+01 0.000000000000000000e+00 0.000000000000000000e+00 4.345260714664984647e-01 0.000000000000000000e+00 1.942619585852327913e-01 0.000000000000000000e+00 0.000000000000000000e+00
1.000000000000000000e+06 1.271021055275553948e+02 5.969016094563099273e+01 7.873639246786842349e+00 8.457803997164981524e+01 4.206133705463578565e+00 8.685919160960835939e+01 0.000000000000000000e+00 0.000000000000000000e+00 2.281980289405113327e-01 0.000000000000000000e+00 2.039853759262837130e-01 0.000000000000000000e+00 0.000000000000000000e+00
