512.2218112945557
515.7216415405273
505.1231439113617
492.8154058456421
398.1891043186188
478.9460999965668
460.65441370010376
440.01666140556335
513.465802192688
525.5272116661072
398.3668975830078
515.2344377040863
543.9472641944885
512.9026100635529
536.2895669937134
452.50965452194214
538.7810032367706
436.69721364974976
545.9348177909851
518.7882552146912
474.928471326828
450.9373939037323
510.4099397659302
433.6995940208435
512.1567289829254
508.9428207874298
501.47145986557007
500.2688603401184
518.7755522727966
378.572457075119
504.8765821456909
498.59816336631775
511.35966658592224
512.7876107692719
489.0373766422272
507.7079818248749
475.58219289779663
513.0108389854431
407.803893327713
534.2274160385132
533.9407498836517
478.67676186561584
523.4508414268494
511.5922405719757
450.22880506515503
398.8417694568634
533.4613177776337
447.5713131427765
