280	2.0342976471792085	0.3120143539584688
285	2.025976997457539	0.31377675077277356
290	2.0188267773164084	0.31702792495474225
295	2.0132491657024625	0.3219803033552798
300	2.0105409934039487	0.3272804904548529
305	2.009597896723097	0.33274588853753684
310	2.0100359014433793	0.3382821573865796
315	2.0126943385045246	0.34261471968321205
320	2.0173976219763077	0.3459691546528266
325	2.0213551014901943	0.34831779937339485
330	2.0273683771093465	0.3504047509846009
335	2.032316465712214	0.34997352350898314
340	2.038833559916461	0.34935740788729563
345	2.044445083857768	0.3475585732515118
350	2.0506983704422774	0.3447431308695863
355	2.057174310575918	0.33991867976263734
360	2.0636098221087686	0.33285107919005696
365	2.0660660640967587	0.32347076979661826
370	2.0645242904848207	0.31475703287630596
375	2.0621094339947965	0.308654132607656
380	2.0577221168503956	0.3031601256496352
385	2.0528953621734165	0.2999233877697927
390	2.0486281889855418	0.298459052063326
395	2.0450937485006575	0.29786303496132743
400	2.041649557508524	0.29727208083046924
405	2.0400255131459812	0.2991284574681894
410	2.0380437849182935	0.3003880804159914
415	2.0361458415693563	0.3016483470611069
420	2.034637803076645	0.3033945901108619
425	2.034392769303795	0.30529494208507063
430	2.034227431869084	0.3071643489100158
435	2.0340959639846514	0.30900035923424063
440	2.0339590731060944	0.3107621463294154
445	2.034856848466832	0.31263978034914236
450	2.037031169209132	0.3146400811840122
455	2.037880824975292	0.31595426093692625
460	2.0386724157253053	0.31722266670965893
465	2.0407334291097934	0.3190451176962122
470	2.0428133971572846	0.32039308248417325
475	2.044931900419591	0.32110287955139794
480	2.046386976944207	0.32171967227267684
485	2.0474576879924173	0.32228533002999743
490	2.049905531391564	0.32296612263064844
495	2.0527966164854394	0.323670249748171
500	2.0556104869705547	0.32360114007067065
505	2.058409026615252	0.32335982092878013
510	2.0601564850534566	0.322700080849309
515	2.0616196417674457	0.3219286866710079
520	2.062770222497577	0.32088475615924783
525	2.063787175103604	0.31971943917134693
530	2.064574014866706	0.31874907620579357
535	2.065128008123323	0.3179906942444519
540	2.065592311506786	0.3174307823448963
545	2.065670123303325	0.31776989862894417
550	2.065748278661744	0.31810838576740497
555	2.065779764823104	0.31898532104320076
560	2.065798891819324	0.31999616290244026
565	2.0664758375945875	0.32113986933803196
570	2.068810351880629	0.32260631053461336
575	2.0711566287809533	0.3240554710217906
580	2.073059848593867	0.32458330795962725
585	2.074739060686873	0.32464104336357
590	2.076411990702839	0.3246933424899513
595	2.0777435497137837	0.3244499216222829
600	2.079039945527488	0.32417914700319134
605	2.0803478583420154	0.3239209144963415
610	2.0818422715942115	0.32395398556427224
615	2.0833397244493437	0.32398463555852847
620	2.0848414515779	0.3240007075148472
625	2.0868029418821132	0.3235118357374296
630	2.088753641478323	0.32302053899044675
635	2.0907008743123723	0.32252857391328993
640	2.0923416406304365	0.32183981811509516
645	2.0939244342804386	0.3211161837700469
650	2.0954989673200974	0.32039334349341253
655	2.097040837506836	0.31946370869965374
660	2.0985409911789668	0.31831119253951295
665	2.100039142515952	0.3171647918975515
670	2.1015291938557787	0.3160230358143143
675	2.1019245245132168	0.31387026433668963
680	2.1022788039053952	0.31168521947629446
685	2.1026432885150537	0.30951163800743575
690	2.102806995627061	0.3074654913199675
695	2.102331043396743	0.30579688334280475
700	2.1018611695888567	0.30413003560014423
705	2.1014023424412773	0.3024660898935946
710	2.1005514362043933	0.30086421761485765
715	2.0987817529654462	0.2993987026962753
720	2.0970172568952723	0.2979239824533221
725	2.0952624954129857	0.29644105365299983
730	2.0934373961997292	0.29513153238472956
735	2.091149916505348	0.29493662513140545
740	2.0888549109373216	0.2947346004904018
745	2.0865564077582706	0.29452626763648604
750	2.084250347301342	0.29431068690637113
755	2.0815837097797854	0.2949320334847412
760	2.0787618427077663	0.2958821505133541
765	2.075925582708066	0.2968351327282471
770	2.073071135462516	0.2977901803910007
775	2.0702321640179537	0.29877962489437226
780	2.068872485361443	0.30132769179179797
785	2.06751803914909	0.3038942129204121
790	2.0661656146688143	0.306478588700734
795	2.0648184211892064	0.3090816217545906
800	2.063488303770009	0.3116939779619527
805	2.062895078836948	0.31389144615793424
810	2.0623078412726277	0.3160982544225314
815	2.0617294958734877	0.3183150659999357
820	2.0611572618778213	0.3205412554127272
825	2.060593916128213	0.32277746447029493
830	2.0598358249291593	0.3251217423651741
835	2.0589909630697014	0.3275251094760003
840	2.0581511853002215	0.3299410806739592
845	2.0573190429927966	0.3323702877112459
850	2.056492135628317	0.3348121920938148
855	2.055672906900604	0.3372674070410023
860	2.0557484784717466	0.34018442616422806
865	2.0558605304126774	0.3431195888043294
870	2.0559888671621738	0.3460630679485111
875	2.0561357708509482	0.3490153320852709
880	2.0562991857493516	0.35197577201636854
885	2.0564813027507873	0.35494484059514214
890	2.056662686987766	0.35773678598214864
895	2.056858390826856	0.3605109236350746
900	2.0570687580360785	0.3632918614723305
905	2.057295789329168	0.36608003771352604
910	2.0575376624105526	0.36887488853508704
915	2.057796300541237	0.37167683821060754
920	2.0583623132969304	0.37462496321746375
925	2.0595728339907162	0.3778711023402573
930	2.0608081785493733	0.3811149756872968
935	2.062070072113819	0.38435684828058253
940	2.0633568494617247	0.3875960463473375
945	2.06467016651456	0.3908328258949437
950	2.0660084177537166	0.3940665207032601
955	2.0673058233489052	0.3971394565118973
960	2.0684311510456093	0.3997600876702207
965	2.069574548469934	0.40237858207959326
970	2.070734512171994	0.40499438511038593
975	2.071912503160336	0.4076078216754142
980	2.073107071002059	0.41021834608513424
985	2.074319622245633	0.41282627456372795
990	2.0755487568712585	0.4154310701270856
995	2.0776644267728375	0.4183904406307528
1000	2.080337526073142	0.42155069466154255
1005	2.083038795154217	0.42468949061280137
1010	2.0857667098167614	0.42780617464421844
1015	2.088522313070683	0.43090091637866007
1020	2.0913041211342214	0.43397307435300536
1025	2.0941131318510484	0.43702282042628415
1030	2.096947900249128	0.4400495253597564
1035	2.0996493544939527	0.44239768552321057
1040	2.1021208527567947	0.4437442045474466
1045	2.104596930187526	0.44507525551370414
1050	2.1070763435857525	0.44639046437043506
1055	2.1095601024384814	0.4476902310793688
1060	2.112046999873215	0.4489741900613997
1065	2.1145380130517397	0.4502427348289456
1070	2.117031969916438	0.4514955080085395
1075	2.1195298167007843	0.45273289682129186
1080	2.122068390769543	0.45392541327335223
1085	2.1246668259141956	0.4550583227794917
1090	2.1272667186315353	0.45617476699570525
1095	2.1298689546128537	0.4572751330884482
1100	2.1324724549546055	0.45835909877809067
1105	2.1350780785658974	0.45942704525901057
1110	2.137684776038106	0.4604786573479676
1115	2.1402933805993984	0.461514310402778
1120	2.142902871166909	0.462533696123468
1125	2.14551405633181	0.46353718416311407
1130	2.1477002597567774	0.4640676532728504
1135	2.149601048566955	0.4642850324301187
1140	2.1514985310904193	0.46449539186967426
1145	2.1533935449523525	0.46469908251755593
1150	2.1552852225061345	0.46489581160335053
1155	2.1571743785758923	0.4650859226507997
1160	2.159060168782336	0.46526912989408975
1165	2.1609433860073897	0.4654457696866419
1170	2.162823208268135	0.46561556304463314
1175	2.16470040732261	0.4657788393736997
1180	2.1665741827543035	0.46593532625876544
1185	2.168043609532534	0.4662292531524562
1190	2.1694116073593124	0.4665546283983513
1195	2.170779601101491	0.46687601782075394
1200	2.1721468351095052	0.46719314226319003
1205	2.1735140244189775	0.4675062915575726
1210	2.1748804331785982	0.4678151929476197
1215	2.176246757495642	0.46812013002634695
1220	2.1776122806020934	0.46842083623337877
1225	2.1789776803569687	0.4687175891197374
1230	2.180342258392855	0.4690101281251448
1235	2.1817066749701097	0.4692987249474793
1240	2.1830702494697514	0.4695831248387989
1245	2.1840587163791367	0.46976568085049925
1250	2.1850466355475016	0.46994601472107633
1255	2.1860346400873465	0.47012438189160943
1260	2.1870220896880475	0.4703005343847653
1265	2.1880096013651276	0.4704747219514561
1270	2.1890784458697836	0.4709598229895023
1275	2.190148608887428	0.4714421750108401
1280	2.19121947770744	0.471921537668048
1285	2.192291634340131	0.47239814698139504
1290	2.193364481296618	0.47287176764093114
1295	2.1938818037803425	0.47309956748511905
1300	2.1942600769307243	0.4732659173019264
1305	2.1946389973305522	0.47343206450922165
1310	2.1950180040254548	0.4735977838854204
1315	2.1953976433093456	0.47376329578148896
1320	2.195757368188744	0.47396690192707547
1325	2.1960379266456123	0.4743245062904492
1330	2.1963189291700935	0.4746818893797441
1335	2.196600895450738	0.47503926108370464
1340	2.196883305585145	0.47539641094482854
1345	2.1971666664175014	0.4757535441212312
1350	2.1971491527936333	0.4761614604084441
1355	2.196679831143243	0.47664642485773284
1360	2.1962098536886088	0.4771319697531903
1365	2.1957397009548214	0.47761829182604365
1370	2.195268889791351	0.4781051958864929
1375	2.1947978885634853	0.4785928739930262
1380	2.1941603222559696	0.4792683795241867
1385	2.1932723762101194	0.480226649604366
1390	2.192381876622199	0.48118711936728803
1395	2.191489261255836	0.4821499766324047
1400	2.1905940760643707	0.48311504441619185
1405	2.189696747279345	0.4840825063530986
1410	2.1885906743033234	0.4851305136893612
1415	2.1866529924552625	0.486494603075481
1420	2.1847046649752757	0.48786156102482153
1425	2.182746048628006	0.48923155472734675
1430	2.18078150940275	0.4917392611118314
1435	2.178804251439976	0.4942621216554272
1440	2.1768137874697366	0.496800067860404
1445	2.1739974069450523	0.5000304900626706
1450	2.170606850534779	0.5037400037952123
1455	2.1671794572977827	0.5074807012747077
1460	2.1641118210716983	0.5119615181770337
1465	2.1626318972524787	0.5193523857720258
1470	2.161174420472069	0.5268475438838469
1475	2.1597407385321934	0.5344483061318694
1480	2.1605525907819763	0.5416560362896216
1485	2.161992734581135	0.548797351573087
1490	2.163511955127923	0.5559912682221145
1495	2.165539261824298	0.5630456057670082
1500	2.1693654571412813	0.5693489346276797
1505	2.173286244199218	0.5756450668198873
1510	2.1773016150158173	0.5819327458857206
1515	2.181124870351453	0.5869473150093716
1520	2.184814343660997	0.591101578604505
1525	2.1885525026668007	0.5952358423298449
1530	2.1923389656211842	0.599349508676195
1535	2.196173953280418	0.6034422955067574
1540	2.200057087475173	0.6075136131130704
1545	2.2039885789659466	0.6115631868094528
1550	2.2079680537960003	0.6155904346430324
1555	2.2112292023505855	0.6184454392643525
1560	2.2145163485760846	0.621283443234862
1565	2.2178296984720847	0.6241044257932724
1570	2.2211689004865813	0.6269080584525426
1575	2.224534154958613	0.6296943220573384
1580	2.2279251168138816	0.632462891390256
1585	2.2313419810928377	0.6352137487999003
1590	2.2347844092073177	0.6379465722069101
1595	2.238448494706836	0.6417109851921724
1600	2.2421542585962824	0.6454598670728711
1605	2.245901957352227	0.6491930652832635
1610	2.2496913365597133	0.6529101265453581
1615	2.253522646864494	0.6566109024320032
1620	2.2573956397792085	0.6602949446696637
1625	2.2613105608027952	0.6639621089594304
1630	2.2652671677375933	0.6676119519956126
1635	2.269380552262955	0.6707339732088632
1640	2.273528625384495	0.6738332050001914
1645	2.277711558758689	0.6769095543415256
1650	2.281929058234146	0.6799626301931603
1655	2.286181293375807	0.6829923418930745
1660	2.2904679779168733	0.6859983016009705
1665	2.2947892798150336	0.6889804207891878
1670	2.2991449209006767	0.6919383145621453
1675	2.3035350679991238	0.6948718962856761
1680	2.308491327498497	0.6975274422962205
1685	2.3134807544487477	0.7001486451279646
1690	2.3185030070907473	0.702735103208913
1695	2.32355817216288	0.7052867107005536
1700	2.328645917990577	0.7078030663270799
1705	2.333766333277017	0.7102840637388057
1710	2.3389190965642643	0.712729301413826
1715	2.3441042988747998	0.7151386719592806
1720	2.3493216290985965	0.7175117730551799
1725	2.354754130427684	0.7195805572183241
1730	2.360335664834645	0.7214283906155351
1735	2.365943083180575	0.7232324200504545
1740	2.3715760185780854	0.7249922593615309
1745	2.377234494319595	0.7267078129262605
1750	2.3829181530206114	0.7283786892174052
1755	2.3886270207177502	0.730004786526703
1760	2.394360749388214	0.7315857072454679
1765	2.4001193678556607	0.7331213428730281
1770	2.4059025373167082	0.7346112889849031
1775	2.411393010431453	0.7354562540833665
1780	2.4168163365377775	0.7361089608296072
1785	2.4222505005862742	0.7367196029238298
1790	2.4276951499922035	0.7372878760139631
1795	2.4331502884841156	0.7378137629206853
1800	2.4386155669080516	0.7382969522458092
1805	2.444090986875317	0.7387374187700534
1810	2.4495762022654	0.7391348436247842
1815	2.455071212321406	0.7394891931431893
1820	2.4605756735469746	0.7398001405464334
1825	2.4659934201811975	0.7400497206057148
1830	2.4712751326877753	0.7402311867397153
1835	2.4765646785726214	0.7403724860608608
1840	2.4818617366959925	0.7404733030413665
1845	2.4871663158676602	0.740533605091412
1850	2.4924780962506627	0.7405530690763084
1855	2.4977970831069736	0.7405316537487352
1860	2.503122957496874	0.7404690279597821
1865	2.5084557208534632	0.7403651414181424
1870	2.5137950547109846	0.7402196545347772
1875	2.519140956370848	0.7400325075692686
1880	2.524560846333585	0.7398414270215128
1885	2.5302604408671003	0.7397576910759519
1890	2.5359701341713667	0.7396266776830643
1895	2.5416899115557556	0.7394482428220033
1900	2.547419451134576	0.7392219527546104
1905	2.553158734053922	0.7389476494456834
1910	2.5589074380788177	0.7386248851294485
1915	2.5646655397459814	0.7382534869683718
1920	2.570432715882797	0.7378329923199046
1925	2.5762089379293145	0.7373632127053543
1930	2.5819938811451837	0.7368436697015256
1935	2.587787511340196	0.7362741582938579
1940	2.5934457850555943	0.7355422677958241
1945	2.5990132538476804	0.7346876597340176
1950	2.60458455570452	0.7337851289107211
1955	2.610159625829001	0.7328344964788448
1960	2.6157381119960794	0.7318352949013054
1965	2.6213199402531093	0.7307873293548593
1970	2.626904752034911	0.7296901162759503
1975	2.6324924634197084	0.7285434440471473
1980	2.638082708537446	0.7273468121933467
1985	2.643675392602666	0.7260999914321854
1990	2.649270141390719	0.7248024634361493
1995	2.654866848267137	0.7234539803306496
2000	2.6604651295072155	0.7220540049350359
2005	2.6665113632451214	0.7201591696996713
2010	2.6725525925142692	0.7182017618523093
2015	2.6785885182866744	0.7161814167904039
2020	2.6846185622403036	0.7140974771110015
2025	2.6906423977475455	0.7119495517629725
2030	2.6966594196684173	0.7097369560547887
2035	2.702669270976429	0.707459271257557
2040	2.7086713166347307	0.705115784092869
2045	2.7146651660996355	0.7027060468843244
2050	2.720650151016527	0.7002293164296072
2055	2.726625843844267	0.6976851148020757
2060	2.7325915391012585	0.6950726675088728
2065	2.7385467683575837	0.6923914650482684
2070	2.744210615612543	0.6892256507318
2075	2.7497813525242165	0.6858904473137777
2080	2.75532683254358	0.6824894929301102
2085	2.7608463437095794	0.6790224563813594
2090	2.766338889579921	0.6754887187570162
2095	2.771803696358529	0.6718879375838793
2100	2.777239703793152	0.6682194832748616
2105	2.782646070618055	0.6644830038912379
2110	2.7880216667216993	0.6606778611871151
2115	2.793365577203778	0.6568036960765676
2120	2.7986765954887027	0.6528598642366327
2125	2.8039537263086465	0.6488460023722462
2130	2.809195679426839	0.6447614633497432
2135	2.814401371872676	0.6406058833543058
2140	2.819358060518205	0.6362037023534316
2145	2.823950237964283	0.6314750326124476
2150	2.828489740413754	0.6266853578243918
2155	2.8329752711339373	0.6218347862984507
2160	2.837405235947398	0.6169231702557743
2165	2.8417782478682776	0.6119506754995315
2170	2.8460926196905496	0.6069172173596492
2175	2.8503468703943438	0.6018230305102084
2180	2.8545392160448206	0.5966681056040297
2185	2.858668078423266	0.5914527592103838
2190	2.8627315739085835	0.5861770712584701
2195	2.866728024818525	0.5808414550441197
2200	2.870655445949515	0.5754460956209252
2205	2.874512059146847	0.5699915197939879
2210	2.878295777185542	0.5644780356166981
2215	2.8819451359526225	0.5589534484657
2220	2.8852829457840308	0.5535648417776107
2225	2.888548345723968	0.5481278997301606
2230	2.8917394244414916	0.5426432187512168
2235	2.8948545031135198	0.5371117514307048
2240	2.8978916101108116	0.5315342494830956
2245	2.900849013056682	0.5259118290185375
2250	2.9037246900271843	0.5202454157271867
2255	2.9065168669766566	0.5145363081669019
2260	2.909223485186688	0.5087856253628554
2265	2.9118427446027715	0.502994867668937
2270	2.9143725672704175	0.49716536697677866
2275	2.916811147116819	0.4912988446139478
2280	2.9191564091103057	0.48539686435309215
2285	2.921406565992561	0.47946138670559585
2290	2.9235595728865373	0.4734942249156148
2295	2.925613691432807	0.4674975948958215
2300	2.927184377999867	0.4614974378196943
2305	2.92855945841972	0.4554923773655387
2310	2.929833602029865	0.44948045313415197
2315	2.9310059757078366	0.4434644890896014
2320	2.932075562526661	0.4374471427054537
2325	2.9330417468305607	0.4314314307726676
2330	2.9339037449159044	0.4254201980092267
2335	2.934661196682043	0.4194166336531189
2340	2.935313589216401	0.4134237455752363
2345	2.9358608545695284	0.40744486684906833
2350	2.936302785764624	0.40148313603339386
2355	2.9366396401061365	0.3955419930080371
2360	2.936871547167699	0.3896246662494583
2365	2.9369991169326637	0.3837346573587591
2370	2.937022839396542	0.37787523632291603
2375	2.936943696770098	0.3720499143273092
2380	2.9367625544729274	0.3662619481617952
2385	2.9364258068506253	0.36062507120069465
2390	2.935783126779355	0.35547404008162453
2395	2.9350650149156965	0.3503708597069529
2400	2.9342730103718324	0.3453175209840954
2405	2.933409069451724	0.3403161533918162
2410	2.9324749342517573	0.33536857200748066
2415	2.931472752358097	0.3304767097799856
2420	2.9304044415664885	0.3256421787373431
2425	2.9292723107659615	0.32086669055372063
2430	2.9280784217184483	0.31615163250023465
2435	2.926825210827127	0.31149847622872673
2440	2.925514849000151	0.3069083688661952
2445	2.924149864010812	0.30238252991192077
2450	2.922732499512276	0.29792185770038065
2455	2.9212653376852367	0.29352731428072126
2460	2.919750658471383	0.28919954729736796
2465	2.9181910621735483	0.28493926269994463
2470	2.916588829937619	0.28074686192668574
2475	2.914946545925387	0.27662280228606423
2480	2.9132664600051883	0.2725672491853151
2485	2.9112402099251633	0.2683239694539372
2490	2.9091817289399504	0.2641640822861889
2495	2.9070940645469023	0.26008721395948814
2500	2.904979868012951	0.25609270563308856
2550	2.882932090571773	0.22048116787437477
2600	2.86181893911246	0.194187622189612
2650	2.843953683788358	0.1765893525807437
2700	2.827444559711315	0.16180012983352557
2750	2.813786330404238	0.1497773403906644
2800	2.800986258618869	0.13928707061291232
2850	2.7900087739961466	0.13022149526227877
2900	2.780189530428947	0.12221734794034868
2950	2.770911132083223	0.1150322724927162
3000	2.762748539723207	0.10684338682915454
3050	2.754934826026206	0.09941050357321748
3100	2.7474513871107424	0.09270801381430205
3150	2.740817525691745	0.08525793733169426
3200	2.7343657822466647	0.07852631035920556
3250	2.7281179253906926	0.07243498864524563
3300	2.721739815385358	0.06711063345609065
3350	2.715526313158522	0.06235474151575122
3400	2.709601098272862	0.058039429143116814
3450	2.7039065320215836	0.05401820703134748
3500	2.698141815461828	0.04970362777317729
3550	2.6926476070264287	0.045804063921630424
3600	2.6874139168877558	0.04227173187115288
3650	2.682391041511253	0.03909100549540069
3700	2.6770509864865866	0.03658760493126311
3750	2.6720214351922813	0.03430932994725769
3800	2.667278697274189	0.03223008861061556
3850	2.6628011867913886	0.03032746871057076
3900	2.6584446384212854	0.02870234272824002
3950	2.654215618319823	0.02731957466017372
4000	2.650226877083556	0.02604028091053353
4050	2.646459681169047	0.024853948160925766
4100	2.6428971499187104	0.02375140584390802
4150	2.6395793935511596	0.022850416897499247
4200	2.6365342693749216	0.022236556161854392
4250	2.6336378000777363	0.021649952402080674
4300	2.6308799437890773	0.021088808911219486
4350	2.6282515328188447	0.020551492043909148
4400	2.6257441801065613	0.02003651215596009
4450	2.6233501975602818	0.019542507256643027
4500	2.6210625245370807	0.019068228923248807
4550	2.6188746650093466	0.018612530112161924
4600	2.616780632196492	0.018174354567661515
4650	2.61477489963688	0.017752727583100952
4700	2.612852357833686	0.017346747911903274
4750	2.6110082757408617	0.016955580660334986
4800	2.609238266464325	0.016578451021969663
4850	2.607538256645418	0.016214638736559275
4900	2.6059044590697034	0.015863473174668987
4950	2.604333348108586	0.0155243289647862
5000	2.6028514268511094	0.015254245585246724
5050	2.601429754631394	0.015003140943362879
5100	2.6000588825459117	0.014757747702609375
5150	2.5987363403982373	0.014517923577772276
5200	2.597459810756421	0.014283528055938308
5250	2.596227117442615	0.014054422703493337
5300	2.5950362150476654	0.013830471413223555
5350	2.59388517936532	0.013611540600469617
5400	2.5927721986528933	0.013397499355962973
5450	2.591695565636011	0.013188219561860079
5500	2.5906536701841887	0.012983575976546218
5550	2.5896449925925347	0.012783446292975438
5600	2.588668097411321	0.01258771117462565
5650	2.5877216277723503	0.012396254272577479
5700	2.5868043001656584	0.012208962226706673
5750	2.5859148996254318	0.012025724653569957
5800	2.585052275288231	0.011846434123193575
5850	2.5842153362903653	0.011670986126659467
5900	2.5834030479743784	0.011499279036112873
5950	2.5826144283780184	0.011331214058591959
6000	2.581848544981532	0.011166695184874823
6050	2.5811045116910036	0.01100562913436435
6100	2.5803814860384446	0.010847925296897789
6150	2.5796786665805778	0.010693495672224787
6200	2.5789953636240917	0.010542828739683829
6250	2.5783342000394915	0.010422607773085952
6300	2.577690759890518	0.010303933345857502
6350	2.577064405099742	0.010186806068875206
6400	2.5764545264429044	0.010071224147853898
6450	2.57586054197659	0.009957183636445916
6500	2.575281895566418	0.009844678665780801
6550	2.574718055508118	0.009733701652684924
6600	2.574168513234848	0.00962424348860657
6650	2.573632782104661	0.009516293711056655
6700	2.573110396262269	0.009409840659202603
6750	2.572600909570035	0.009304871615088901
6800	2.572103894603234	0.009201372931812859
6850	2.5716189417053106	0.009099330149856082
6900	2.5711486923538187	0.009004453569052273
6950	2.570698905366203	0.008928488549654334
7000	2.570259370357503	0.008852927020770625
7050	2.5698297766354496	0.008777795499817727
7100	2.569409825218644	0.008703118072097999
7150	2.5689992283095853	0.008628916564995981
7200	2.5685977087953646	0.008555210709597942
7250	2.568204999774123	0.008482018290699923
7300	2.567820844105933	0.008409355286087234
7350	2.5674449939865234	0.008337235995896947
7400	2.5670772105426787	0.008265673162812523
7450	2.56671726344795	0.008194678083772177
7500	2.566364930557569	0.008124260713822959
7550	2.566019997561491	0.008054429762705862
7600	2.565682257654414	0.00798519278469445
7650	2.5653515112220955	0.007916556262194988
7700	2.565027565542685	0.007848525683547106
7750	2.5647101489736595	0.007781218999882756
7800	2.5643950485795166	0.007719955035589578
7850	2.5640863479900906	0.007659065789700375
7900	2.563783875004449	0.007598563850100584
7950	2.5634874631606377	0.0075384606379063175
8000	2.5631969515083286	0.007478766483769277
8050	2.5629121843919767	0.007419490699251258
8100	2.562633011243641	0.007360641643599323
8150	2.5623592863854574	0.007302226786239849
8200	2.562090868840717	0.007244252765271531
8250	2.561827622153466	0.007186725442232536
8300	2.5615694142162195	0.007129649953386536
8350	2.561316117105059	0.007073030757757983
8400	2.561067606922109	0.007016871682133755
8450	2.5608237636448616	0.006961175963230235
8500	2.5605844709818966	0.00690594628720815
8550	2.5603496162350075	0.006851184826711444
8600	2.560119090166995	0.006796893275590102
8650	2.559892786875332	0.006743072881454954
8700	2.5596706036709103	0.006689724476204488
8750	2.5594524409621404	0.0066368485046545325
8800	2.5592382021436375	0.006584445051390922
8850	2.559027793489747	0.006532513865956894
8900	2.5588237033468206	0.006492315822675104
8950	2.5586234592024946	0.00645372872414592
9000	2.5584266211711433	0.006415203559284106
9050	2.558233113536575	0.00637675204923927
9100	2.5580428626371625	0.006338385228326691
9150	2.5578557968006623	0.006300113478651042
9200	2.5576718462813157	0.006261946562945358
9250	2.5574909431993103	0.006223893655727857
9300	2.557313021482323	0.006185963372863381
9350	2.5571380168091356	0.006148163799617942
9400	2.5569658665553376	0.006110502517288823
9450	2.5567965097407903	0.006072986628484031
9500	2.556629886979124	0.00603562278112675
9550	2.556465940428821	0.005998417191248788
9600	2.5563046137461227	0.005961375664641606
9650	2.556145852039525	0.005924503617421739
9700	2.5559896018258406	0.005887806095570432
9750	2.555835810987854	0.005851287793499741
9800	2.5556844287332594	0.005814953071696302
9850	2.555535405555179	0.0057788059734923845
9900	2.5553886931939322	0.005742850241007194
9950	2.5552442446001007	0.005707089330301792
10000	2.5551020138989213	0.005671526425791228
10050	2.5549619563557147	0.005636164453947654
10100	2.554824028342635	0.005601006096332684
10150	2.554688187306497	0.00556605380199483
10200	2.5545543917375197	0.00553130979926076
10250	2.5544226011393576	0.0054967761069557195
10300	2.5542927759998917	0.005462454545075776
10350	2.5541650748917277	0.005431598201005322
10400	2.5540395182894944	0.00540567496269898
10450	2.5539157587086154	0.005379745583575935
10500	2.553793763037559	0.005353817187612792
10550	2.553673498896832	0.005327896572797104
10600	2.55355493462056	0.005301990224449654
10650	2.553438039238377	0.005276104327991941
10700	2.5533227824579936	0.0052502447811768925
10750	2.5532091346481014	0.005224417205812847
10800	2.553097066821858	0.005198626958998007
10850	2.5529865506208003	0.005172879143889073
10900	2.5528775582991687	0.005147178620024732
10950	2.5527700627086882	0.005121530013222325
11000	2.552664037283801	0.005095937725067994
11050	2.5525594560272022	0.005070405942014956
11100	2.5524562934959203	0.005044938644110955
11150	2.552354524787626	0.005019539613366766
11200	2.5522541255274627	0.00499421244178476
11250	2.5521550718550707	0.004968960539058733
11300	2.5520573404121603	0.004943787139963378
11350	2.55196090833021	0.004918695311440652
11400	2.5518657532186593	0.004893687959402375
11450	2.551771853153385	0.00486876783525691
11500	2.5516791866654316	0.004843937542173101
11550	2.551587732730055	0.004819199541089961
11600	2.5514974707561757	0.004794556156490837
11650	2.5514083805759378	0.0047700095819389835
11700	2.551320442434681	0.004745561885397019
11750	2.5512336369810913	0.0047212150143318785
11800	2.551147945257758	0.00469697080061762
11850	2.5510633486917103	0.004672830965239889
11900	2.550979829085541	0.0046487971228183845
11950	2.5508973686084837	0.004624870785946602
12000	2.550815949787897	0.004601053369360751
12050	2.5507355555008995	0.004577346193944385
12100	2.5506561689662086	0.004553750490574227
12150	2.550577773736262	0.004530267403815079
12200	2.5505003536894923	0.004506897995468695
12250	2.5504238930227876	0.00448364324798503
12300	2.550348376244228	0.004460504067736377
12350	2.5502737881659066	0.004437481288167503
12400	2.550200113897002	0.004414575672817853
12450	2.5501273811597316	0.00439560843598578
12500	2.5500555135702965	0.004376671742934059
12550	2.5499844979703847	0.004357768100526752
12600	2.549914321439841	0.00433889991160782
12650	2.5498449712918267	0.0043200694785908095
12700	2.5497764350680168	0.004301279006925317
12750	2.5497087005339583	0.004282530608444446
12800	2.549641755674503	0.0042638263045951304
12850	2.549575588689309	0.004245168029556122
12900	2.5495101879885067	0.004226557633252565
12950	2.5494455421884	0.004207996884261021
13000	2.549381640107317	0.004189487472620031
13050	2.549318470761559	0.004171031012541448
13100	2.5492560233612966	0.00415262904502825
13150	2.549194287306773	0.004134283040405578
13200	2.5491332521844448	0.004115994400763239
13250	2.549072907763263	0.0040977644623156045
13300	2.5490132439909634	0.004079594497681245
13350	2.548954250990604	0.0040614857180845095
13400	2.548895919056952	0.0040434392754830385
13450	2.5488382386531283	0.004025456264622015
13500	2.548781200407294	0.004007537725022037
13550	2.5487247951093046	0.0039896846428945625
13600	2.548669013707569	0.003971897952997339
13650	2.548613847305909	0.003954178540425358
13700	2.5485592871604807	0.003936527242340691
13750	2.548505324676831	0.00391894484964537
13800	2.5484519249274586	0.0039025894528214073
13850	2.5483990571889867	0.0038879988488707278
13900	2.5483467495315435	0.0038734207827210466
13950	2.548294994474145	0.0038588570049239573
14000	2.5482437846527572	0.0038443092046928605
14050	2.548193112818247	0.00382977901173416
14100	2.5481429718344306	0.0038152679980221057
14150	2.548093354676063	0.0038007776795211242
14200	2.5480442544270083	0.0037863095178563956
14250	2.547995664278318	0.003771864921934652
14300	2.5479475775263425	0.0037574452495164603
14350	2.5478999875710238	0.003743051808741833
14400	2.547852887913981	0.0037286858596113984
14450	2.5478062721568757	0.00371434861542025
14500	2.547760133999659	0.0037000412441544526
14550	2.547714467238867	0.003685764869840344
14600	2.547669265765973	0.0036715205738593183
14650	2.547624523565791	0.003657309396219585
14700	2.5475802347148346	0.0036431323367916617
14750	2.5475363933797808	0.003628990356509962
14800	2.5474929938159545	0.003614884378532857
14850	2.5474500303657592	0.0036008152893768556
14900	2.5474074974572307	0.0035867839400090143
14950	2.547365389602573	0.0035727911469126744
15000	2.5473237013967758	0.0035588376931222463
15050	2.547282427516114	0.0035449243292229094
15100	2.54724156271683	0.003531051774324003
15150	2.5472011018338288	0.0035172207170077485
15200	2.547161039779245	0.003503431816241622
15250	2.5471213715412038	0.0034896857022706303
15300	2.5470820921825394	0.0034759829774830505
15350	2.5470431968394966	0.003462324217247833
15400	2.5470046807205864	0.0034487099707304477
15450	2.5469665391052496	0.0034351407616825275
15500	2.546928767342755	0.0034216170892114746
15550	2.5468909111808786	0.003411329617685841
15600	2.546853407381785	0.003401029730844454
15650	2.5468162519446507	0.003390718859782066
15700	2.546779440919569	0.003380398396563608
15750	2.5467429704067923	0.0033700696951802526
15800	2.54670683655615	0.0033597340724827135
15850	2.5466710355663635	0.003349392809090632
15900	2.546635563684461	0.0033390471502784042
15950	2.5466004172050245	0.003328698306841456
16000	2.5465655924697326	0.003318347455941453
16050	2.5465310858666177	0.003307995741927538
16100	2.546496893829493	0.0032976442771398095
16150	2.546463012837336	0.0032872941426949813
16200	2.546429439413759	0.003276946389247821
16250	2.5463961701263256	0.0032666020377391373
16300	2.54636320158602	0.003256262080120979
16350	2.5463305304466544	0.0032459274800686728
16400	2.5462981534043325	0.0032355991736711274
16450	2.546266067196842	0.0032252780701063958
16500	2.5462342686031287	0.0032149650523018492
16550	2.5462027544427497	0.0032046609775770014
16600	2.546171521575326	0.0031943666782680014
16650	2.5461405668999793	0.003184082962343723
16700	2.5461098873548607	0.0031738106139990833
16750	2.5460794799165947	0.0031635503942406564
16800	2.5460493415997485	0.0031533030414519895
16850	2.546019469456362	0.0031430692719511145
16900	2.5459898605754607	0.0031328497805297533
16950	2.5459605120824746	0.003122645240982355
17000	2.545931421138853	0.0031124563066214006
17050	2.5459025849414845	0.003102283610778155
17100	2.545874000722323	0.0030921277672971755
17150	2.545845665747827	0.003081989371010386
17200	2.545817577318545	0.003071868998208747
17250	2.545789732768673	0.003061767207094296
17300	2.545762129465535	0.0030516845382279156
17350	2.545734764809222	0.0030416215149614762
17400	2.5457076362320663	0.003031578643863257
17450	2.545680741198288	0.0030215564151304195
17500	2.5456540772035154	0.003011555302991461
17550	2.5456276417743795	0.0030015757661029066
17600	2.5456014324680716	0.002991618247930655
17650	2.5455754468720158	0.0029816831771283885
17700	2.545549682603344	0.002971770967899463
17750	2.545524140442017	0.002963569664099199
17800	2.5454988059328696	0.0029557852256220656
17850	2.5454736752142164	0.00294799332485258
17900	2.545448746336951	0.002940194743607313
17950	2.545424017372101	0.0029323902456537634
18000	2.545399486410639	0.002924580577079095
18050	2.5453751515632526	0.002916766466651342
18100	2.5453510109602364	0.002908948626173198
18150	2.5453270627511717	0.002901127750830855
18200	2.5453033051048464	0.002893304519532559
18250	2.5452797362090354	0.0028854795952416123
18300	2.5452563542702658	0.002877653625303866
18350	2.545233157513687	0.002869827241767063
18400	2.5452101441828447	0.002862001061692854
18450	2.545187312539518	0.0028541756874672906
18500	2.545164660863541	0.0028463517070974383
18550	2.5451421874525675	0.0028385296945095608
18600	2.5451198906219537	0.0028307102098354088
18650	2.545097768704577	0.00282289379969753
18700	2.5450758200505734	0.0028150809974840183
18750	2.54505404302727	0.0028072723236231825
18800	2.5450324360189156	0.0027994682858453403
18850	2.5450109974265893	0.0027916693794499273
18900	2.544989725667922	0.0027838760875540025
18950	2.544968619177044	0.0027760888813473787
19000	2.5449476764043335	0.002768308220337258
19050	2.5449268958162734	0.002760534552587846
19100	2.54490627589525	0.0027527683149545412
19150	2.5448858151394464	0.0027450099333180236
19200	2.5448655120626236	0.002737259822807759
19250	2.5448453651940177	0.0027295183880248933
19300	2.5448253730780785	0.0027217860232582832
19350	2.544805534274414	0.0027140631126980233
19400	2.5447858473575304	0.0027063500306441484
19450	2.5447663109167977	0.0026986471417109748
19500	2.544746923556175	0.002690954801024988
19550	2.544727683894084	0.0026832733544249684
19600	2.544708590563327	0.002675603138649741
19650	2.544689642210835	0.0026679444815312326
19700	2.544670837497557	0.002660297702174414
19750	2.544652175098354	0.0026526631111419355
19800	2.5446336537017795	0.0026450410106272485
19850	2.5446152720099597	0.00263743169463282
19900	2.544597028738473	0.002629835449137052
19950	2.5445789226161484	0.002622252552261977
20000	2.5445609523849875	0.0026146832744357216
20050	2.5445431111085544	0.0026071278609919343
20100	2.544525393813001	0.0025995865560903804
20150	2.544507799350116	0.0025920596085001408
20200	2.544490326583554	0.002584547259913523
20250	2.5444729743887065	0.002577049745091546
20300	2.5444557416525786	0.002569567292010412
20350	2.5444386272736637	0.0025621001220041072
20400	2.54442163016182	0.002554648449900941
20450	2.5444047492381485	0.002547212484161646
20500	2.54438798343487	0.0025397924270111833
20550	2.5443713316952077	0.0025323884745722
20600	2.5443547929732695	0.0025250008169890354
20650	2.5443383662339256	0.0025176296385574577
20700	2.5443220560100994	0.0025118828139165344
20750	2.544305848182551	0.002506532305099569
20800	2.5442897395933333	0.0025011741063374116
20850	2.5442737294889404	0.002495808638957738
20900	2.544257817121383	0.00249043631673259
20950	2.544242001748165	0.0024850575460003553
21000	2.5442262826322524	0.0024796727257806
21050	2.54421065904206	0.002474282247893232
21100	2.544195130251412	0.0024688864970672255
21150	2.544179695539526	0.00246348585105716
21200	2.544164354190984	0.0024580806807496455
21250	2.5441491054957015	0.0024526713502768366
21300	2.5441339487489074	0.002447258217117686
21350	2.544118883251112	0.0024418416322076523
21400	2.5441039083080788	0.0024364219400406684
21450	2.544089023230805	0.0024309994787720525
21500	2.5440742273354795	0.0024255745803179124
21550	2.5440595199434686	0.0024201475704561846
21600	2.544044900381278	0.002414718768921757
21650	2.5440303679805307	0.00240928848950531
21700	2.544015922077933	0.0024038570401461066
21750	2.5440015620152474	0.002398424723025794
21800	2.543987287139266	0.0023929918346595417
21850	2.5439730968017766	0.002387558665988107
21900	2.543958990359538	0.002382125502463993
21950	2.5439449671742462	0.0023766926241427363
22000	2.5439310266125075	0.0023712603057657856
22050	2.543917168045809	0.002365828816847215
22100	2.543903390850486	0.0023603984217576987
22150	2.543889694407695	0.002354969379805643
22200	2.543876078103384	0.0023495419453188958
22250	2.5438625413282554	0.002344116367725082
22300	2.5438490834777485	0.0023386928916290894
22350	2.5438357039519977	0.0023332717568918873
22400	2.543822402155809	0.0023278531987058104
22450	2.5438091774986265	0.0023224374476703813
22500	2.543796029394504	0.0023170247298645364
22550	2.5437829572620743	0.0023116152669221224
22600	2.5437699605245183	0.0023062092761004
22650	2.543757038609535	0.0023008069703534455
22700	2.5437441909493126	0.0022954085584000407
22750	2.5437314169804948	0.0022900142447920143
22800	2.5437187161441557	0.0022846242299829193
22850	2.5437060878857656	0.0022792387103919335
22900	2.5436935316551597	0.0022738578784719456
22950	2.5436810469065145	0.002268481922771465
23000	2.543668633098311	0.0022631110279988332
23050	2.543656289693308	0.002257745375084964
23100	2.543644016158511	0.0022523851412439523
23150	2.5436318119651435	0.002247030500033677
23200	2.5436196765886145	0.002241681621415379
23250	2.5436076095084923	0.002236338671811558
23300	2.543595610208472	0.0022310018141645316
23350	2.543583678176349	0.002225671207992499
23400	2.5435718129039846	0.002220347009445787
23450	2.5435600138872814	0.0022150293713611205
23500	2.5435482806261507	0.002209718443316188
23550	2.543536612624486	0.0022044143716833803
23600	2.5435250093901303	0.002199117299681292
23650	2.5435134704348505	0.002193827367426991
23700	2.5435019952743065	0.002188544711986888
23750	2.5434905834280244	0.002183269467426108
23800	2.5434792344193635	0.0021780017648583964
23850	2.543467947775492	0.0021727417324950006
23900	2.543456723027357	0.0021674894956905423
23950	2.543445559709656	0.0021622451769923116
24000	2.5434344573608083	0.0021570088961850157
24050	2.543423415522926	0.002151780770337222
24100	2.5434124337417905	0.0021465609138455193
24150	2.5434015115668185	0.002141349438479456
24200	2.543390648551038	0.0021361464534227497
24250	2.5433798442510596	0.0021309520653199
24300	2.54336909822705	0.0021257663783146993
24350	2.5433584100427025	0.002120589494093969
24400	2.5433477792652126	0.002115421511926772
24450	2.5433372054652477	0.002110262528705983
24500	2.5433266882169234	0.002105112638986425
24550	2.5433162270977747	0.002099971935025011
24600	2.5433058216887305	0.002094840506818764
24650	2.543295471574084	0.002089718442141302
24700	2.543285176341473	0.002084605826582451
24750	2.543274935581846	0.0020795027435819564
24800	2.5432647488894413	0.002074409274467296
24850	2.543254615861759	0.0020693254984890906
24900	2.5432445360995364	0.002064251492854766
24950	2.543234509206721	0.002059187332763666
25000	2.5432245347904456	0.002054133091440701
25050	2.543214612461004	0.00204908884016987
25100	2.5432047418318247	0.0020440546483265817
25150	2.543194922519445	0.0020390305834095375
25200	2.5431851541434907	0.0020340167110736965
25250	2.543175436326645	0.002029013095160407
25300	2.543165768694628	0.002024019797727468
25350	2.543156150876171	0.0020190368790816223
25400	2.5431465825029944	0.0020140643978060206
25450	2.54313706320978	0.002009102410791302
25500	2.5431275926341512	0.002004150973263159
25550	2.5431181704166437	0.001999210138810214
25600	2.5431087962006895	0.0019942799594151453
25650	2.5430994696325873	0.0019893604854780323
25700	2.54309019036148	0.001984451765845643
25750	2.543080958039335	0.0019795538478385518
25800	2.5430717723209173	0.0019746667772758417
25850	2.543062632863771	0.0019697905985017
25900	2.5430535393281923	0.001964925354412408
25950	2.5430444913772083	0.0019600710864766625
26000	2.5430354886765563	0.001955227834765507
26050	2.543026530894661	0.0019503956379740874
26100	2.5430176177026107	0.0019455745334443556
26150	2.5430087487741373	0.0019407645571916483
26200	2.542999923785596	0.0019359657439250403
26250	2.5429911424159393	0.0019311781270713604
26300	2.5429824043466986	0.0019264017387966904
26350	2.5429737092619633	0.0019216366100299766
26400	2.5429650568483604	0.0019168827704828934
26450	2.5429564467950283	0.001912140248672085
26500	2.542947878793603	0.0019074090719410166
26550	2.5429393525381943	0.0019026892664780698
26600	2.5429308677253633	0.00189798085734006
26650	2.542922424054106	0.0018932838684691824
26700	2.542914021225832	0.001888598322716077
26750	2.5429056589443406	0.0018839242418557268
26800	2.542897336915808	0.0018792616466094588
26850	2.5428890548487613	0.001874610556661136
26900	2.5428808124540616	0.0018699709906786416
26950	2.5428726094448857	0.00186534296632892
27000	2.5428644455367055	0.0018607265002982978
27050	2.5428563204472674	0.001856121608309108
27100	2.5428482338965757	0.0018515283051367872
27150	2.5428401856068734	0.001846946604627391
27200	2.542832175302623	0.0018423765197141855
27250	2.542824202710488	0.0018378180624349701
27300	2.542816267559314	0.0018332712439473617
27350	2.5428083695801122	0.0018287360745441257
27400	2.5428005085060392	0.0018242125636711594
27450	2.5427926840723813	0.0018197007199416246
27500	2.5427848960165336	0.001815200551151291
27550	2.542777144077985	0.0018107120642924645
27600	2.542769427998302	0.001806235265572093
27650	2.5427617475211046	0.001801770160422563
27700	2.542754102392058	0.0017973167535179286
27750	2.542746492358849	0.0017928750487885262
27800	2.5427389171711714	0.0017884450494326167
27850	2.542731376580709	0.001784026757932661
27900	2.5427238703411197	0.0017796201760667302
27950	2.5427163982080168	0.001775225304923304
28000	2.542708959938954	0.001770842144911937
28050	2.5427015552934087	0.0017664706957794501
28100	2.5426941840327677	0.0017621109566198791
28150	2.542686845920309	0.0017577629258871588
28200	2.5426795407211853	0.0017534266014086006
28250	2.5426722682024097	0.0017491019803957419
28300	2.542665028132841	0.0017447890594563084
28350	2.542657820283166	0.0017404878346062092
28400	2.5426506444258843	0.0017361983012814251
28450	2.542643500335296	0.0017319204543474807
28500	2.542636387787482	0.0017276542881127976
28550	2.5426293065602925	0.0017233997963377876
28600	2.542622256433332	0.0017191569722462415
28650	2.542615237187942	0.0017149258085360124
28700	2.542608248607188	0.0017107062973896697
28750	2.542601290475847	0.0017064984304831891
28800	2.542594362580387	0.001702302198998526
28850	2.5425874647089612	0.0016981175936307644
28900	2.5425805966513857	0.0016939446046003966
28950	2.5425737581991332	0.0016897832216607957
29000	2.5425669491453107	0.0016856334341086511
29050	2.542560169284653	0.0016814952307930649
29100	2.5425534184135055	0.0016773686001250402
29150	2.54254669632981	0.0016732535300857604
29200	2.542540002833094	0.0016691500082359912
29250	2.5425333377244557	0.001665058021724108
29300	2.5425267008065497	0.0016609775572949275
29350	2.542520091883577	0.0016569086012993095
29400	2.542513510761268	0.0016528511397000357
29450	2.5425069572468733	0.0016488051580822304
29500	2.542500431149149	0.0016447706416593871
29550	2.5424939322783433	0.0016407475752833174
29600	2.5424874604461882	0.0016367359434497969
29650	2.5424810154658797	0.0016327357303078513
29700	2.5424745971520712	0.0016287469196669543
29750	2.542468205320861	0.0016247694950024367
29800	2.542461839789779	0.0016208034394663057
29850	2.5424555003777707	0.0016168487358906112
29900	2.5424491869051935	0.0016129053667981042
29950	2.542442899193798	0.0016089733144056745
30000	2.54243663706672	0.0016050525606334947
