1.000000000000000000e+06 3.642826918205259545e+01 1.000000000000000021e-02 1.519876169310524147e-02
1.000000000000000000e+06 9.905711997390753254e+01 1.000000000000000021e-02 1.097191762234341235e-02
1.000000000000000000e+06 1.455890481447061902e+01 1.000000000000000021e-02 1.123281124904419725e-02
1.000000000000000000e+06 1.150633227406896282e+02 1.000000000000000021e-02 1.544596536705471722e-02
1.000000000000000000e+06 1.654622647937913769e+02 1.000000000000000021e-02 1.063824135283333860e-02
1.000000000000000000e+06 2.763980532700742643e+01 1.000000000000000021e-02 1.230853572433505960e-02
1.000000000000000000e+06 8.644006536800212359e+01 1.000000000000000021e-02 1.984391659769063274e-02
1.000000000000000000e+06 1.159224841824786552e+02 1.000000000000000021e-02 1.381068234971608369e-02
1.000000000000000000e+06 5.651786918799228943e+01 1.000000000000000021e-02 1.695980834313215446e-02
1.000000000000000000e+06 1.770901257196657070e+02 1.000000000000000021e-02 1.867043320355794844e-02
1.000000000000000000e+06 1.000717852342264109e+02 1.000000000000000021e-02 1.318038590509939233e-02
1.000000000000000000e+06 1.975063855663967729e+02 1.000000000000000021e-02 1.821550341434886866e-02
1.000000000000000000e+06 6.840778803371989625e+01 1.000000000000000021e-02 1.088253796974574666e-02
1.000000000000000000e+06 1.611209351515929029e+02 1.000000000000000021e-02 1.845722437042891795e-02
1.000000000000000000e+06 6.725432198969348008e+01 1.000000000000000021e-02 1.907873908407156649e-02
1.000000000000000000e+06 1.127605613833168690e+02 1.000000000000000021e-02 1.247233108987568125e-02
1.000000000000000000e+06 1.410868649376363351e+02 1.000000000000000021e-02 1.196065508827257561e-02
1.000000000000000000e+06 3.670090311883147649e+01 1.000000000000000021e-02 1.540254970705695094e-02
1.000000000000000000e+06 1.062354107229614328e+02 1.000000000000000021e-02 1.734424978678580226e-02
1.000000000000000000e+06 9.360893029086314243e+01 1.000000000000000021e-02 1.030834496078057543e-02
1.000000000000000000e+06 1.409273873936020038e+02 1.000000000000000021e-02 1.227871869881548908e-02
1.000000000000000000e+06 2.785172837553167113e+01 1.000000000000000021e-02 1.838598177067008593e-02
1.000000000000000000e+06 1.414957969775232272e+01 1.000000000000000021e-02 1.670063365115295045e-02
1.000000000000000000e+06 1.167567695291749743e+02 1.000000000000000021e-02 1.037989550808432124e-02
1.000000000000000000e+06 1.942013472304289792e+02 1.000000000000000021e-02 1.165659735281721586e-02
1.000000000000000000e+06 9.434064035193317466e+01 1.000000000000000021e-02 1.307504797529910473e-02
1.000000000000000000e+06 1.418943611797368476e+02 1.000000000000000021e-02 1.230633163228392682e-02
1.000000000000000000e+06 6.193948244973626061e+01 1.000000000000000021e-02 1.277399164609355903e-02
1.000000000000000000e+06 1.713709734474988124e+02 1.000000000000000021e-02 1.774738816183515921e-02
1.000000000000000000e+06 9.747638308557687026e+01 1.000000000000000021e-02 1.839299801611857937e-02
1.000000000000000000e+06 6.894298649719026173e+01 1.000000000000000021e-02 1.759991494715740928e-02
1.000000000000000000e+06 1.821240969346151672e+01 1.000000000000000021e-02 1.808930960843926905e-02
1.000000000000000000e+06 4.188759312964693748e+01 1.000000000000000021e-02 1.301391397792839646e-02
1.000000000000000000e+06 9.776986064961738521e+01 1.000000000000000021e-02 1.395915428341185788e-02
1.000000000000000000e+06 1.795773343017771708e+02 1.000000000000000021e-02 1.603078879304642435e-02
1.000000000000000000e+06 1.542670067351144496e+02 1.000000000000000021e-02 1.482563756409681008e-02
1.000000000000000000e+06 1.937011686163719730e+02 1.000000000000000021e-02 1.730125038936691437e-02
1.000000000000000000e+06 9.962056728950811646e+01 1.000000000000000021e-02 1.761991939046955030e-02
1.000000000000000000e+06 1.686290214662478206e+02 1.000000000000000021e-02 1.141661388555386715e-02
1.000000000000000000e+06 1.429479421371196679e+02 1.000000000000000021e-02 1.284428238401529900e-02
1.000000000000000000e+06 2.005420321017858853e+01 1.000000000000000021e-02 1.474399759464497563e-02
1.000000000000000000e+06 1.990616234949263514e+02 1.000000000000000021e-02 1.294391479350557282e-02
1.000000000000000000e+06 1.472175773289264384e+02 1.000000000000000021e-02 1.399048878486450556e-02
1.000000000000000000e+06 2.314638452192811968e+01 1.000000000000000021e-02 1.114230825320844213e-02
1.000000000000000000e+06 1.002213413789659029e+02 1.000000000000000021e-02 1.287695508660096841e-02
1.000000000000000000e+06 1.875052969720736655e+02 1.000000000000000021e-02 1.081112621478542112e-02
1.000000000000000000e+06 1.575427388347569035e+02 1.000000000000000021e-02 1.590388147428290280e-02
1.000000000000000000e+06 1.430607946090857467e+02 1.000000000000000021e-02 1.174184092922967923e-02
