5.186618089675903
3.1761693954467773
3.6403584480285645
4.278381586074829
2.8406646251678467
4.341127634048462
5.918887138366699
4.372866868972778
4.220904350280762
4.427679061889648
2.338628053665161
2.4166111946105957
2.397977828979492
3.565255641937256
5.205919027328491
2.391188144683838
2.390815019607544
2.3905563354492188
2.375354528427124
2.343723773956299
2.375288486480713
2.390270948410034
2.3599183559417725
2.359060525894165
2.858590841293335
2.422760486602783
2.4141652584075928
2.3999879360198975
2.4815313816070557
2.546937942504883
2.5157580375671387
2.4534780979156494
2.453070640563965
2.624241590499878
3.890796184539795
2.469409942626953
2.4684391021728516
3.4205050468444824
2.4355015754699707
2.6063528060913086
2.651608467102051
2.6012542247772217
2.6609582901000977
2.671466827392578
2.4362916946411133
2.578301191329956
2.561830520629883
2.8437418937683105
