2680621548
2340445311
2666196945
1723473556
917578211
1660467257
658981983
289678076
409825352
3639883685
1874281160
2457136878
1370426094
2696972667
1536377909
1025863467
2806984501
3723587926
1028940450
4175347608
292107530
4286198760
2055377884
1202778162
4260534006
3716372377
2672162007
4023362233
1649324819
1106841928
610335472
2037755930
2591883171
3840932325
2256265687
3130111363
4005541278
1344668527
1013567255
3675867855
1579662071
1696165332
3283242598
2894023985
3776804045
2201455356
2196195508
2465750836
