7.304315812183026502e-02
1.068597031277966902e-01
8.478862517787177921e-02
8.020438830879161873e-02
8.817865336091834649e-02
6.553904478900585140e-02
8.393342557518701508e-02
6.894483878102242169e-02
5.353820337886860958e-02
6.355234055224556755e-02
5.388083954515143770e-02
7.310985429208860520e-02
7.840433742158103847e-02
6.590102907520589692e-02
8.232994989901998295e-02
8.125012519554031254e-02
9.640365843451148553e-02
8.442399048339122025e-02
1.035428329772076772e-01
5.607244783558174017e-02
7.604011360625551053e-02
9.126049877778963371e-02
8.664448444081074285e-02
7.229556415516313894e-02
7.045682898176053310e-02
7.531259854038241386e-02
8.098988545855334564e-02
8.318873955841199486e-02
8.394725780666589809e-02
8.369015097810017512e-02
7.189306255880778540e-02
6.663522101084118354e-02
1.056795084778995308e-01
6.816238014908226894e-02
7.193020180503251204e-02
6.950257349232913384e-02
7.310265424383688426e-02
7.130587328651671886e-02
6.002249029908657274e-02
8.949348716433558337e-02
1.249107165743084114e-01
7.758253973506779033e-02
6.591990799065661211e-02
7.697699243739708486e-02
8.866169880318730545e-02
9.000331291001972822e-02
6.392899067256563317e-02
7.510193958878996767e-02
