0.9269568418781697
0.8931402968722033
0.9152113748221282
0.9197956116912084
0.9118213466390817
0.9344609552109941
0.916066574424813
0.9310551612189776
0.9464617966211314
0.9364476594477544
0.9461191604548486
0.9268901457079114
0.921595662578419
0.9340989709247941
0.91767005010098
0.9187498748044597
0.9035963415654885
0.9155760095166088
0.8964571670227923
0.9439275521644183
0.9239598863937445
0.9087395012222104
0.9133555155591893
0.9277044358448369
0.9295431710182395
0.9246874014596176
0.9190101145414467
0.916811260441588
0.9160527421933341
0.9163098490218998
0.9281069374411922
0.9333647789891588
0.8943204915221005
0.9318376198509177
0.9280697981949675
0.9304974265076709
0.9268973457561631
0.9286941267134833
0.9399775097009134
0.9105065128356644
0.8750892834256916
0.9224174602649322
0.9340800920093434
0.9230230075626029
0.9113383011968127
0.9099966870899803
0.9360710093274344
0.92489806041121
