280	5.647986944401495e-25
285	1.4076274386525933e-16
290	1.4216070438576762e-10
295	3.6528077251784094e-07
300	3.65928518005616e-05
305	0.0006882218198105545
310	0.002421802235244056
315	0.0072387932794203405
320	0.012026747300120834
325	0.01769642916129949
330	0.03212339457476442
335	0.03343754702189622
340	0.03802647212353239
345	0.03614334592302902
350	0.04291296102848369
355	0.05084915696848154
360	0.0504574845937031
365	0.052488794878562325
370	0.0627724266678452
375	0.048421539695935496
380	0.05681387146556757
385	0.05418730817985028
390	0.06407708202278235
395	0.06520819619953361
400	0.09049308437607075
405	0.09468408596010186
410	0.08721240041522145
415	0.10302521455807134
420	0.09534740395053386
425	0.10687582376535341
430	0.07528453162810216
435	0.10750961442839775
440	0.11656736472026008
445	0.12588502242810776
450	0.13351120841246203
455	0.13002677051793057
460	0.12884104829674387
465	0.1281350798782401
470	0.12683165550074782
475	0.12386589110184021
480	0.12252966799059883
485	0.1175666326651816
490	0.10499338679334043
495	0.10830988485157991
500	0.10392735388475521
505	0.0935699640202102
510	0.09711962144466005
515	0.0862858280703647
520	0.07638689392523486
525	0.08180021244372164
530	0.07731578557669117
535	0.0685279589227562
540	0.06368291560742693
545	0.060417339752169424
550	0.054452999808709435
555	0.04978643887443254
560	0.042070299117594544
565	0.039609213939821995
570	0.034962904294040004
575	0.03193318936076561
580	0.02758078715457091
585	0.02521868050391367
590	0.018214068389622102
595	0.017464434771224058
600	0.014810823742437798
605	0.01253239134990585
610	0.010104054871285158
615	0.007758031312243618
620	0.006284202223888883
625	0.004554430972102531
630	0.0033291203958138887
635	0.0023734858135787316
640	0.0016440747551594661
645	0.0010839875525135373
650	0.0007307596460229199
655	0.0006955714258085791
660	0.0008366078513882368
665	0.0012095799420247665
670	0.0018400458921384749
675	0.0026121296782884574
680	0.0036094042913796865
685	0.004761454581161677
690	0.005044146566443459
695	0.006952048782262146
700	0.008781577433073255
705	0.010624808566306454
710	0.012492786966721976
715	0.014365639719732645
720	0.011622400972758525
725	0.015011158641212025
730	0.016631512030682836
735	0.021575399052792
740	0.022683425568091695
745	0.025836716319615805
750	0.027537803082026597
755	0.02953288659838248
760	0.030109629786981538
765	0.01433928307864804
770	0.03157428556990122
775	0.034540549164176974
780	0.03578520993883602
785	0.036278778528646444
790	0.03651435987224697
795	0.03662642333668185
800	0.03738550876092803
805	0.037982379518454616
810	0.038109901757282974
815	0.03342214832364409
820	0.03422117539055653
825	0.03607270862030904
830	0.03650635122190651
835	0.03730280473868632
840	0.04059117206612119
845	0.04053587325232407
850	0.04102977655254396
855	0.035819851517871176
860	0.04211390256924444
865	0.0419141595527307
870	0.040933753589225345
875	0.040788398945481
880	0.04083404437451138
885	0.040859817769959415
890	0.04110016312895759
895	0.03757208758669262
900	0.024284533501457987
905	0.03745426506140084
910	0.03127461801575137
915	0.0278355738580976
920	0.032814465503865714
925	0.032004443822936074
930	0.024407182860200032
935	0.0063512769317110775
940	0.017565377057242513
945	0.012542360150681964
950	0.0215932348999349
955	0.018466956357584313
960	0.016228162798877677
965	0.01983559593100296
970	0.029559841303174475
975	0.024668781093974915
980	0.027227229398158123
985	0.03128671946030406
990	0.03159732792645273
995	0.03160675086456055
1000	0.030747663662471596
1005	0.02990400776151657
1010	0.029537902919823184
1015	0.02935562375791497
1020	0.027839109207816477
1025	0.027689341035087182
1030	0.027291229285249703
1035	0.026869822674091277
1040	0.02661101810668048
1045	0.02617906035642397
1050	0.0256896803263065
1055	0.025074863140746768
1060	0.023871012003234094
1065	0.02424202250274867
1070	0.022354169370497085
1075	0.023551740223154927
1080	0.022766107162313576
1085	0.02163748615652514
1090	0.021515493290430877
1095	0.01990492981094374
1100	0.01858947715414238
1105	0.01699171696721656
1110	0.014879458049560217
1115	0.01072027344471125
1120	0.004011874359950616
1125	0.0038198207463560688
1130	0.0036902002452703893
1135	0.0014420000541753091
1140	0.010221219956630724
1145	0.0038426283733872424
1150	0.007343841467664163
1155	0.004740626787907006
1160	0.011095808821840426
1165	0.01309491844199215
1170	0.013635941693009966
1175	0.010736300839410675
1180	0.015235171577040225
1185	0.013048811607475093
1190	0.012739647327168313
1195	0.014165062705944769
1200	0.010861453455235075
1205	0.010627329052710813
1210	0.011959359098857194
1215	0.012333107061024617
1220	0.012485149841903149
1225	0.012318829449172676
1230	0.012627760582838612
1235	0.01248800675400404
1240	0.012073380139121412
1245	0.011656697944000208
1250	0.011543411273454676
1255	0.010922766599571986
1260	0.010309051289993092
1265	0.008780247052534449
1270	0.0057015818927187226
1275	0.009187632770231723
1280	0.009389870515934179
1285	0.009094437221019559
1290	0.008642317169666118
1295	0.00832349346768257
1300	0.008198781148704506
1305	0.005877030427904677
1310	0.0073111128087132715
1315	0.005339724513469996
1320	0.004835700556297927
1325	0.00459001807886299
1330	0.0030138956702704133
1335	0.002786017734187775
1340	0.0028212272614602267
1345	0.0011692691607610138
1350	0.0002415257443106981
1355	4.182394716852059e-06
1360	1.0205460157713123e-08
1365	1.8187419236822687e-08
1370	6.654703529411122e-09
1375	2.2190148422333314e-06
1380	6.200117517997876e-07
1385	7.018728124879055e-09
1390	6.321567372073749e-06
1395	7.851543226646981e-07
1400	8.059669767657973e-06
1405	6.9910757910723635e-06
1410	5.574122733134235e-06
1415	3.0989742520933245e-06
1420	1.7262331418124886e-05
1425	0.00012897662457047996
1430	0.00027146136502510126
1435	0.0001404362667544929
1440	0.00032035915752994117
1445	0.0003606970273914288
1450	0.000551147832624514
1455	0.0006848931588109438
1460	0.0007472356801603568
1465	0.0006402270220039241
1470	0.0003676297503240981
1475	0.00034666625238012486
1480	0.0003992139142377687
1485	0.0004301238361471421
1490	0.0005606520744013271
1495	0.0005734106483513276
1500	0.0005960284641266789
1505	0.00043040487396120365
1510	0.0004958989178998222
1515	0.0005949908402270795
1520	0.0006429593864090996
1525	0.0007276048908622771
1530	0.000727141443503434
1535	0.000729258365416071
1540	0.0007561791265169158
1545	0.0007740567609359347
1550	0.0008024169557318365
1555	0.0007974016793678824
1560	0.0008315767359089952
1565	0.0008416450829196215
1570	0.0008449314988090491
1575	0.0008323658095791683
1580	0.0008492226716983541
1585	0.000931391243817329
1590	0.000907170008895549
1595	0.0010519712423751792
1600	0.0010457454262003734
1605	0.0010395680808630964
1610	0.001089965479007445
1615	0.0012050660953803682
1620	0.001284269923187663
1625	0.0013631685530999338
1630	0.001428692237799509
1635	0.0014488591868648672
1640	0.0014404100953266201
1645	0.0015354483952268374
1650	0.0015765277298010639
1655	0.0016322971706395943
1660	0.0017536911820842237
1665	0.0018352765126730085
1670	0.0018705933169213802
1675	0.001962087171112392
1680	0.002024943215797665
1685	0.001965189842197042
1690	0.0021459699691191683
1695	0.0022113142300396902
1700	0.002311911110035197
1705	0.0023883002296163896
1710	0.0024087416509302787
1715	0.0023782938487125487
1720	0.0024928262312067925
1725	0.0025486037571624013
1730	0.002513991110033009
1735	0.002543311686699844
1740	0.0024410727018318885
1745	0.0026266592332396953
1750	0.002497288961408837
1755	0.0027583231374832197
1760	0.002628049082896167
1765	0.0028326908968043674
1770	0.002423378083581306
1775	0.0026568288785669063
1780	0.002210222806180219
1785	0.0019848103829241915
1790	0.0015593657919473478
1795	0.0018463119166569288
1800	0.0009987966681794947
1805	0.0006938659641349498
1810	0.00033070320872408533
1815	0.00022141451040249579
1820	7.67087429317572e-05
1825	2.360698471978882e-05
1830	3.113847135488723e-05
1835	1.2992667889927957e-07
1840	1.636951197365571e-07
1845	1.6327884421048442e-09
1850	1.6655288770493728e-07
1855	8.13567002026433e-08
1860	7.857694496870157e-09
1865	3.146911810028964e-07
1870	4.886142521815824e-07
1875	7.819006796946266e-12
1880	1.3487341730456429e-11
1885	2.3607119811882055e-06
1890	1.3620715005720454e-06
1895	7.059539725553075e-06
1900	4.167424404896053e-06
1905	2.8252710302495422e-08
1910	1.8897536497794476e-08
1915	7.81922609980166e-07
1920	6.884319830484101e-07
1925	1.5817778325216724e-05
1930	3.3403216798429224e-05
1935	2.003450234823284e-05
1940	0.00013239916376609363
1945	0.00012280398294435479
1950	0.00041267657679359146
1955	0.0006450383860187444
1960	0.0003927774641596407
1965	0.0008699170759339708
1970	0.001150696278419465
1975	0.001995959381302941
1980	0.00281178310550286
1985	0.0031724472119151973
1990	0.0035374947199096674
1995	0.0036953836053933422
2000	0.0035512098572848733
2005	0.0016894963368350288
2010	0.0006722885348693147
2015	0.0018026557287247438
2020	0.0012227804875178108
2025	0.002087969252379093
2030	0.003474743028005109
2035	0.004028827638313811
2040	0.004627044560093512
2045	0.004357093707577982
2050	0.0044674722062447055
2055	0.003367420603180432
2060	0.0027503950806178575
2065	0.0035018174252117408
2070	0.0031612459286665603
2075	0.003386398743354161
2080	0.004029501767955132
2085	0.004557591898123316
2090	0.004507475530843697
2095	0.0047605808486175065
2100	0.0048366354853542366
2105	0.004681536554857725
2110	0.0051058106832658195
2115	0.004954978993499934
2120	0.005108272925234354
2125	0.004920336490841797
2130	0.005018998236233304
2135	0.005124026158254216
2140	0.005178590499397363
2145	0.00525779095023563
2150	0.0052206315098760996
2155	0.004972856485825256
2160	0.005019717098716863
2165	0.0050148226202640575
2170	0.004578009845135447
2175	0.004952939961536066
2180	0.00489260034632913
2185	0.005009035056735815
2190	0.00459536816930355
2195	0.004906469332565818
2200	0.004934342185210572
2205	0.004477123226917165
2210	0.004684267460139461
2215	0.005053240738280477
2220	0.0048930362748850304
2225	0.005020878257172766
2230	0.004907295011271828
2235	0.0049618841546079755
2240	0.004898617090583982
2245	0.00485363526643624
2250	0.004734295951686234
2255	0.00484040424217778
2260	0.004585535358918753
2265	0.004564698104721107
2270	0.004678525119479374
2275	0.00448410747560085
2280	0.004455519165053261
2285	0.004644444856973838
2290	0.004449518952637126
2295	0.0044894979488452015
2300	0.004380626017431055
2305	0.004235282932315305
2310	0.004289960376244617
2315	0.004663043369084178
2320	0.004274613426144258
2325	0.0038523992756775644
2330	0.004191702014656741
2335	0.004267313447071788
2340	0.004384328336449003
2345	0.00349176663032725
2350	0.003943974438194626
2355	0.0032102992359738652
2360	0.003696035066458911
2365	0.003940031631091343
2370	0.003903804100111185
2375	0.0024530066481239943
2380	0.0035404295213276402
2385	0.0034388998184792328
2390	0.0025124306623504618
2395	0.003050414844073762
2400	0.00336564887435372
2405	0.003692243162224186
2410	0.0028344200286045734
2415	0.0028775682947172077
2420	0.0023438797333298128
2425	0.002303283822460178
2430	0.0028910216753296604
2435	0.00397730297370182
2440	0.0013240455107358055
2445	0.0038841686135467363
2450	0.0018851005536540842
2455	0.0012451489660780261
2460	0.002294859211856053
2465	0.0031096818588881832
2470	0.0022721347432977513
2475	0.0015889142270362113
2480	0.001578112300201709
2485	0.0007782656852602322
2490	0.0005482458657956777
2495	0.0003464197193910311
2500	0.0002866035707670774
2550	6.1431699313154225e-12
2600	2.9182933177459743e-34
2650	1.3004786641729987e-19
2700	1.1665518215143957e-33
2750	2.430313814518679e-24
2800	7.543521711954166e-17
2850	9.474546521595569e-06
2900	0.000693326892297835
2950	0.000418215042969801
3000	0.001358056117220461
3050	0.0014656907294092946
3100	0.00024909256371617646
3150	0.0013426767940322006
3200	0.0012034449520672986
3250	0.0003537322246067675
3300	0.00063329431387216
3350	0.0019583774523737715
3400	0.0056064533177248915
3450	0.007015931678282818
3500	0.007999068975054027
3550	0.006506906821505247
3600	0.006852884669706011
3650	0.007765984833067016
3700	0.007635984266607223
3750	0.007976102542687115
3800	0.006991379386602235
3850	0.007047144651649272
3900	0.006093956616962053
3950	0.006229418443263318
4000	0.006026272498926714
4050	0.0
4100	0.0
4150	0.0
4200	0.0
4250	0.0
4300	0.0
4350	0.0
4400	0.0
4450	0.0
4500	0.0
4550	0.0
4600	0.0
4650	0.0
4700	0.0
4750	0.0
4800	0.0
4850	0.0
4900	0.0
4950	0.0
5000	0.0
5050	0.0
5100	0.0
5150	0.0
5200	0.0
5250	0.0
5300	0.0
5350	0.0
5400	0.0
5450	0.0
5500	0.0
5550	0.0
5600	0.0
5650	0.0
5700	0.0
5750	0.0
5800	0.0
5850	0.0
5900	0.0
5950	0.0
6000	0.0
6050	0.0
6100	0.0
6150	0.0
6200	0.0
6250	0.0
6300	0.0
6350	0.0
6400	0.0
6450	0.0
6500	0.0
6550	0.0
6600	0.0
6650	0.0
6700	0.0
6750	0.0
6800	0.0
6850	0.0
6900	0.0
6950	0.0
7000	0.0
7050	0.0
7100	0.0
7150	0.0
7200	0.0
7250	0.0
7300	0.0
7350	0.0
7400	0.0
7450	0.0
7500	0.0
7550	0.0
7600	0.0
7650	0.0
7700	0.0
7750	0.0
7800	0.0
7850	0.0
7900	0.0
7950	0.0
8000	0.0
8050	0.0
8100	0.0
8150	0.0
8200	0.0
8250	0.0
8300	0.0
8350	0.0
8400	0.0
8450	0.0
8500	0.0
8550	0.0
8600	0.0
8650	0.0
8700	0.0
8750	0.0
8800	0.0
8850	0.0
8900	0.0
8950	0.0
9000	0.0
9050	0.0
9100	0.0
9150	0.0
9200	0.0
9250	0.0
9300	0.0
9350	0.0
9400	0.0
9450	0.0
9500	0.0
9550	0.0
9600	0.0
9650	0.0
9700	0.0
9750	0.0
9800	0.0
9850	0.0
9900	0.0
9950	0.0
10000	0.0
10050	0.0
10100	0.0
10150	0.0
10200	0.0
10250	0.0
10300	0.0
10350	0.0
10400	0.0
10450	0.0
10500	0.0
10550	0.0
10600	0.0
10650	0.0
10700	0.0
10750	0.0
10800	0.0
10850	0.0
10900	0.0
10950	0.0
11000	0.0
11050	0.0
11100	0.0
11150	0.0
11200	0.0
11250	0.0
11300	0.0
11350	0.0
11400	0.0
11450	0.0
11500	0.0
11550	0.0
11600	0.0
11650	0.0
11700	0.0
11750	0.0
11800	0.0
11850	0.0
11900	0.0
11950	0.0
12000	0.0
12050	0.0
12100	0.0
12150	0.0
12200	0.0
12250	0.0
12300	0.0
12350	0.0
12400	0.0
12450	0.0
12500	0.0
12550	0.0
12600	0.0
12650	0.0
12700	0.0
12750	0.0
12800	0.0
12850	0.0
12900	0.0
12950	0.0
13000	0.0
13050	0.0
13100	0.0
13150	0.0
13200	0.0
13250	0.0
13300	0.0
13350	0.0
13400	0.0
13450	0.0
13500	0.0
13550	0.0
13600	0.0
13650	0.0
13700	0.0
13750	0.0
13800	0.0
13850	0.0
13900	0.0
13950	0.0
14000	0.0
14050	0.0
14100	0.0
14150	0.0
14200	0.0
14250	0.0
14300	0.0
14350	0.0
14400	0.0
14450	0.0
14500	0.0
14550	0.0
14600	0.0
14650	0.0
14700	0.0
14750	0.0
14800	0.0
14850	0.0
14900	0.0
14950	0.0
15000	0.0
15050	0.0
15100	0.0
15150	0.0
15200	0.0
15250	0.0
15300	0.0
15350	0.0
15400	0.0
15450	0.0
15500	0.0
15550	0.0
15600	0.0
15650	0.0
15700	0.0
15750	0.0
15800	0.0
15850	0.0
15900	0.0
15950	0.0
16000	0.0
16050	0.0
16100	0.0
16150	0.0
16200	0.0
16250	0.0
16300	0.0
16350	0.0
16400	0.0
16450	0.0
16500	0.0
16550	0.0
16600	0.0
16650	0.0
16700	0.0
16750	0.0
16800	0.0
16850	0.0
16900	0.0
16950	0.0
17000	0.0
17050	0.0
17100	0.0
17150	0.0
17200	0.0
17250	0.0
17300	0.0
17350	0.0
17400	0.0
17450	0.0
17500	0.0
17550	0.0
17600	0.0
17650	0.0
17700	0.0
17750	0.0
17800	0.0
17850	0.0
17900	0.0
17950	0.0
18000	0.0
18050	0.0
18100	0.0
18150	0.0
18200	0.0
18250	0.0
18300	0.0
18350	0.0
18400	0.0
18450	0.0
18500	0.0
18550	0.0
18600	0.0
18650	0.0
18700	0.0
18750	0.0
18800	0.0
18850	0.0
18900	0.0
18950	0.0
19000	0.0
19050	0.0
19100	0.0
19150	0.0
19200	0.0
19250	0.0
19300	0.0
19350	0.0
19400	0.0
19450	0.0
19500	0.0
19550	0.0
19600	0.0
19650	0.0
19700	0.0
19750	0.0
19800	0.0
19850	0.0
19900	0.0
19950	0.0
20000	0.0
20050	0.0
20100	0.0
20150	0.0
20200	0.0
20250	0.0
20300	0.0
20350	0.0
20400	0.0
20450	0.0
20500	0.0
20550	0.0
20600	0.0
20650	0.0
20700	0.0
20750	0.0
20800	0.0
20850	0.0
20900	0.0
20950	0.0
21000	0.0
21050	0.0
21100	0.0
21150	0.0
21200	0.0
21250	0.0
21300	0.0
21350	0.0
21400	0.0
21450	0.0
21500	0.0
21550	0.0
21600	0.0
21650	0.0
21700	0.0
21750	0.0
21800	0.0
21850	0.0
21900	0.0
21950	0.0
22000	0.0
22050	0.0
22100	0.0
22150	0.0
22200	0.0
22250	0.0
22300	0.0
22350	0.0
22400	0.0
22450	0.0
22500	0.0
22550	0.0
22600	0.0
22650	0.0
22700	0.0
22750	0.0
22800	0.0
22850	0.0
22900	0.0
22950	0.0
23000	0.0
23050	0.0
23100	0.0
23150	0.0
23200	0.0
23250	0.0
23300	0.0
23350	0.0
23400	0.0
23450	0.0
23500	0.0
23550	0.0
23600	0.0
23650	0.0
23700	0.0
23750	0.0
23800	0.0
23850	0.0
23900	0.0
23950	0.0
24000	0.0
24050	0.0
24100	0.0
24150	0.0
24200	0.0
24250	0.0
24300	0.0
24350	0.0
24400	0.0
24450	0.0
24500	0.0
24550	0.0
24600	0.0
24650	0.0
24700	0.0
24750	0.0
24800	0.0
24850	0.0
24900	0.0
24950	0.0
25000	0.0
25050	0.0
25100	0.0
25150	0.0
25200	0.0
25250	0.0
25300	0.0
25350	0.0
25400	0.0
25450	0.0
25500	0.0
25550	0.0
25600	0.0
25650	0.0
25700	0.0
25750	0.0
25800	0.0
25850	0.0
25900	0.0
25950	0.0
26000	0.0
26050	0.0
26100	0.0
26150	0.0
26200	0.0
26250	0.0
26300	0.0
26350	0.0
26400	0.0
26450	0.0
26500	0.0
26550	0.0
26600	0.0
26650	0.0
26700	0.0
26750	0.0
26800	0.0
26850	0.0
26900	0.0
26950	0.0
27000	0.0
27050	0.0
27100	0.0
27150	0.0
27200	0.0
27250	0.0
27300	0.0
27350	0.0
27400	0.0
27450	0.0
27500	0.0
27550	0.0
27600	0.0
27650	0.0
27700	0.0
27750	0.0
27800	0.0
27850	0.0
27900	0.0
27950	0.0
28000	0.0
28050	0.0
28100	0.0
28150	0.0
28200	0.0
28250	0.0
28300	0.0
28350	0.0
28400	0.0
28450	0.0
28500	0.0
28550	0.0
28600	0.0
28650	0.0
28700	0.0
28750	0.0
28800	0.0
28850	0.0
28900	0.0
28950	0.0
29000	0.0
29050	0.0
29100	0.0
29150	0.0
29200	0.0
29250	0.0
29300	0.0
29350	0.0
29400	0.0
29450	0.0
29500	0.0
29550	0.0
29600	0.0
29650	0.0
29700	0.0
29750	0.0
29800	0.0
29850	0.0
29900	0.0
29950	0.0
30000	0.0
