6.343854665756226
5.985293388366699
6.797152519226074
5.8448028564453125
6.03157639503479
6.108811140060425
6.202760934829712
5.969455003738403
6.374976634979248
5.9213080406188965
6.266003608703613
6.0932464599609375
6.141866683959961
5.875040769577026
6.110101938247681
5.875777006149292
6.046582460403442
6.171939849853516
6.094635963439941
6.060068845748901
5.466252326965332
5.29222559928894
5.369547128677368
5.3533031940460205
5.32145881652832
5.496986389160156
5.495264053344727
5.431173801422119
5.287895202636719
5.3342978954315186
5.620232582092285
5.270881175994873
5.286957502365112
5.41366982460022
5.270639896392822
5.382390022277832
5.320056676864624
5.288738012313843
5.17819619178772
5.272761106491089
5.3220274448394775
5.210184574127197
5.718940734863281
5.464475393295288
5.402121543884277
5.7988972663879395
5.179062366485596
5.512436151504517
