280	1.2789602390895361e-23
285	1.9552479313074537e-15
290	1.3194899680050786e-09
295	2.4216595220305664e-06
300	0.0001809442721698758
305	0.0026368542913915907
310	0.007402107739069048
315	0.01928923946863353
320	0.027630149920541414
325	0.034857365780776965
330	0.05426056194644751
335	0.04696544378846704
340	0.04566446689800928
345	0.03629839205299259
350	0.03648702467748286
355	0.03638860954542565
360	0.030756757997344713
365	0.02750760494509219
370	0.02869036455989484
375	0.019223915633304715
380	0.01972522912533908
385	0.016334119940499298
390	0.016747920373596733
395	0.014765172841019735
400	0.017817632252877927
405	0.016119818120002214
410	0.012916312814484606
415	0.013312740925256661
420	0.010764900085891977
425	0.010560112732382436
430	0.006507344325247694
435	0.008109480808843675
440	0.007640586866414281
445	0.007125640701667658
450	0.006478629407622902
455	0.005370946548298436
460	0.004500309687891397
465	0.0037771198766689547
470	0.0031803420185597137
475	0.0027148728303046303
480	0.0024898720226490434
485	0.002394069569639801
490	0.0022842001097102623
495	0.002780618550031255
500	0.0034057119553999706
505	0.004075406232399676
510	0.005736162196581198
515	0.006914833636429874
520	0.008275037081368944
525	0.011827513813435886
530	0.014788659786001438
535	0.01711885150693016
540	0.02065022146705777
545	0.02522293275390841
550	0.029135338673990117
555	0.033953396133559154
560	0.036417054122726084
565	0.04340912993881268
570	0.04829668810559608
575	0.05561379617283527
580	0.06089274620029721
585	0.07099739112438733
590	0.0657307026049017
595	0.08133847016591893
600	0.08985911424012412
605	0.1001768892723992
610	0.10766738140869622
615	0.11195527240179408
620	0.125488064943719
625	0.1294992089939443
630	0.13894985586009514
635	0.15044135246339763
640	0.16462866177700117
645	0.17302980387107927
650	0.17177148427801275
655	0.19044138262114785
660	0.1977070570348897
665	0.20919084622858092
670	0.22662787506601564
675	0.23273150011879326
680	0.2417924639187068
685	0.2494296697936637
690	0.21406400322104488
695	0.2467253500296753
700	0.2663063688712269
705	0.28043689911103636
710	0.2917361468887148
715	0.3015012725871799
720	0.2216225161332016
725	0.261992717405471
730	0.26834711582157433
735	0.32734300876930617
740	0.32546321878286916
745	0.3520181633780196
750	0.35795613540418814
755	0.37047425405011963
760	0.36657377519096546
765	0.16959380799899632
770	0.3638488224030847
775	0.38887253764367297
780	0.3977414793722883
785	0.4001602873604281
790	0.40034465950059045
795	0.3986972463721542
800	0.40463597431663584
805	0.40763107238913493
810	0.4060894981347064
815	0.3550858880601634
820	0.36289517309011315
825	0.3813308031607782
830	0.3853415058571939
835	0.3947325466591784
840	0.4309660898234811
845	0.4315482766622582
850	0.43834135659240536
855	0.3842629971024092
860	0.4544871688826992
865	0.45537379859232163
870	0.4479664268004748
875	0.44966263939461254
880	0.4537179531297732
885	0.45768220296145956
890	0.4640296457761392
895	0.4280873602429399
900	0.2793569113792974
905	0.4349198703647819
910	0.3667495885555542
915	0.32999322140451565
920	0.3935072106165875
925	0.388347178303479
930	0.2997642800385046
935	0.07899198289528302
940	0.22129138123458172
945	0.1601498160199301
950	0.27951776498004527
955	0.242079554837934
960	0.2152070485906088
965	0.26654892154586113
970	0.402615919423474
975	0.34011880883938467
980	0.38010885246580534
985	0.4425062536451765
990	0.4528815769320853
995	0.45936460703304693
1000	0.4532193967172856
1005	0.4471956126645068
1010	0.448187875724728
1015	0.4517771040108967
1020	0.43459819312475123
1025	0.4385434296389217
1030	0.43856377868427854
1035	0.437838020980776
1040	0.4385247847824937
1045	0.435787688260302
1050	0.4320761290743107
1055	0.4272552987494808
1060	0.4121204086034963
1065	0.4230071355439652
1070	0.3943265399547349
1075	0.42053701964791435
1080	0.41149387633243856
1085	0.3955722906625176
1090	0.3979276505070716
1095	0.37300343351482657
1100	0.35300758257996473
1105	0.3265390288399416
1110	0.28943632785303647
1115	0.21108313066529064
1120	0.07997717031942882
1125	0.07718912168211077
1130	0.07556351313035388
1135	0.029869269432774886
1140	0.214235862894156
1145	0.08181100362184157
1150	0.15885207905166873
1155	0.1038367211031479
1160	0.24618069229171707
1165	0.29459787824285366
1170	0.3111502891088993
1175	0.24881831751730477
1180	0.35870108311129417
1185	0.31226010543246424
1190	0.31005992590260495
1195	0.35111916202985644
1200	0.2742873156004584
1205	0.2731821616003389
1210	0.31303647578644844
1215	0.32910470699215616
1220	0.3397558815416438
1225	0.3421185729081966
1230	0.3580175004405645
1235	0.3610408384105428
1240	0.35606807948141495
1245	0.35158503903873106
1250	0.35620531600207994
1255	0.3446875076990968
1260	0.33281712128519675
1265	0.29002032658634036
1270	0.19288539833905055
1275	0.31851066462624833
1280	0.3337127690795196
1285	0.33164401039414476
1290	0.32351015608038647
1295	0.320020919262644
1300	0.32401464275071346
1305	0.2389357841209384
1310	0.30594113759337915
1315	0.23028137744427277
1320	0.2150712241554953
1325	0.2106511289487569
1330	0.1428071608038039
1335	0.13644018452163617
1340	0.14288542263283233
1345	0.06120403672056177
1350	0.013089707731459219
1355	0.0002355043224861866
1360	5.974816274802923e-07
1365	1.107498441219546e-06
1370	4.218082977485531e-07
1375	0.0001464253328331153
1380	4.267424298923309e-05
1385	5.059674781573964e-07
1390	0.00047772458066792646
1395	6.218009182392636e-05
1400	0.0006695522310365723
1405	0.0006103217301379594
1410	0.0005124381694115055
1415	0.00030150695275371376
1420	0.001779725037988841
1425	0.01411273771953847
1430	0.031660569849590016
1435	0.017490997200101818
1440	0.04267253407461971
1445	0.05172222780447692
1450	0.08558602312904934
1455	0.11549724100904683
1460	0.13711399810408417
1465	0.12792505995794742
1470	0.08006267566209212
1475	0.08219363981098278
1480	0.10136918016359434
1485	0.11634817416809057
1490	0.16089378298298537
1495	0.17296560695237556
1500	0.18505097239309576
