2280252613
3850480062
2068529997
339979209
4212891353
2004695558
2760730648
1724770682
3766358000
3274610200
3784818918
1433614891
4248803885
2490820633
4109526501
2043872424
1788038669
1868791697
3862734531
4003611367
3344530357
4039176518
1612775877
1514674109
2605660108
194086581
2251422000
3541037095
11020646
2385120536
2251580389
2033945619
2346317192
2554518459
2355397615
1916541518
742189128
3417447229
1617812714
2166200395
2099382142
3941763247
1534628565
71856188
1199129641
1281154326
1757022103
911545578
