280	0.13659898977168394	1e-301	0.8634010102283161
285	0.13416813657135263	0.0	0.8658318634286474
290	0.13410114135351206	0.0	0.865898858646488
295	0.13626362043707155	0.0	0.8637363795629285
300	0.1398202421854914	0.0	0.8601797578145086
305	0.1441020342519302	0.0	0.8558979657480699
310	0.14865377506644545	0.0	0.8513462249335546
315	0.15281104061180548	0.0	0.8471889593881945
320	0.1563935911700068	0.0	0.8436064088299932
325	0.15948298868150526	0.0	0.8405170113184948
330	0.16193164940930502	0.0	0.838068350590695
335	0.1635816966425701	0.0	0.83641830335743
340	0.16459638010859973	0.0	0.8354036198914003
345	0.16505951213601988	0.0	0.8349404878639801
350	0.16485775188119017	0.0	0.8351422481188098
355	0.16399076936605889	0.0	0.8360092306339411
360	0.16252710382431537	0.0	0.8374728961756847
365	0.16084285296043851	0.0	0.8391571470395615
370	0.15895358486317335	0.0	0.8410464151368267
375	0.15651660907219933	0.0	0.8434833909278007
380	0.15326953266627028	0.0	0.8467304673337297
385	0.14911342793318394	0.0	0.8508865720668161
390	0.14406493469350176	0.0	0.8559350653064982
395	0.1382632716678041	0.0	0.861736728332196
400	0.1317532750241115	0.0	0.8682467249758885
405	0.12495448168974198	0.0	0.875045518310258
410	0.11767224077813841	0.0	0.8823277592218616
415	0.1100882076527337	0.0	0.8899117923472664
420	0.10236999818460249	0.0	0.8976300018153975
425	0.09474428064895922	0.0	0.9052557193510408
430	0.08711139434525533	0.0	0.9128886056547447
435	0.07955115389541398	0.0	0.920448846104586
440	0.0721128070382211	0.0	0.9278871929617789
445	0.06503409235474314	0.0	0.9349659076452569
450	0.058384322316310674	0.0	0.9416156776836894
455	0.05176561837435182	0.0	0.9482343816256482
460	0.04546014951287216	0.0	0.9545398504871279
465	0.0397354845378097	0.0	0.9602645154621903
470	0.03432776087082904	0.0	0.965672239129171
475	0.029247264132291752	0.0	0.9707527358677083
480	0.0245024564632505	0.0	0.9754975435367494
485	0.02015388850796353	0.0	0.9798461114920365
490	0.01636901519896849	0.0	0.9836309848010315
495	0.01304197349926106	0.0	0.9869580265007389
500	0.010059839662218456	0.0	0.9899401603377815
505	0.0074865416922501316	0.0	0.9925134583077498
510	0.005251880650535871	0.0	0.9947481193494642
515	0.0034294269406580096	0.0	0.9965705730593419
520	0.0020077809817688193	0.0	0.9979922190182312
525	0.0009958913908442802	0.0	0.9990041086091557
530	0.0003832553770127318	0.0	0.9996167446229872
535	0.0001450037262401324	0.0	0.9998549962737598
540	0.0002546470941845489	0.0	0.9997453529058155
545	0.0006578347406467661	0.0	0.9993421652593533
550	0.0013368830777993766	0.0	0.9986631169222007
555	0.002234295159609956	0.0	0.9977657048403901
560	0.003331986325375505	0.0	0.9966680136746245
565	0.004589871056303826	0.0	0.9954101289436962
570	0.005942166783583012	0.0	0.9940578332164169
575	0.00741240244937379	0.0	0.9925875975506262
580	0.009095570405119904	0.0	0.9909044295948801
585	0.010944534512474015	0.0	0.989055465487526
590	0.012890407789630895	0.0	0.9871095922103691
595	0.014964845455981594	0.0	0.9850351545440184
600	0.0171133262734452	0.0	0.9828866737265548
605	0.01931284613609009	0.0	0.9806871538639099
610	0.021496131127280303	0.0	0.9785038688727197
615	0.02370022334483993	0.0	0.9762997766551601
620	0.02591643888547889	0.0	0.9740835611145211
625	0.028232746752684654	0.0	0.9717672532473154
630	0.030549371633155756	0.0	0.9694506283668443
635	0.032856146906216244	0.0	0.9671438530937837
640	0.03519072740349394	0.0	0.9648092725965061
645	0.03750857434004458	0.0	0.9624914256599554
650	0.039794526021659844	0.0	0.9602054739783401
655	0.04209446229110855	0.0	0.9579055377088914
660	0.04441073806263943	0.0	0.9555892619373606
665	0.0466805374927914	0.0	0.9533194625072086
670	0.048899170435110925	0.0	0.9511008295648891
675	0.0513202403528986	0.0	0.9486797596471014
680	0.05369415743676986	0.0	0.9463058425632301
685	0.05600484681759079	0.0	0.9439951531824092
690	0.05820544150182991	0.0	0.9417945584981701
695	0.06019381579568101	0.0	0.9398061842043189
700	0.06209953350683113	0.0	0.9379004664931688
705	0.06392017807114533	0.0	0.9360798219288546
710	0.06561428724785447	0.0	0.9343857127521455
715	0.06712291412646285	0.0	0.9328770858735371
720	0.06853560879815389	0.0	0.9314643912018461
725	0.06985201881907625	0.0	0.9301479811809238
730	0.07100951638882658	0.0	0.9289904836111734
735	0.07168620562877207	0.0	0.928313794371228
740	0.07226645006805524	0.0	0.9277335499319448
745	0.07275247404135832	0.0	0.9272475259586417
750	0.07314623630060436	0.0	0.9268537636993956
755	0.07316931621336657	0.0	0.9268306837866335
760	0.0729998171637819	0.0	0.9270001828362181
765	0.07275150300090882	0.0	0.9272484969990912
770	0.07242765250301064	0.0	0.9275723474969894
775	0.07202576071577889	0.0	0.9279742392842211
780	0.07124351394086896	0.0	0.9287564860591311
785	0.07041109652526982	0.0	0.9295889034747302
790	0.06953135953920946	0.0	0.9304686404607906
795	0.06860787820693486	0.0	0.9313921217930652
800	0.06764658592914764	0.0	0.9323534140708524
805	0.06680845415495075	0.0	0.9331915458450493
810	0.06593182576907766	0.0	0.9340681742309224
815	0.06501964128924935	0.0	0.9349803587107507
820	0.06407387016496947	0.0	0.9359261298350305
825	0.06309730754063177	0.0	0.9369026924593682
830	0.06205544374559036	0.0	0.9379445562544096
835	0.06097108503548399	0.0	0.939028914964516
840	0.059863233503553416	0.0	0.9401367664964466
845	0.05873445789508386	0.0	0.9412655421049161
850	0.05758635136900846	0.0	0.9424136486309915
855	0.056421335681567444	0.0	0.9435786643184325
860	0.055209214667403826	0.0	0.9447907853325962
865	0.053986617172323864	0.0	0.9460133828276761
870	0.052755375522630946	0.0	0.947244624477369
875	0.05151745997759994	0.0	0.9484825400224001
880	0.05027393644031982	0.0	0.9497260635596801
885	0.04902667049506229	0.0	0.9509733295049377
890	0.04780771428148299	0.0	0.952192285718517
895	0.04659059340555832	0.0	0.9534094065944416
900	0.045371915669161385	0.0	0.9546280843308386
905	0.04415336878162858	0.0	0.9558466312183714
910	0.04293581917594151	0.0	0.9570641808240585
915	0.04172086043673919	0.0	0.9582791395632608
920	0.04050339817108119	0.0	0.9594966018289188
925	0.039280439824799236	0.0	0.9607195601752008
930	0.03806627267250214	0.0	0.9619337273274978
935	0.0368621974054877	0.0	0.9631378025945123
940	0.03566879261939184	0.0	0.9643312073806082
945	0.03448727913392044	0.0	0.9655127208660795
950	0.033318189558214376	0.0	0.9666818104417856
955	0.032179734830852645	0.0	0.9678202651691473
960	0.031101372486456523	0.0	0.9688986275135435
965	0.030034141698614673	0.0	0.9699658583013854
970	0.02897854142801851	0.0	0.9710214585719815
975	0.027935620538163817	0.0	0.9720643794618362
980	0.026905837694810076	0.0	0.97309416230519
985	0.025890172256403585	0.0	0.9741098277435964
990	0.02488904494332076	0.0	0.9751109550566792
995	0.02390342186410037	0.0	0.9760965781358997
1000	0.022937403485888193	0.0	0.9770625965141118
1005	0.02199262177928562	0.0	0.9780073782207144
1010	0.02106918221627033	0.0	0.9789308177837297
1015	0.020167711493926155	0.0	0.9798322885060738
1020	0.019288373159606912	0.0	0.980711626840393
1025	0.01843173631581558	0.0	0.9815682636841844
1030	0.017597937202425185	0.0	0.9824020627975748
1035	0.016834493702162345	0.0	0.9831655062978376
1040	0.016158012130077493	0.0	0.9838419878699225
1045	0.015495533068698776	0.0	0.9845044669313012
1050	0.014847252758653525	0.0	0.9851527472413465
1055	0.014213700119728029	0.0	0.985786299880272
1060	0.013595054034137837	0.0	0.9864049459658621
1065	0.012991803950275072	0.0	0.9870081960497249
1070	0.01240411236743185	0.0	0.9875958876325681
1075	0.011832430857222302	0.0	0.9881675691427777
1080	0.011280219429624571	0.0	0.9887197805703755
1085	0.010749288950292242	0.0	0.9892507110497077
1090	0.010234685609079005	0.0	0.989765314390921
1095	0.009736784135082383	0.0	0.9902632158649176
1100	0.00925569770927909	0.0	0.9907443022907209
1105	0.008791768652839782	0.0	0.9912082313471602
1110	0.00834509789326937	0.0	0.9916549021067307
1115	0.007915995833058236	0.0	0.9920840041669418
1120	0.007504552297939168	0.0	0.9924954477020609
1125	0.0071110490749163036	0.0	0.9928889509250837
1130	0.006735624901223756	0.0	0.9932643750987763
1135	0.006375802603744609	0.0	0.9936241973962554
1140	0.006031036292428175	0.0	0.9939689637075718
1145	0.005701671605578912	0.0	0.9942983283944211
1150	0.005387884639867137	0.0	0.9946121153601328
1155	0.005089993512228332	0.0	0.9949100064877716
1160	0.004808162794116764	0.0	0.9951918372058832
1165	0.004542683912298388	0.0	0.9954573160877016
1170	0.004293710248708207	0.0	0.9957062897512918
1175	0.004061507361239457	0.0	0.9959384926387606
1180	0.0038462177683802937	0.0	0.9961537822316197
1185	0.003632128247727395	0.0	0.9963678717522726
1190	0.0034325179652408997	0.0	0.9965674820347591
1195	0.0032517263372993208	0.0	0.9967482736627007
1200	0.0030898777779635954	0.0	0.9969101222220365
1205	0.0029471654953869744	0.0	0.997052834504613
1210	0.0028237012164865813	0.0	0.9971762987835134
1215	0.0027196522840460683	0.0	0.997280347715954
1220	0.002635118179191408	0.0	0.9973648818208086
1225	0.002570241309196728	0.0	0.9974297586908033
1230	0.002525109344220522	0.0	0.9974748906557794
1235	0.002499840675316076	0.0	0.9975001593246839
1240	0.0024945115903778126	0.0	0.9975054884096222
1245	0.002498107407701579	0.0	0.9975018925922984
1250	0.0025219553329070147	0.0	0.997478044667093
1255	0.00256613645678216	0.0	0.9974338635432178
1260	0.002630716141548619	0.0	0.9973692838584514
1265	0.002715754044892277	0.0	0.9972842459551077
1270	0.0028284532341596776	0.0	0.9971715467658403
1275	0.0029626116890385324	0.0	0.9970373883109614
1280	0.0031182425812203477	0.0	0.9968817574187796
1285	0.0032953347298782356	0.0	0.9967046652701218
1290	0.003493891260409609	0.0	0.9965061087395904
1295	0.0036960265772169264	0.0	0.9963039734227831
1300	0.003915112186842083	0.0	0.996084887813158
1305	0.004155564754290293	0.0	0.9958444352457098
1310	0.0044173718846769235	0.0	0.995582628115323
1315	0.004700467359795754	0.0	0.9952995326402042
1320	0.005005651011633075	0.0	0.9949943489883669
1325	0.005335674373862711	0.0	0.9946643256261373
1330	0.005687435586675973	0.0	0.994312564413324
1335	0.006060807599960941	0.0	0.993939192400039
1340	0.006455723583859987	0.0	0.99354427641614
1345	0.006872038740417531	0.0	0.9931279612595825
1350	0.00730696009156732	0.0	0.9926930399084327
1355	0.007759627663151744	0.0	0.9922403723368483
1360	0.008234257625983085	0.0	0.9917657423740169
1365	0.008730600856361612	0.0	0.9912693991436384
1370	0.009248492132592843	0.0	0.9907515078674072
1375	0.009787666413769864	0.0	0.9902123335862302
1380	0.01035403856874078	0.0	0.9896459614312593
1385	0.010951161675872477	0.0	0.9890488383241275
1390	0.011570002838168383	0.0	0.9884299971618317
1395	0.012210198055157061	0.0	0.9877898019448429
1400	0.0128714902263131	0.0	0.9871285097736869
1405	0.013553505339561393	0.0	0.9864464946604387
1410	0.014257290555407085	0.0	0.985742709444593
1415	0.014986687685915276	0.0	0.9850133123140847
1420	0.01573628672931008	0.0	0.98426371327069
1425	0.016505536990026645	0.0	0.9834944630099733
1430	0.01735450347691251	0.0	0.9826454965230875
1435	0.018224924307657275	0.0	0.9817750756923427
1440	0.019116438775693724	0.0	0.9808835612243063
1445	0.020055090956574033	0.0	0.979944909043426
1450	0.021033055852694743	0.0	0.9789669441473052
1455	0.022032483425475292	0.0	0.9779675165745247
1460	0.023102783543613774	0.0	0.9768972164563863
1465	0.02440614932659806	0.0	0.975593850673402
1470	0.025753412722912122	0.0	0.9742465872770879
1475	0.02714571624960097	0.0	0.9728542837503991
1480	0.028592356388439925	0.0	0.9714076436115601
1485	0.030085599077705572	0.0	0.9699144009222944
1490	0.031623668596154786	0.0	0.9683763314038452
1495	0.03320056143077736	0.0	0.9667994385692227
1500	0.03479289097835461	0.0	0.9652071090216454
1505	0.03642223008607644	0.0	0.9635777699139235
1510	0.03808820693686473	0.0	0.9619117930631352
1515	0.03967260644239692	0.0	0.9603273935576031
1520	0.0412056422289931	0.0	0.9587943577710069
1525	0.04276308400139143	0.0	0.9572369159986086
1530	0.044344595717510184	0.0	0.9556554042824899
1535	0.04594966228065239	0.0	0.9540503377193477
1540	0.04757793543693443	0.0	0.9524220645630656
1545	0.04922888752273032	0.0	0.9507711124772696
1550	0.05090215996534498	0.0	0.949097840034655
1555	0.052462880926432885	0.0	0.9475371190735671
1560	0.05404153036417732	0.0	0.9459584696358226
1565	0.05563770191278404	0.0	0.944362298087216
1570	0.05725116441199338	0.0	0.9427488355880066
1575	0.05888151013968311	0.0	0.9411184898603169
1580	0.06052850729260761	0.0	0.9394714927073924
1585	0.062191747534248595	0.0	0.9378082524657514
1590	0.06387099896096513	0.0	0.9361290010390348
1595	0.06568821516299683	0.0	0.9343117848370032
1600	0.0675243260396997	0.0	0.9324756739603003
1605	0.06937884944348155	0.0	0.9306211505565185
1610	0.07125147768263551	0.0	0.9287485223173645
1615	0.0731417248417095	0.0	0.9268582751582906
1620	0.07504927990388553	0.0	0.9249507200961145
1625	0.07697365442289532	0.0	0.9230263455771047
1630	0.0789145351019359	0.0	0.9210854648980641
1635	0.08081135305495164	0.0	0.9191886469450483
1640	0.08272189569826283	0.0	0.9172781043017372
1645	0.08464569864157605	0.0	0.915354301358424
1650	0.08658247404357126	0.0	0.9134175259564288
1655	0.08853176145125258	0.0	0.9114682385487474
1660	0.09049327644330454	0.0	0.9095067235566955
1665	0.09246656322766797	0.0	0.907533436772332
1670	0.0944513383311148	0.0	0.9055486616688853
1675	0.09644715230434352	0.0	0.9035528476956565
1680	0.09843298468840105	0.0	0.901567015311599
1685	0.10042739353568435	0.0	0.8995726064643157
1690	0.10243009644413904	0.0	0.897569903555861
1695	0.10444064567174823	0.0	0.8955593543282517
1700	0.10645876749149329	0.0	0.8935412325085067
1705	0.10848402443637258	0.0	0.8915159755636274
1710	0.11051615168370893	0.0	0.889483848316291
1715	0.11255472232500333	0.0	0.8874452776749967
1720	0.11459948062148653	0.0	0.8854005193785135
1725	0.11661730710553969	0.0	0.8833826928944604
1730	0.11861760409163374	0.0	0.8813823959083662
1735	0.12062147849251784	0.0	0.8793785215074822
1740	0.12262872004345256	0.0	0.8773712799565474
1745	0.12463896236408044	0.0	0.8753610376359195
1750	0.12665200569500645	0.0	0.8733479943049935
1755	0.12866749596845042	0.0	0.8713325040315496
1760	0.1306852437635526	0.0	0.8693147562364474
1765	0.1327049071864742	0.0	0.8672950928135258
1770	0.1347263069670429	0.0	0.8652736930329571
1775	0.1366566983420027	0.0	0.8633433016579973
1780	0.13856522932873838	0.0	0.8614347706712616
1785	0.14047474394716838	0.0	0.8595252560528316
1790	0.14238514315729603	0.0	0.857614856842704
1795	0.14429617974661715	0.0	0.8557038202533829
1800	0.14620776155773632	0.0	0.8537922384422637
1805	0.14811965014486345	0.0	0.8518803498551366
1810	0.15003176000162788	0.0	0.8499682399983721
1815	0.15194386122413822	0.0	0.8480561387758618
1820	0.1538558747265465	0.0	0.8461441252734535
1825	0.15576269411770238	0.0	0.8442373058822976
1830	0.15766212656221587	0.0	0.8423378734377841
1835	0.15956142767028503	0.0	0.840438572329715
1840	0.16146053489986115	0.0	0.8385394651001389
1845	0.16335924663916945	0.0	0.8366407533608305
1850	0.16525750547420442	0.0	0.8347424945257955
1855	0.16715511679792466	0.0	0.8328448832020754
1860	0.16905202813746997	0.0	0.83094797186253
1865	0.1709480516988774	0.0	0.8290519483011226
1870	0.17284313976638355	0.0	0.8271568602336165
1875	0.17473711116857152	0.0	0.8252628888314285
1880	0.1766369744528437	0.0	0.8233630255471562
1885	0.178563349814002	0.0	0.821436650185998
1890	0.18048774340624626	0.0	0.8195122565937537
1895	0.1824099758748862	0.0	0.8175900241251138
1900	0.18433000226499854	0.0	0.8156699977350015
1905	0.18624765023522583	0.0	0.8137523497647742
1910	0.18816287977505308	0.0	0.8118371202249469
1915	0.19007552533522337	0.0	0.8099244746647767
1920	0.19198555164415287	0.0	0.8080144483558471
1925	0.1938927997266258	0.0	0.8061072002733742
1930	0.1957972388492212	0.0	0.8042027611507788
1935	0.1976987163962547	0.0	0.8023012836037453
1940	0.19957812976441427	0.0	0.8004218702355858
1945	0.2014420352000943	0.0	0.7985579647999057
1950	0.20330322113860094	0.0	0.796696778861399
1955	0.20516155506612674	0.0	0.7948384449338732
1960	0.20701702645019937	0.0	0.7929829735498006
1965	0.208869507899074	0.0	0.791130492100926
1970	0.21071899208804507	0.0	0.789281007911955
1975	0.21256535657365166	0.0	0.7874346434263484
1980	0.2144085970881836	0.0	0.7855914029118164
1985	0.2162485959669706	0.0	0.7837514040330293
1990	0.21808535185339747	0.0	0.7819146481466025
1995	0.21991875169640052	0.0	0.7800812483035995
2000	0.22174879690940866	0.0	0.7782512030905914
2005	0.22352956551908193	0.0	0.7764704344809181
2010	0.22530598716014905	0.0	0.774694012839851
2015	0.22707797458338547	0.0	0.7729220254166145
2020	0.22884555132849896	0.0	0.7711544486715011
2025	0.2306086342799586	0.0	0.7693913657200414
2030	0.23236724928208347	0.0	0.7676327507179166
2035	0.23412131717549808	0.0	0.7658786828245019
2040	0.23587086596195359	0.0	0.7641291340380464
2045	0.2376158202676258	0.0	0.7623841797323743
2050	0.23935621011143396	0.0	0.7606437898885661
2055	0.24109196374123049	0.0	0.7589080362587695
2060	0.24282311305950452	0.0	0.7571768869404955
2065	0.24454958977844388	0.0	0.7554504102215561
2070	0.24621216766944118	0.0	0.7537878323305588
2075	0.24785596285292935	0.0	0.7521440371470707
2080	0.24949591846958688	0.0	0.7505040815304131
2085	0.2511319842112959	0.0	0.7488680157887041
2090	0.25276420809358746	0.0	0.7472357919064125
2095	0.25439254213316076	0.0	0.7456074578668392
2100	0.25601703510419327	0.0	0.7439829648958067
2105	0.2576376412442236	0.0	0.7423623587557764
2110	0.25925440201973876	0.0	0.7407455979802613
2115	0.2608672809393351	0.0	0.7391327190606649
2120	0.26247632856225056	0.0	0.7375236714377494
2125	0.26408150329542085	0.0	0.7359184967045791
2130	0.2656828557836313	0.0	0.7343171442163687
2135	0.2672803463689794	0.0	0.7327196536310205
2140	0.26884734790447085	0.0	0.7311526520955292
2145	0.2703713220267748	0.0	0.7296286779732253
2150	0.2718927004877616	0.0	0.7281072995122384
2155	0.2734114512490744	0.0	0.7265885487509256
2160	0.27492763010242205	0.0	0.725072369897578
2165	0.27644120626803786	0.0	0.7235587937319621
2170	0.2779522354901954	0.0	0.7220477645098047
2175	0.2794606881931087	0.0	0.7205393118068912
2180	0.2809666200459672	0.0	0.7190333799540328
2185	0.28247000262501043	0.0	0.7175299973749896
2190	0.28397089149876353	0.0	0.7160291085012365
2195	0.2854692593460352	0.0	0.7145307406539648
2200	0.28696516161108276	0.0	0.7130348383889172
2205	0.28845857202822395	0.0	0.711541427971776
2210	0.28994954589567723	0.0	0.7100504541043228
2215	0.2914404610231757	0.0	0.7085595389768242
2220	0.29293887212185343	0.0	0.7070611278781466
2225	0.29443533027251023	0.0	0.7055646697274898
2230	0.29592988429143696	0.0	0.704070115708563
2235	0.29742250535362874	0.0	0.7025774946463712
2240	0.2989132417386531	0.0	0.7010867582613469
2245	0.30040206445991324	0.0	0.6995979355400868
2250	0.3018890215874368	0.0	0.6981109784125632
2255	0.3033740849749327	0.0	0.6966259150250673
2260	0.30485730247130355	0.0	0.6951426975286965
2265	0.3063386467391243	0.0	0.6936613532608757
2270	0.30781816539557905	0.0	0.692181834604421
2275	0.30929583188203574	0.0	0.6907041681179642
2280	0.3107716935743025	0.0	0.6892283064256974
2285	0.31224572466378875	0.0	0.6877542753362113
2290	0.3137179722761332	0.0	0.6862820277238668
2295	0.3151884113252743	0.0	0.6848115886747257
2300	0.3166409544754349	0.0	0.6833590455245651
2305	0.31808846337411556	0.0	0.6819115366258844
2310	0.3195351022428032	0.0	0.6804648977571968
2315	0.3209808438548779	0.0	0.6790191561451221
2320	0.322425731027954	0.0	0.677574268972046
2325	0.3238697370622681	0.0	0.6761302629377319
2330	0.32531290441289074	0.0	0.6746870955871093
2335	0.3267552068884723	0.0	0.6732447931115277
2340	0.3281966865801572	0.0	0.6718033134198428
2345	0.32963731778734184	0.0	0.6703626822126582
2350	0.33107714223622803	0.0	0.668922857763772
2355	0.33251613653525736	0.0	0.6674838634647426
2360	0.3339543429226174	0.0	0.6660456570773826
2365	0.33539173382714516	0.0	0.6646082661728548
2370	0.3368283502449746	0.0	0.6631716497550254
2375	0.338264167850248	0.0	0.661735832149752
2380	0.33969922727307456	0.0	0.6603007727269254
2385	0.3411388095679783	0.0	0.6588611904320216
2390	0.3425992018598988	0.0	0.6574007981401012
2395	0.34405937412398657	0.0	0.6559406258760134
2400	0.3455193552903958	0.0	0.6544806447096042
2405	0.3469791112723127	0.0	0.6530208887276874
2410	0.3484386706456398	0.0	0.6515613293543602
2415	0.34989799969635493	0.0	0.6501020003036451
2420	0.35135712664909513	0.0	0.6486428733509049
2425	0.35281601815364927	0.0	0.6471839818463507
2430	0.3542747020864454	0.0	0.6457252979135546
2435	0.3557331454524244	0.0	0.6442668545475756
2440	0.35719137578291627	0.0	0.6428086242170837
2445	0.35864936042965334	0.0	0.6413506395703467
2450	0.3601071265820415	0.0	0.6398928734179585
2455	0.36156464193054466	0.0	0.6384353580694553
2460	0.3630219333258514	0.0	0.6369780666741486
2465	0.36447896878936437	0.0	0.6355210312106356
2470	0.3659357748363171	0.0	0.6340642251636829
2475	0.367392319811537	0.0	0.632607680188463
2480	0.36884862989808764	0.0	0.6311513701019124
2485	0.37026249807411094	0.0	0.6297375019258891
2490	0.3716767267115795	0.0	0.6283232732884205
2495	0.373091289497674	0.0	0.626908710502326
2500	0.3745062166380968	0.0	0.6254937833619032
2550	0.3886750512440095	0.0	0.6113249487559905
2600	0.4031883219581935	0.0	0.5968116780418065
2650	0.418289341531238	0.0	0.581710658468762
2700	0.4333702879325094	0.0	0.5666297120674906
2750	0.44859254373989194	0.0	0.5514074562601081
2800	0.4636696331756287	0.0	0.5363303668243713
2850	0.4786770793422455	0.0	0.5213229206577545
2900	0.4935147806608582	0.0	0.5064852193391418
2950	0.5081098271255888	0.0	0.49189017287441117
3000	0.5222474037847181	0.0	0.4777525962152819
3050	0.5361048024362509	0.0	0.4638951975637491
3100	0.549689739108076	0.0	0.45031026089192405
3150	0.5627847303837792	0.0	0.4372152696162208
3200	0.5755940876015131	0.0	0.4244059123984869
3250	0.5881240883109397	0.0	0.41187591168906035
3300	0.6004324838534767	0.0	0.3995675161465233
3350	0.6125112370109584	0.0	0.38748876298904156
3400	0.6243514390285356	0.0	0.3756485609714644
3450	0.6359419069185404	0.0	0.36405809308145964
3500	0.6471908185777702	0.0	0.35280918142222983
3550	0.6582477689377113	0.0	0.3417522310622887
3600	0.6691228306465045	0.0	0.33087716935349554
3650	0.679845078014182	0.0	0.32015492198581796
3700	0.6907280090010776	0.0	0.30927199099892244
3750	0.7015090710773582	0.0	0.29849092892264184
3800	0.7121967347270471	0.0	0.28780326527295286
3850	0.7227996114373587	0.0	0.2772003885626413
3900	0.7334588969259521	0.0	0.2665411030740479
3950	0.744199102900054	0.0	0.255800897099946
4000	0.754898834582653	0.0	0.24510116541734694
4050	0.7655628957981464	0.0	0.2344371042018536
4100	0.7761954353426119	0.0	0.22380456465738807
4150	0.7867686962376814	0.0	0.21323130376231858
4200	0.7971973283704373	0.0	0.20280267162956267
4250	0.8075059176574462	0.0	0.19249408234255383
4300	0.8176829979898053	0.0	0.18231700201019474
4350	0.8277136139288244	0.0	0.17228638607117563
4400	0.8375785128387776	0.0	0.1624214871612224
4450	0.8472532986199532	0.0	0.15274670138004676
4500	0.8567076636592383	0.0	0.14329233634076166
4550	0.8659048276464107	0.0	0.13409517235358925
4600	0.8748016392340157	0.0	0.12519836076598434
4650	0.8833495327241054	0.0	0.11665046727589456
4700	0.8914967875257487	0.0	0.10850321247425132
4750	0.8991922265050423	0.0	0.10080777349495773
4800	0.906390082496872	0.0	0.09360991750312797
4850	0.9130552054195322	0.0	0.08694479458046778
4900	0.9191673745010345	0.0	0.08083262549896553
4950	0.9247235417332575	0.0	0.07527645826674245
5000	0.929522055706067	0.0	0.07047794429393295
5050	0.9337772764516541	0.0	0.06622272354834591
5100	0.9375790795248817	0.0	0.06242092047511827
5150	0.9409718392974898	0.0	0.05902816070251016
5200	0.9440000900972456	0.0	0.055999909902754386
5250	0.9467063526738113	0.0	0.05329364732618869
5300	0.9491298349472824	0.0	0.050870165052717575
5350	0.9513058099319849	0.0	0.04869419006801512
5400	0.9532654793566033	0.0	0.04673452064339667
5450	0.9550361272399419	0.0	0.04496387276005809
5500	0.9566414330638122	0.0	0.04335856693618778
5550	0.9581018551928366	0.0	0.04189814480716336
5600	0.9594350267820503	0.0	0.04056497321794972
5650	0.9606561374521927	0.0	0.03934386254780731
5700	0.9617782753283224	0.0	0.038221724671677615
5750	0.9628127327541992	0.0	0.03718726724580079
5800	0.9637692711113702	0.0	0.03623072888862977
5850	0.9646563478238606	0.0	0.03534365217613944
5900	0.9654813095513379	0.0	0.03451869044866207
5950	0.9662505557593369	0.0	0.03374944424066306
6000	0.9669696768558341	0.0	0.033030323144165874
6050	0.9676435709183103	0.0	0.032356429081689675
6100	0.9682765420659162	0.0	0.03172345793408382
6150	0.9688723835806182	0.0	0.031127616419381776
6200	0.9694328717873579	0.0	0.03056712821264207
6250	0.9698876813512665	0.0	0.030112318648733538
6300	0.9703187293418747	0.0	0.029681270658125314
6350	0.970728029967874	0.0	0.029271970032126005
6400	0.9711173802217716	0.0	0.02888261977822837
6450	0.9714883875777309	0.0	0.028511612422269073
6500	0.9718424936645591	0.0	0.028157506335440896
6550	0.9721809945630235	0.0	0.027819005436976463
6600	0.9725050582629242	0.0	0.027494941737075784
6650	0.9728157397228704	0.0	0.027184260277129613
6700	0.9731139967387832	0.0	0.026886003261216818
6750	0.9734006939497348	0.0	0.02659930605026517
6800	0.9736766174620537	0.0	0.026323382537946305
6850	0.9739424844064517	0.0	0.026057515593548297
6900	0.9741840948874528	0.0	0.025815905112547166
6950	0.9743715288354058	0.0	0.025628471164594213
7000	0.974553272767294	0.0	0.025446727232706023
7050	0.9747296780200835	0.0	0.02527032197991652
7100	0.9749010672003502	0.0	0.02509893279964981
7150	0.9750677368227605	0.0	0.02493226317723951
7200	0.9752299595285321	0.0	0.024770040471467913
7250	0.975387988076164	0.0	0.024612011923835997
7300	0.975542055133923	0.0	0.024457944866076997
7350	0.9756923758445346	0.0	0.02430762415546539
7400	0.9758391493991646	0.0	0.024160850600835393
7450	0.9759825604488364	0.0	0.024017439551163644
7500	0.9761227803722509	0.0	0.023877219627749136
7550	0.9762599684164921	0.0	0.023740031583507903
7600	0.976394272725031	0.0	0.023605727274969013
7650	0.9765258312655806	0.0	0.02347416873441943
7700	0.976654772188069	0.0	0.023345227811931046
7750	0.976780852513998	0.0	0.023219147486001956
7800	0.9768871582571459	0.0	0.023112841742854107
7850	0.9769917883788442	0.0	0.02300821162115585
7900	0.977094816192194	0.0	0.02290518380780604
7950	0.9771963101357966	0.0	0.022803689864203447
8000	0.9772963341598357	0.0	0.022703665840164255
8050	0.97739494807748	0.0	0.022605051922520047
8100	0.9774922078850912	0.0	0.02250779211490883
8150	0.9775881660543467	0.0	0.02241183394565327
8200	0.9776828717990195	0.0	0.02231712820098053
8250	0.9777763713188814	0.0	0.0222236286811186
8300	0.977868708022919	0.0	0.02213129197708097
8350	0.9779599218664146	0.0	0.02204007813358544
8400	0.9780500506181308	0.0	0.021949949381869227
8450	0.978139132024955	0.0	0.02186086797504505
8500	0.9782272002160108	0.0	0.02177279978398916
8550	0.9783142873972013	0.0	0.021685712602798723
8600	0.9784004239850239	0.0	0.021599576014976085
8650	0.9784856387298285	0.0	0.021514361270171478
8700	0.9785699588294481	0.0	0.021430041170551917
8750	0.9786534100340376	0.0	0.021346589965962393
8800	0.9787360167428721	0.0	0.02126398325712786
8850	0.9788178020937991	0.0	0.021182197906200906
8900	0.9788653144758007	0.0	0.02113468552419928
8950	0.9789083829512373	0.0	0.021091617048762723
9000	0.9789516207814246	0.0	0.021048379218575386
9050	0.9789950182790947	0.0	0.021004981720905258
9100	0.9790385657638365	0.0	0.02096143423616348
9150	0.979082253388734	0.0	0.020917746611265997
9200	0.979126073118235	0.0	0.020873926881765037
9250	0.9791700162428189	0.0	0.020829983757181147
9300	0.9792140742878208	0.0	0.020785925712179187
9350	0.9792582390093515	0.0	0.020741760990648506
9400	0.9793025023901105	0.0	0.02069749760988948
9450	0.979346856635122	0.0	0.020653143364878
9500	0.9793912941674258	0.0	0.020608705832574237
9550	0.9794358076237103	0.0	0.020564192376289703
9600	0.9794803898499316	0.0	0.020519610150068424
9650	0.9795250338969117	0.0	0.0204749661030883
9700	0.9795697330159381	0.0	0.020430266984061918
9750	0.9796144806543726	0.0	0.02038551934562738
9800	0.9796592704512759	0.0	0.020340729548724124
9850	0.97970409623306	0.0	0.020295903766940016
9900	0.9797489520091714	0.0	0.020251047990828552
9950	0.9797938319678192	0.0	0.020206168032180782
10000	0.9798387305445297	0.0	0.020161269455470254
10050	0.9798836443549614	0.0	0.020116355645038553
10100	0.9799285658812992	0.0	0.020071434118700826
10150	0.9799734899862437	0.0	0.020026510013756327
10200	0.9800184116906339	0.0	0.01998158830936614
10250	0.9800633261694993	0.0	0.019936673830500684
10300	0.9801082287481875	0.0	0.019891771251812518
10350	0.980142048932127	0.0	0.019857951067873025
10400	0.9801596347774292	0.0	0.01984036522257082
10450	0.9801777358824061	0.0	0.019822264117593913
10500	0.9801963355999483	0.0	0.019803664400051657
10550	0.9802154172956918	0.0	0.019784582704308162
10600	0.9802349653515948	0.0	0.019765034648405178
10650	0.9802549650478236	0.0	0.019745034952176388
10700	0.9802754016327104	0.0	0.01972459836728957
10750	0.9802962607894501	0.0	0.01970373921054991
10800	0.9803175286216618	0.0	0.01968247137833823
10850	0.9803391916395079	0.0	0.01966080836049211
10900	0.9803612367463601	0.0	0.01963876325363989
10950	0.9803836512259799	0.0	0.019616348774020076
11000	0.9804064227301913	0.0	0.019593577269808704
11050	0.9804295392670197	0.0	0.0195704607329803
11100	0.9804529891892863	0.0	0.01954701081071375
11150	0.980476762112945	0.0	0.01952323788705501
11200	0.9805008462924053	0.0	0.019499153707594696
11250	0.9805252308350066	0.0	0.019474769164993355
11300	0.9805499053676731	0.0	0.019450094632326942
11350	0.9805748598111177	0.0	0.019425140188882306
11400	0.9806000843707345	0.0	0.019399915629265463
11450	0.9806255695278108	0.0	0.01937443047218923
11500	0.980651306031061	0.0	0.019348693968939012
11550	0.980677284888456	0.0	0.019322715111544042
11600	0.9807034973593423	0.0	0.019296502640657742
11650	0.9807299349468359	0.0	0.019270065053164087
11700	0.9807565893904813	0.0	0.01924341060951873
11750	0.9807834526591618	0.0	0.01921654734083822
11800	0.9808105149584245	0.0	0.01918948504157547
11850	0.980837770069684	0.0	0.01916222993031602
11900	0.9808652113023051	0.0	0.019134788697694916
11950	0.9808928314750682	0.0	0.019107168524931772
12000	0.9809206236041232	0.0	0.019079376395876757
12050	0.98094858089723	0.0	0.019051419102769973
12100	0.9809766967481817	0.0	0.019023303251818335
12150	0.9810049647314152	0.0	0.018995035268584815
12200	0.9810333785968011	0.0	0.018966621403198936
12250	0.9810619322645959	0.0	0.018938067735404074
12300	0.9810906198205681	0.0	0.01890938017943189
12350	0.9811194355112732	0.0	0.01888056448872677
12400	0.9811483737394848	0.0	0.018851626260515175
12450	0.9811622997927879	0.0	0.018837700207212094
12500	0.9811765719291666	0.0	0.01882342807083337
12550	0.9811911852108526	0.0	0.01880881478914742
12600	0.9812061261593259	0.0	0.018793873840674102
12650	0.9812213859800057	0.0	0.018778614019994255
12700	0.9812369560917731	0.0	0.018763043908226917
12750	0.9812528281212393	0.0	0.018747171878760738
12800	0.981268993897192	0.0	0.01873100610280798
12850	0.9812854454452061	0.0	0.018714554554793872
12900	0.9813021749824321	0.0	0.018697825017567893
12950	0.9813191749125274	0.0	0.018680825087472597
13000	0.9813364378207547	0.0	0.018663562179245252
13050	0.9813539564692217	0.0	0.018646043530778256
13100	0.981371723792263	0.0	0.018628276207736993
13150	0.9813897328919624	0.0	0.018610267108037593
13200	0.981407977033808	0.0	0.018592022966192
13250	0.9814264496424728	0.0	0.01857355035752717
13300	0.9814451442977244	0.0	0.018554855702275552
13350	0.9814640545168094	0.0	0.018535945483190597
13400	0.9814831740016948	0.0	0.018516825998305175
13450	0.9815024971792402	0.0	0.018497502820759792
13500	0.9815220182108242	0.0	0.018477981789175812
13550	0.9815417313941709	0.0	0.01845826860582911
13600	0.981561631159917	0.0	0.018438368840082986
13650	0.9815817120682774	0.0	0.01841828793172262
13700	0.9816019688058083	0.0	0.0183980311941917
13750	0.9816223961822548	0.0	0.018377603817745225
13800	0.9816379723922404	0.0	0.018362027607759623
13850	0.9816463019355611	0.0	0.018353698064438873
13900	0.9816549535883828	0.0	0.01834504641161716
13950	0.9816639201816562	0.0	0.018336079818343842
14000	0.9816731946969867	0.0	0.018326805303013338
14050	0.9816827702631252	0.0	0.018317229736874774
14100	0.9816926401525543	0.0	0.018307359847445692
14150	0.9817027977781715	0.0	0.018297202221828512
14200	0.9817132366900515	0.0	0.018286763309948495
14250	0.9817239505722962	0.0	0.018276049427703778
14300	0.9817349330161631	0.0	0.018265066983836897
14350	0.9817461776674425	0.0	0.018253822332557457
14400	0.9817576791248344	0.0	0.01824232087516564
14450	0.9817694315787133	0.0	0.018230568421286675
14500	0.9817814293389214	0.0	0.01821857066107857
14550	0.9817936668320743	0.0	0.018206333167925748
14600	0.9818061385989426	0.0	0.018193861401057387
14650	0.9818188392918966	0.0	0.018181160708103383
14700	0.9818317636724184	0.0	0.018168236327581577
14750	0.9818449066086699	0.0	0.018155093391330146
14800	0.9818582630731326	0.0	0.01814173692686738
14850	0.9818718281402987	0.0	0.01812817185970128
14900	0.98188559698442	0.0	0.018114403015579983
14950	0.9818995648773201	0.0	0.018100435122679892
15000	0.9819137271862504	0.0	0.018086272813749638
15050	0.9819280793718065	0.0	0.018071920628193516
15100	0.9819426169858976	0.0	0.018057383014102424
15150	0.9819573356697537	0.0	0.01804266433024626
15200	0.9819722311519984	0.0	0.018027768848001613
15250	0.9819872992467539	0.0	0.018012700753246125
15300	0.9820025358518026	0.0	0.017997464148197362
15350	0.982017936946784	0.0	0.017982063053216035
15400	0.9820334990836714	0.0	0.017966500916328565
15450	0.9820492189520087	0.0	0.017950781047991304
15500	0.98206509171925	0.0	0.01793490828074995
15550	0.98206535045341	0.0	0.017934649546589965
15600	0.9820659390297694	0.0	0.017934060970230647
15650	0.982066851598569	0.0	0.01793314840143101
15700	0.9820680824121322	0.0	0.01793191758786783
15750	0.9820696258229011	0.0	0.017930374177098862
15800	0.9820714762815124	0.0	0.017928523718487632
15850	0.982073628334911	0.0	0.017926371665089036
15900	0.9820760766245138	0.0	0.017923923375486206
15950	0.9820788158844062	0.0	0.017921184115593847
16000	0.9820818409395784	0.0	0.0179181590604216
16050	0.9820851467042028	0.0	0.01791485329579723
16100	0.982088728179943	0.0	0.01791127182005703
16150	0.9820925804543063	0.0	0.017907419545693748
16200	0.9820966986990218	0.0	0.01790330130097817
16250	0.9821010781684588	0.0	0.01789892183154118
16300	0.9821057141980818	0.0	0.01789428580191821
16350	0.9821106022029291	0.0	0.017889397797070883
16400	0.9821157376761325	0.0	0.017884262323867528
16450	0.9821211161874572	0.0	0.017878883812542767
16500	0.9821267333818879	0.0	0.01787326661811206
16550	0.9821325849782251	0.0	0.017867415021774913
16600	0.9821386667677293	0.0	0.017861333232270682
16650	0.9821449746127802	0.0	0.017855025387219836
16700	0.9821515040085966	0.0	0.017848495991403368
16750	0.9821582511948762	0.0	0.01784174880512379
16800	0.9821652124512545	0.0	0.017834787548745457
16850	0.982172383911762	0.0	0.01782761608823802
16900	0.9821797617752636	0.0	0.01782023822473644
16950	0.9821873423042824	0.0	0.017812657695717604
17000	0.9821951218238394	0.0	0.01780487817616061
17050	0.982203096720324	0.0	0.01779690327967598
17100	0.9822112634403858	0.0	0.017788736559614216
17150	0.9822196184898415	0.0	0.017780381510158483
17200	0.9822281584326156	0.0	0.017771841567384428
17250	0.982236879889695	0.0	0.01776312011030501
17300	0.9822457795381034	0.0	0.017754220461896564
17350	0.9822548541099017	0.0	0.017745145890098346
17400	0.9822641003912035	0.0	0.017735899608796513
17450	0.9822735152212126	0.0	0.017726484778787355
17500	0.9822830954912797	0.0	0.01771690450872032
17550	0.9822928381439743	0.0	0.01770716185602572
17600	0.9823027401721808	0.0	0.017697259827819223
17650	0.9823127986182076	0.0	0.01768720138179236
17700	0.982323010572915	0.0	0.017676989427084955
17750	0.9823245646779261	0.0	0.01767543532207394
17800	0.9823241549310279	0.0	0.01767584506897213
17850	0.9823239898957575	0.0	0.017676010104242468
17900	0.9823240659549435	0.0	0.01767593404505652
17950	0.9823243795434184	0.0	0.017675620456581553
18000	0.9823249271472076	0.0	0.01767507285279235
18050	0.9823257053027361	0.0	0.017674294697263893
18100	0.9823267105960388	0.0	0.01767328940396118
18150	0.9823279396619987	0.0	0.017672060338001283
18200	0.9823293891293053	0.0	0.01767061087069466
18250	0.982331055682253	0.0	0.017668944317747015
18300	0.982332936187787	0.0	0.017667063812212946
18350	0.9823350274688257	0.0	0.017664972531174272
18400	0.9823373263934765	0.0	0.017662673606523516
18450	0.9823398298743458	0.0	0.01766017012565424
18500	0.9823425348678532	0.0	0.017657465132146832
18550	0.982345438373561	0.0	0.01765456162643897
18600	0.9823485374335174	0.0	0.017651462566482645
18650	0.9823518291316047	0.0	0.01764817086839532
18700	0.9823553105929042	0.0	0.017644689407095848
18750	0.9823589789830688	0.0	0.017641021016931213
18800	0.9823628315077068	0.0	0.017637168492293243
18850	0.9823668654117765	0.0	0.017633134588223465
18900	0.9823710779789886	0.0	0.017628922021011406
18950	0.9823754665312227	0.0	0.017624533468777348
19000	0.9823800284279502	0.0	0.017619971572049753
19050	0.9823847610656669	0.0	0.017615238934333144
19100	0.9823896618773365	0.0	0.01761033812266355
19150	0.982394728331843	0.0	0.017605271668156952
19200	0.982399957933453	0.0	0.017600042066546973
19250	0.9824053482212816	0.0	0.01759465177871844
19300	0.9824108967687751	0.0	0.017589103231224867
19350	0.9824166011831972	0.0	0.01758339881680282
19400	0.9824224591051232	0.0	0.017577540894876842
19450	0.9824284682079462	0.0	0.01757153179205384
19500	0.9824346261973869	0.0	0.017565373802613138
19550	0.9824409308110157	0.0	0.01755906918898431
19600	0.9824473798177779	0.0	0.017552620182222145
19650	0.9824539710175322	0.0	0.01754602898246782
19700	0.9824607022405921	0.0	0.01753929775940788
19750	0.9824675713472762	0.0	0.017532428652723753
19800	0.9824745762274653	0.0	0.017525423772534743
19850	0.9824817148001699	0.0	0.01751828519983012
19900	0.9824889850130977	0.0	0.01751101498690233
19950	0.9824963848422371	0.0	0.017503615157762886
20000	0.9825039122914396	0.0	0.01749608770856037
20050	0.9825115656073031	0.0	0.017488434392696872
20100	0.9825193426290284	0.0	0.017480657370971597
20150	0.982527241441559	0.0	0.017472758558440993
20200	0.9825352601561135	0.0	0.017464739843886523
20250	0.9825433969098011	0.0	0.01745660309019892
20300	0.9825516498652488	0.0	0.01744835013475121
20350	0.9825600172102262	0.0	0.017439982789773767
20400	0.9825684971572851	0.0	0.017431502842714885
20450	0.9825770879433992	0.0	0.017422912056600848
20500	0.9825857878296094	0.0	0.01741421217039063
20550	0.9825945951006797	0.0	0.017405404899320298
20600	0.9826035080647519	0.0	0.01739649193524806
20650	0.9826125250530093	0.0	0.017387474946990666
20700	0.9826122804644856	0.0	0.017387719535514434
20750	0.9826098701862199	0.0	0.017390129813780075
20800	0.9826076414091184	0.0	0.017392358590881618
20850	0.982605591648774	0.0	0.017394408351225965
20900	0.9826037184281072	0.0	0.01739628157189277
20950	0.9826020204979802	0.0	0.017397979502019822
21000	0.9826004958359723	0.0	0.01739950416402769
21050	0.9825991424420384	0.0	0.017400857557961613
21100	0.9825979583382488	0.0	0.01740204166175119
21150	0.9825969415685337	0.0	0.01740305843146628
21200	0.9825960901984276	0.0	0.01740390980157236
21250	0.9825954023148177	0.0	0.01740459768518232
21300	0.9825948760256991	0.0	0.01740512397430094
21350	0.9825945094599244	0.0	0.017405490540075563
21400	0.9825943007669693	0.0	0.017405699233030703
21450	0.9825942481166883	0.0	0.017405751883311726
21500	0.9825943496990803	0.0	0.017405650300919673
21550	0.982594603724056	0.0	0.017405396275943952
21600	0.982595008421209	0.0	0.01740499157879105
21650	0.9825955620395848	0.0	0.017404437960415242
21700	0.9825962628474603	0.0	0.017403737152539733
21750	0.9825971090552964	0.0	0.017402890944703597
21800	0.9825980987417603	0.0	0.017401901258239705
21850	0.9825992305049692	0.0	0.017400769495030777
21900	0.9826005026880185	0.0	0.017399497311981538
21950	0.9826019136521564	0.0	0.017398086347843567
22000	0.982603461776572	0.0	0.017396538223428015
22050	0.9826051454581956	0.0	0.01739485454180445
22100	0.9826069631114864	0.0	0.01739303688851357
22150	0.9826089131682408	0.0	0.01739108683175916
22200	0.9826109940773854	0.0	0.01738900592261461
22250	0.9826132043047872	0.0	0.017386795695212842
22300	0.9826155423330547	0.0	0.017384457666945297
22350	0.9826180066613507	0.0	0.017381993338649315
22400	0.9826205958051981	0.0	0.017379404194801884
22450	0.9826233082963005	0.0	0.017376691703699487
22500	0.982626142682349	0.0	0.017373857317650954
22550	0.9826290975268457	0.0	0.017370902473154315
22600	0.9826321714089218	0.0	0.017367828591078216
22650	0.982635362923158	0.0	0.017364637076841993
22700	0.9826386706794131	0.0	0.01736132932058687
22750	0.9826420942111224	0.0	0.017357905788877637
22800	0.9826456323963826	0.0	0.017354367603617415
22850	0.9826492827554238	0.0	0.017350717244576153
22900	0.9826530439571801	0.0	0.017346956042819883
22950	0.9826569146850133	0.0	0.01734308531498674
23000	0.9826608936365513	0.0	0.01733910636344871
23050	0.9826649795235268	0.0	0.017335020476473173
23100	0.9826691710716168	0.0	0.017330828928383224
23150	0.982673467020284	0.0	0.01732653297971598
23200	0.9826778661226249	0.0	0.017322133877375134
23250	0.9826823671452114	0.0	0.0173176328547886
23300	0.98268696886794	0.0	0.017313031132059953
23350	0.9826916700838845	0.0	0.017308329916115528
23400	0.9826964695991437	0.0	0.017303530400856304
23450	0.982701366232697	0.0	0.017298633767303007
23500	0.9827063588162587	0.0	0.017293641183741326
23550	0.9827114461941342	0.0	0.017288553805865803
23600	0.9827166272230796	0.0	0.01728337277692038
23650	0.9827219007721629	0.0	0.017278099227837074
23700	0.9827272657226226	0.0	0.01727273427737741
23750	0.9827327209677355	0.0	0.01726727903226455
23800	0.9827382654126762	0.0	0.01726173458732383
23850	0.9827438973066944	0.0	0.017256102693305575
23900	0.9827496160457566	0.0	0.017250383954243387
23950	0.982755420740234	0.0	0.01724457925976597
24000	0.9827613103417673	0.0	0.01723868965823272
24050	0.9827672838132498	0.0	0.017232716186750152
24100	0.9827733401287023	0.0	0.017226659871297678
24150	0.9827794782731475	0.0	0.01722052172685251
24200	0.9827856972424903	0.0	0.01721430275750968
24250	0.9827919960433927	0.0	0.017208003956607265
24300	0.9827983736931587	0.0	0.0172016263068413
24350	0.9828048292196108	0.0	0.017195170780389235
24400	0.982811361660977	0.0	0.017188638339022955
24450	0.982817970065774	0.0	0.017182029934226017
24500	0.9828246534926915	0.0	0.017175346507308453
24550	0.9828314110104827	0.0	0.01716858898951734
24600	0.9828382416978497	0.0	0.017161758302150276
24650	0.9828451446433352	0.0	0.017154855356664833
24700	0.9828521189452123	0.0	0.017147881054787706
24750	0.9828591637113763	0.0	0.01714083628862373
24800	0.9828662780592421	0.0	0.017133721940757907
24850	0.9828734611156337	0.0	0.017126538884366327
24900	0.982880712016685	0.0	0.017119287983314968
24950	0.9828880299077349	0.0	0.01711197009226506
25000	0.9828954139432248	0.0	0.01710458605677523
25050	0.9829028642916461	0.0	0.017097135708353917
25100	0.9829103791362839	0.0	0.017089620863716126
25150	0.9829179576376501	0.0	0.017082042362349892
25200	0.9829255989855232	0.0	0.01707440101447677
25250	0.9829333023782966	0.0	0.01706669762170343
25300	0.9829410670228864	0.0	0.017058932977113583
25350	0.9829488921346354	0.0	0.017051107865364568
25400	0.9829567769372217	0.0	0.01704322306277828
25450	0.9829647206625681	0.0	0.017035279337431875
25500	0.9829727225507509	0.0	0.017027277449249145
25550	0.9829807818499099	0.0	0.01701921815009011
25600	0.9829888978161627	0.0	0.01701110218383728
25650	0.9829970697135164	0.0	0.017002930286483586
25700	0.9830052968137796	0.0	0.016994703186220428
25750	0.9830135783964793	0.0	0.016986421603520707
25800	0.9830219137487773	0.0	0.016978086251222657
25850	0.9830303021653864	0.0	0.01696969783461355
25900	0.9830387429484861	0.0	0.016961257051513856
25950	0.9830472354076452	0.0	0.01695276459235484
26000	0.983055778859737	0.0	0.01694422114026295
26050	0.9830643726288653	0.0	0.016935627371134743
26100	0.9830730160462808	0.0	0.016926983953719166
26150	0.9830817084503057	0.0	0.016918291549694264
26200	0.9830904491862585	0.0	0.01690955081374146
26250	0.9830992376063751	0.0	0.016900762393624924
26300	0.9831080730697359	0.0	0.01689192693026409
26350	0.9831169542404886	0.0	0.016883045759511384
26400	0.9831258808162837	0.0	0.016874119183716285
26450	0.983134852538686	0.0	0.016865147461313956
26500	0.9831438687935654	0.0	0.016856131206434588
26550	0.9831529289732748	0.0	0.016847071026725224
26600	0.9831620324765776	0.0	0.01683796752342237
26650	0.9831711787085822	0.0	0.016828821291417828
26700	0.9831803670806704	0.0	0.01681963291932964
26750	0.9831895970104298	0.0	0.01681040298957015
26800	0.9831988679215913	0.0	0.01680113207840872
26850	0.9832081792439565	0.0	0.016791820756043463
26900	0.9832175304133387	0.0	0.016782469586661297
26950	0.9832269208714943	0.0	0.016773079128505675
27000	0.9832363500660605	0.0	0.01676364993393953
27050	0.9832458174504922	0.0	0.01675418254950778
27100	0.9832553224839992	0.0	0.01674467751600084
27150	0.9832648646314863	0.0	0.016735135368513676
27200	0.9832744433634882	0.0	0.016725556636511762
27250	0.9832840581561141	0.0	0.016715941843885918
27300	0.9832937084909852	0.0	0.016706291509014815
27350	0.9833033938551777	0.0	0.016696606144822268
27400	0.9833131137411614	0.0	0.01668688625883863
27450	0.983322867646746	0.0	0.016677132353253965
27500	0.9833326550750218	0.0	0.016667344924978234
27550	0.9833424755343037	0.0	0.01665752446569635
27600	0.9833523285380767	0.0	0.016647671461923252
27650	0.9833622136049405	0.0	0.01663778639505953
27700	0.9833721302585522	0.0	0.01662786974144781
27750	0.9833820780275772	0.0	0.016617921972422844
27800	0.983392057750365	0.0	0.01660794224963502
27850	0.983402069524851	0.0	0.016597930475149014
27900	0.9834121110111366	0.0	0.01658788898886343
27950	0.9834221817572373	0.0	0.01657781824276272
28000	0.9834322813159173	0.0	0.01656771868408269
28050	0.9834424092446407	0.0	0.01655759075535934
28100	0.9834525651055217	0.0	0.016547434894478297
28150	0.9834627484652754	0.0	0.01653725153472463
28200	0.9834729588951693	0.0	0.01652704110483072
28250	0.9834831959709742	0.0	0.016516804029025778
28300	0.983493459272918	0.0	0.01650654072708202
28350	0.9835037483856387	0.0	0.0164962516143613
28400	0.9835140628981363	0.0	0.016485937101863746
28450	0.9835244024037286	0.0	0.016475597596271374
28500	0.9835347665000047	0.0	0.01646523349999529
28550	0.9835451547887806	0.0	0.016454845211219427
28600	0.9835555668760546	0.0	0.01644443312394539
28650	0.9835660023719627	0.0	0.016433997628037322
28700	0.9835764608907365	0.0	0.01642353910926353
28750	0.9835869420506591	0.0	0.016413057949340892
28800	0.983597445474023	0.0	0.016402554525977053
28850	0.983607970787088	0.0	0.01639202921291205
28900	0.983618517620039	0.0	0.016381482379960954
28950	0.9836290856069471	0.0	0.016370914393052938
29000	0.9836396743857266	0.0	0.016360325614273363
29050	0.9836502835980944	0.0	0.016349716401905634
29100	0.9836609128895327	0.0	0.016339087110467276
29150	0.9836715619092485	0.0	0.016328438090751463
29200	0.9836822303101347	0.0	0.016317769689865314
29250	0.9836929177487297	0.0	0.01630708225127031
29300	0.9837036238851836	0.0	0.01629637611481638
29350	0.983714348383218	0.0	0.01628565161678197
29400	0.9837250909100858	0.0	0.016274909089914247
29450	0.9837358543356358	0.0	0.016264145664364182
29500	0.9837466363773034	0.0	0.01625336362269658
29550	0.9837574354681073	0.0	0.016242564531892656
29600	0.9837682512888103	0.0	0.01623174871118971
29650	0.9837790835235369	0.0	0.016220916476463065
29700	0.9837899318597337	0.0	0.016210068140266265
29750	0.9838007959881347	0.0	0.016199204011865254
29800	0.9838116756027294	0.0	0.01618832439727058
29850	0.9838225704007276	0.0	0.016177429599272375
29900	0.9838334800825261	0.0	0.016166519917473865
29950	0.9838444043516765	0.0	0.016155595648323473
30000	0.9838553429148535	0.0	0.016144657085146452
