320	0.007673203307958102
325	0.0094115988133596
330	0.014125619336909215
335	0.012124136416752617
340	0.011240019146440957
345	0.008657814822570742
350	0.008236700481465646
355	0.007733775337444725
360	0.006006303871856903
365	0.004855277397656867
370	0.0044383992049087
375	0.002533933897976925
380	0.002121999694654585
385	0.0013691660490833613
390	0.0010197299732333518
395	0.0005942204828410224
400	0.0004096528771913019
405	0.00016512766775092738
410	3.470880715848664e-05
415	1.322626427999833e-05
420	5.957400517093247e-05
425	0.00017543223602500436
430	0.00022293528713463414
435	0.0004784337339931564
440	0.0006973583517011646
445	0.0009406122439820519
450	0.0011827683284532282
455	0.0013173959100109605
460	0.001448111940873972
465	0.001555056986918889
470	0.001632901966669805
475	0.0016641928501410406
480	0.0016929623314824852
485	0.0016518848686481822
490	0.001479369841046354
495	0.0015159034350135216
500	0.0014288426070945622
505	0.0012533603861820553
510	0.0012563946184316554
515	0.0010679184277922634
520	0.0008959976910631616
525	0.0009000851779376184
530	0.0007889284722882896
535	0.0006401843556779844
540	0.0005365859926195572
545	0.000451281494107426
550	0.0003524289585071919
555	0.00027177373483851036
560	0.00018663501036283797
565	0.000135936211824381
570	8.609124767185514e-05
575	5.048635332715895e-05
580	2.321371865155049e-05
585	7.597066678120993e-06
590	9.84681774408555e-07
595	4.268177124557706e-06
600	1.6204832359747797e-05
605	3.6997349735833066e-05
610	6.430032380810916e-05
615	9.500739627239911e-05
620	0.00013932878082289783
625	0.0001777084753906247
630	0.0002261213650830159
635	0.00028163574128708545
640	0.00034645883636918095
645	0.0004010987292193248
650	0.0004316936772684837
655	0.0005131150301264614
660	0.0005640867541062566
665	0.0006276550105682492
670	0.0007083144042893196
675	0.0007527008255065171
680	0.0008030128280541552
685	0.0008466998181329496
690	0.0007379378890282535
695	0.0008619907805041615
700	0.0009390922099561788
705	0.000992699964234031
710	0.0010345965829586874
715	0.0010667127816461905
720	0.0007800047062451925
725	0.0009152524308479728
730	0.0009295068114398409
735	0.0011201153910753955
740	0.0010977914626327933
745	0.0011691800239090066
750	0.0011662377267361802
755	0.0011816697593836658
760	0.0011424720356834532
765	0.000516639949240528
770	0.0010814176663578364
775	0.0011257729766907894
780	0.0011195177565093619
785	0.0010895428414393511
790	0.0010527410976953519
795	0.001013644365131511
800	0.0009929194901898994
805	0.0009653410412950827
810	0.0009265203743175839
815	0.0007768728082065725
820	0.0007600837897927972
825	0.0007650658253860713
830	0.0007391876829156562
835	0.0007206486205385827
840	0.0007474699226180472
845	0.0007107418048163132
850	0.0006841724893820368
855	0.0005687262186027394
860	0.0006349487694826793
865	0.000599087052983405
870	0.0005536704497030951
875	0.000521097103291371
880	0.0004917019453719482
885	0.00046270522646231575
890	0.000437681889407975
895	0.000374118506081157
900	0.00022546331424354454
905	0.00032322100718270663
910	0.0002500167888771246
915	0.00020613067771414783
920	0.0002234461122044952
925	0.00019957234936372596
930	0.00013867915025651467
935	3.2698227469935944e-05
940	8.181031670468287e-05
945	5.2247976938767665e-05
950	7.983251117771481e-05
955	6.002638725228451e-05
960	4.6127417344515216e-05
965	4.8462963853498694e-05
970	6.125215615023652e-05
975	4.3006139008194496e-05
980	3.892789429164847e-05
985	3.588173780284951e-05
990	2.830658509416629e-05
995	2.1689452177031575e-05
1000	1.5398229146994044e-05
1005	1.0481847346304696e-05
1010	7.127692615425831e-06
1015	4.810657690300184e-06
1020	3.493439846875058e-06
1025	3.55482355515242e-06
1030	4.665372931418344e-06
1035	6.886481905647919e-06
1040	1.0158094383542197e-05
1045	1.449013259604322e-05
1050	1.9801635660102035e-05
1055	2.576921874747058e-05
1060	3.1934946255042566e-05
1065	4.1128641711511304e-05
1070	4.68179644853335e-05
1075	6.012052030871454e-05
1080	6.972772869212723e-05
1085	7.812773437995335e-05
1090	9.09366563916949e-05
1095	9.749961542323173e-05
1100	0.00010425692254085865
1105	0.00010865490194367045
1110	0.00010774451843660557
1115	8.712230769513936e-05
1120	3.649775898788132e-05
1125	3.870709516739832e-05
1130	4.134634407960365e-05
1135	1.783042196264844e-05
1140	0.0001386737744672502
1145	5.7138048799612017e-05
1150	0.00011931619397319851
1155	8.376469329584355e-05
1160	0.00021307981303491077
1165	0.0002726464828207086
1170	0.0003066428938669386
1175	0.00026067119920480334
1180	0.000398011438497263
1185	0.000367205704869323
1190	0.00038566830523784057
1195	0.00046000166780343904
1200	0.00037835762242891566
1205	0.0003961009818047498
1210	0.00047695550771376555
1215	0.0005256997141922216
1220	0.0005675525111405622
1225	0.0005973067505640913
1230	0.0006517991738567677
1235	0.0006863348529841267
1240	0.000705955133593577
1245	0.0007244320090661876
1250	0.0007627184584699594
1255	0.0007668332620153894
1260	0.0007679056585283378
1265	0.000694181016566832
1270	0.0004781261271766336
1275	0.0008175259432335388
1280	0.0008861832685081092
1285	0.000909323588351287
1290	0.0009158749824088183
1295	0.000934909021615038
1300	0.000976780351541314
1305	0.000742527175103723
1310	0.000978828505544501
1315	0.0007579625942095999
1320	0.0007274012009820813
1325	0.0007325727398107938
1330	0.0005103678514936157
1335	0.0005002945956700506
1340	0.0005375730996776088
1345	0.00023630811348492354
1350	5.186603097504844e-05
1355	9.56202527809844e-07
1360	2.4835075970954536e-09
1365	4.714670578430376e-09
1370	1.837379733044686e-09
1375	6.530952485071986e-07
1380	1.9481108524061604e-07
1385	2.3583663216497895e-09
1390	2.2736923220110998e-06
1395	3.023312178267618e-07
1400	3.325817126167461e-06
1405	3.0935041346689977e-06
1410	2.6485225054275284e-06
1415	1.589818095544964e-06
1420	9.567499917520788e-06
1425	7.733334665599614e-05
1430	0.00017678449829844814
1435	9.941659013096056e-05
1440	0.00024690087174753807
1445	0.00030478925495228826
1450	0.0005133600948564726
1455	0.0007047721094280977
1460	0.000850708005341346
1465	0.0008067459612682234
1470	0.0005130791530866303
1475	0.0005358537570714978
1480	0.0006723013822948963
1485	0.0007832879867709937
1490	0.0010995445754578826
1495	0.001200210609052514
1500	0.0013032294227949162
1505	0.0009757361613235895
1510	0.001155812749005198
1515	0.0014179871350843594
1520	0.0015592443073090445
1525	0.0017839461723970194
1530	0.0017916887660978285
1535	0.001795058299406228
1540	0.001848586686041469
1545	0.0018696999658811297
1550	0.001905487847323056
1555	0.0018711716256426723
1560	0.0019212900287957349
1565	0.0019080066842482829
1570	0.0018741961441469024
1575	0.0018018370597379944
1580	0.0017897219822269545
1585	0.0019074958766938592
1590	0.0018024808167328812
1595	0.0020130712328313553
1600	0.0019252686742288827
1605	0.001839436091872664
1610	0.0018526047455986025
1615	0.0019666686775784183
1620	0.0020118425823480992
1625	0.0020498427782134135
1630	0.0020624305335771244
1635	0.0020120829697406572
1640	0.001925151839665578
1645	0.0019758172281357286
1650	0.0019539547889357756
1655	0.001949676661880114
1660	0.0020197832669414536
1665	0.002039193549681402
1670	0.002006426308232165
1675	0.0020327932713803017
1680	0.0020278307914438094
1685	0.001903649089205752
1690	0.002012153169586909
1695	0.0020085085581166536
1700	0.00203555955133309
1705	0.002039747653588232
1710	0.001996916037148641
1715	0.0019151411764952485
1720	0.0019510486463870528
1725	0.0019414011312275442
1730	0.001865924918369312
1735	0.0018404011777557647
1740	0.00172321300640251
1745	0.0018099212866724756
1750	0.0016806066852681051
1755	0.0018139602417391067
1760	0.0016897792799091004
1765	0.0017817085808057341
1770	0.00149183318021808
1775	0.001604729661217481
1780	0.0013110229048757343
1785	0.0011566057860668507
1790	0.0008930336981203696
1795	0.0010395201549061141
1800	0.0005530574085185577
1805	0.00037798483511521845
1810	0.00017729040938695858
1815	0.00011685636857321085
1820	3.9867034305752415e-05
1825	1.2086535391613636e-05
1830	1.571247377140256e-05
1835	6.462971494115805e-08
1840	8.029134009078724e-08
1845	7.899329959070019e-10
1850	7.949307931806286e-08
1855	3.8317030409813474e-08
1860	3.6527250024031633e-09
1865	1.4442875847412833e-07
1870	2.214400522086095e-07
1875	3.499915331862234e-12
1880	5.963807672833972e-12
1885	1.030926097128218e-06
1890	5.875908203416457e-07
1895	3.0091150327716004e-06
1900	1.7556745724195908e-06
1905	1.1765633885967352e-08
1910	7.780965233690263e-09
1915	3.1840767566978796e-07
1920	2.7728898749338806e-07
1925	6.303110679908618e-06
1930	1.3170967873559056e-05
1935	7.818898795440233e-06
1940	5.116109978585203e-05
1945	4.699970688729994e-05
1950	0.00015646790876297948
1955	0.00024230731055575004
1960	0.00014620334180300088
1965	0.00032091134563884253
1970	0.0004207907849086088
1975	0.0007235685569712088
1980	0.0010106320237287033
1985	0.0011307028590313243
1990	0.0012505294616708903
1995	0.0012957363263176446
2000	0.001235231601394371
2005	0.0005835206421457463
2010	0.0002306129396175924
2015	0.0006141657899326121
2020	0.0004138285507826255
2025	0.0007020209080011844
2030	0.0011609204727774946
2035	0.0013375839018858044
2040	0.0015267166763416036
2045	0.0014289474336339231
2050	0.0014566061462537299
2055	0.00109153876996338
2060	0.0008864362676739248
2065	0.0011222810033676006
2070	0.0010082049128167221
2075	0.0010751465452387096
2080	0.0012735064316503153
2085	0.001433969002247505
2090	0.0014119607664424888
2095	0.0014849790619497491
2100	0.0015022848594428947
2105	0.0014480184170579111
2110	0.0015727421017707368
2115	0.0015200924206681306
2120	0.0015610656334616097
2125	0.0014977248522391705
2130	0.0015218402722028228
2135	0.0015477652446913327
2140	0.0015587256807410516
2145	0.0015777797454172263
2150	0.0015617218583183954
2155	0.0014829763745970346
2160	0.0014923289638325424
2165	0.0014863007030769069
2170	0.0013528900914612386
2175	0.0014592530345453364
2180	0.0014371291203339393
2185	0.0014669144669345936
2190	0.0013417486733385527
2195	0.0014283182120445712
2200	0.0014323787549145918
2205	0.001295808671789864
2210	0.0013517601563276527
2215	0.001453826165656633
2220	0.0014030146032266617
2225	0.0014348327570190803
2230	0.001397859765960933
2235	0.0014086325631830735
2240	0.0013859590310404677
2245	0.001368557007465555
2250	0.001330343371814658
2255	0.001355704789629105
2260	0.001279687469395097
2265	0.0012696537990488199
2270	0.001296778768986797
2275	0.001238529479759213
2280	0.0012262913164734898
2285	0.0012737458185163003
2290	0.001215919643588513
2295	0.0012226255700328347
2300	0.0011884880395296757
2305	0.0011446425780983589
2310	0.0011549037465092454
2315	0.0012503889267436686
2320	0.0011416443058100522
2325	0.001024709113352548
2330	0.001110375815076174
2335	0.001125879735675165
2340	0.0011518611531511627
2345	0.0009134282666301276
2350	0.0010272349273855509
2355	0.0008324541178389243
2360	0.0009541154141657483
2365	0.0010126591566691114
2370	0.000998549031755982
2375	0.0006245156459447345
2380	0.0008972465602433863
2385	0.0008671659298440711
2390	0.0006298856762632751
2395	0.0007602850045759245
2400	0.0008338789964911582
2405	0.0009092993511165575
2410	0.0006937908497758315
2415	0.0007000081611412412
2420	0.0005666174613840473
2425	0.0005533821241934944
2430	0.0006901403824588797
2435	0.0009431214715890131
2440	0.00031196081985932405
2445	0.0009090706196890929
2450	0.00043822876812218563
2455	0.00028748744594158754
2460	0.0005261978496984548
2465	0.0007080577402728837
2470	0.0005137000447847452
2475	0.0003566678101358271
2480	0.00035168457489148284
2485	0.00017222106612912807
2490	0.00012045634237152748
2495	7.557697398279862e-05
2500	6.206850027716074e-05
