107.88967418670654
108.56286025047302
107.92202115058899
107.67195224761963
109.3438401222229
104.10905766487122
108.65616774559021
107.20342946052551
106.57806754112244
107.28205275535583
107.49972367286682
108.85620331764221
105.906174659729
107.85904669761658
106.51593947410583
107.93725442886353
106.5628604888916
109.24948525428772
106.18835115432739
107.60990738868713
109.45309567451477
107.93753218650818
107.42072534561157
106.25008368492126
105.90431237220764
108.36056995391846
108.37606644630432
105.79688000679016
107.57818579673767
106.04749917984009
105.59283924102783
108.03011727333069
107.09352970123291
105.73325562477112
106.93754243850708
105.04744553565979
107.6407516002655
106.37601637840271
105.89099955558777
107.71885824203491
108.0308690071106
109.01533055305481
106.0312237739563
104.98448014259338
105.42136836051941
106.12387681007385
105.15552973747253
106.52983498573303
