2.48E-03	1.00E+00	3.98E-12
6.20E-03	9.98E-01	1.15E-10
1.24E-02	9.99E-01	1.49E-09
1.65E-02	1.00E+00	4.33E-09
2.48E-02	1.00E+00	1.92E-08
3.10E-02	1.00E+00	4.64E-08
4.13E-02	1.00E+00	1.32E-07
4.77E-02	1.00E+00	2.11E-07
4.96E-02	1.00E+00	3.63E-08
6.20E-02	9.99E-01	9.57E-08
1.24E-01	9.99E-01	1.29E-06
1.55E-01	1.00E+00	2.92E-06
2.07E-01	1.00E+00	8.36E-06
2.48E-01	1.00E+00	1.52E-05
2.76E-01	1.00E+00	2.21E-05
3.10E-01	1.00E+00	3.57E-05
3.44E-01	1.00E+00	3.24E-05
3.54E-01	1.00E+00	1.72E-05
4.13E-01	1.00E+00	1.43E-05
4.96E-01	1.00E+00	2.40E-05
6.20E-01	1.00E+00	4.72E-05
8.27E-01	9.99E-01	1.21E-04
1.24E+00	9.98E-01	5.23E-04
1.55E+00	9.97E-01	1.08E-03
1.68E+00	9.98E-01	1.42E-03
2.07E+00	9.97E-01	2.69E-03
2.48E+00	9.97E-01	4.57E-03
3.10E+00	9.98E-01	8.82E-03
3.35E+00	1.01E+00	8.23E-03
3.54E+00	1.00E+00	1.68E-03
4.13E+00	9.96E-01	2.32E-03
4.43E+00	9.94E-01	2.70E-03
4.77E+00	9.92E-01	3.11E-03
5.17E+00	9.89E-01	3.50E-03
5.64E+00	9.87E-01	3.45E-03
6.20E+00	9.82E-01	3.77E-03
6.89E+00	9.78E-01	4.31E-03
7.29E+00	9.73E-01	4.42E-03
7.75E+00	9.68E-01	4.38E-03
8.27E+00	9.63E-01	4.07E-03
8.86E+00	9.55E-01	3.54E-03
9.54E+00	9.43E-01	3.66E-03
1.03E+01	9.26E-01	6.22E-03
1.13E+01	9.02E-01	1.72E-02
1.18E+01	8.90E-01	2.61E-02
1.24E+01	8.76E-01	3.82E-02
1.31E+01	8.61E-01	5.65E-02
1.38E+01	8.49E-01	8.42E-02
1.46E+01	8.46E-01	1.11E-01
1.55E+01	8.48E-01	1.39E-01
1.59E+01	8.51E-01	1.49E-01
1.63E+01	8.53E-01	1.58E-01
1.68E+01	8.53E-01	1.66E-01
1.72E+01	8.51E-01	1.81E-01
1.77E+01	8.59E-01	1.97E-01
1.82E+01	8.71E-01	2.08E-01
1.88E+01	8.83E-01	2.11E-01
1.94E+01	8.85E-01	2.10E-01
2.00E+01	8.81E-01	2.11E-01
2.07E+01	8.73E-01	2.21E-01
2.14E+01	8.68E-01	2.37E-01
2.21E+01	8.71E-01	2.59E-01
2.30E+01	8.85E-01	2.74E-01
2.34E+01	8.90E-01	2.75E-01
2.38E+01	8.89E-01	2.76E-01
2.43E+01	8.86E-01	2.81E-01
2.48E+01	8.84E-01	2.90E-01
2.53E+01	8.85E-01	3.00E-01
2.58E+01	8.88E-01	3.09E-01
2.64E+01	8.93E-01	3.17E-01
2.70E+01	8.96E-01	3.23E-01
2.82E+01	8.99E-01	3.34E-01
2.95E+01	8.97E-01	3.49E-01
3.10E+01	8.96E-01	3.68E-01
3.18E+01	8.95E-01	3.78E-01
3.26E+01	8.92E-01	3.88E-01
3.35E+01	8.85E-01	4.00E-01
3.44E+01	8.76E-01	4.18E-01
3.54E+01	8.65E-01	4.54E-01
3.65E+01	8.79E-01	4.89E-01
3.76E+01	8.99E-01	5.14E-01
3.88E+01	9.21E-01	5.28E-01
4.00E+01	9.32E-01	5.34E-01
4.13E+01	9.30E-01	5.41E-01
4.28E+01	9.19E-01	5.57E-01
4.35E+01	9.11E-01	5.72E-01
4.43E+01	9.02E-01	5.90E-01
4.51E+01	8.91E-01	6.16E-01
4.59E+01	8.86E-01	6.50E-01
4.68E+01	8.89E-01	6.91E-01
4.77E+01	8.97E-01	7.34E-01
4.86E+01	9.13E-01	7.78E-01
4.96E+01	9.47E-01	8.28E-01
5.06E+01	9.89E-01	8.68E-01
5.17E+01	1.04E+00	9.04E-01
5.28E+01	1.10E+00	9.30E-01
5.39E+01	1.18E+00	9.43E-01
5.51E+01	1.26E+00	9.35E-01
5.64E+01	1.34E+00	8.74E-01
5.77E+01	1.37E+00	8.01E-01
5.90E+01	1.35E+00	7.45E-01
6.20E+01	1.29E+00	7.14E-01
6.53E+01	1.27E+00	7.52E-01
6.89E+01	1.28E+00	8.05E-01
7.29E+01	1.33E+00	9.64E-01
7.75E+01	1.42E+00	9.10E-01
8.27E+01	1.66E+00	9.18E-01
8.55E+01	1.64E+00	8.75E-01
8.86E+01	1.72E+00	7.83E-01
9.54E+01	1.66E+00	6.40E-01
1.03E+02	1.61E+00	5.87E-01
1.13E+02	1.55E+00	5.53E-01
1.24E+02	1.46E+00	5.57E-01
1.38E+02	1.33E+00	5.62E-01
1.55E+02	1.16E+00	7.53E-01
1.65E+02	1.14E+00	9.11E-01
1.77E+02	1.18E+00	1.06E+00
1.91E+02	1.25E+00	1.18E+00
2.07E+02	1.34E+00	1.28E+00
2.25E+02	1.45E+00	1.34E+00
2.48E+02	1.55E+00	1.35E+00
2.61E+02	1.61E+00	1.34E+00
2.76E+02	1.69E+00	1.28E+00
2.88E+02	1.73E+00	1.13E+00
2.95E+02	1.75E+00	1.06E+00
3.02E+02	1.73E+00	8.45E-01
3.10E+02	1.62E+00	5.99E-01
3.18E+02	1.30E+00	3.60E-01
3.26E+02	7.27E-01	3.04E-01
3.29E+02	5.27E-01	3.99E-01
3.35E+02	3.00E-01	7.65E-01
3.44E+02	2.30E-01	1.13E+00
3.54E+02	2.11E-01	1.42E+00
3.82E+02	2.29E-01	1.86E+00
4.13E+02	2.26E-01	2.28E+00
4.96E+02	2.37E-01	3.09E+00
6.20E+02	2.69E-01	4.18E+00
8.27E+02	2.71E-01	5.80E+00
1.24E+03	2.78E-01	9.02E+00
2.48E+03	6.69E-01	1.88E+01
3.10E+03	9.09E-01	2.29E+01
4.13E+03	1.41E+00	3.05E+01
6.20E+03	2.84E+00	4.57E+01
1.24E+04	9.94E+00	9.02E+01
2.48E+04	3.67E+01	1.73E+02
4.96E+04	1.18E+02	3.06E+02
1.24E+05	3.09E+02	5.06E+02
2.48E+05	5.31E+02	6.89E+02
