1539.41	1.62158	0.00008
1540.36	1.62157	0.00008
1541.31	1.62156	0.00008
1542.26	1.62155	0.00008
1543.21	1.62153	0.00008
1544.16	1.62152	0.00008
1545.12	1.62151	0.00008
1546.07	1.6215	0.00008
1547.03	1.62149	0.00008
1547.99	1.62148	0.00008
1548.95	1.62147	0.00008
1549.91	1.62145	0.00008
1550.87	1.62144	0.00008
1551.83	1.62143	0.00008
1552.8	1.62142	0.00008
1553.76	1.62141	0.00008
1554.73	1.6214	0.00008
1555.69	1.62138	0.00008
1556.66	1.62137	0.00008
1557.63	1.62136	0.00009
1558.6	1.62135	0.00009
1559.58	1.62134	0.00009
1560.55	1.62133	0.00009
1561.52	1.62131	0.00009
1562.5	1.6213	0.00009
1563.48	1.62129	0.00009
1564.46	1.62128	0.00009
1565.44	1.62127	0.00009
1566.42	1.62125	0.00009
1567.4	1.62124	0.00009
1568.38	1.62123	0.00009
1569.37	1.62122	0.00009
1570.35	1.62121	0.00009
1571.34	1.62119	0.00009
1572.33	1.62118	0.00009
1573.32	1.62117	0.00009
1574.31	1.62116	0.00009
1575.3	1.62115	0.00009
1576.29	1.62113	0.00009
1577.29	1.62112	0.00009
1578.28	1.62111	0.00009
1579.28	1.6211	0.00009
1580.28	1.62108	0.00009
1581.28	1.62107	0.00009
1582.28	1.62106	0.00009
1583.28	1.62105	0.00009
1584.28	1.62104	0.00009
1585.29	1.62102	0.00009
1586.29	1.62101	0.00009
1587.3	1.621	0.00009
1588.31	1.62099	0.00009
1589.32	1.62097	0.00009
1590.33	1.62096	0.00009
1591.34	1.62095	0.00009
1592.36	1.62094	0.00009
1593.37	1.62092	0.00009
1594.39	1.62091	0.00009
1595.41	1.6209	0.00009
1596.42	1.62088	0.00009
1597.44	1.62087	0.00009
1598.47	1.62086	0.00009
1599.49	1.62085	0.00009
1600.51	1.62083	0.00009
1601.54	1.62082	0.00009
1602.56	1.62081	0.00009
1603.59	1.6208	0.00009
1604.62	1.62078	0.00009
1605.65	1.62077	0.00009
1606.68	1.62076	0.00009
1607.72	1.62074	0.00009
1608.75	1.62073	0.00009
1609.79	1.62072	0.00009
1610.82	1.62071	0.00009
1611.86	1.62069	0.00009
1612.9	1.62068	0.00009
1613.94	1.62067	0.00009
1614.99	1.62065	0.0001
1616.03	1.62064	0.0001
1617.08	1.62063	0.0001
1618.12	1.62061	0.0001
1619.17	1.6206	0.0001
1620.22	1.62059	0.0001
1621.27	1.62057	0.0001
1622.32	1.62056	0.0001
1623.38	1.62055	0.0001
1624.43	1.62053	0.0001
1625.49	1.62052	0.0001
1626.55	1.62051	0.0001
1627.6	1.62049	0.0001
1628.66	1.62048	0.0001
1629.73	1.62047	0.0001
1630.79	1.62045	0.0001
1631.85	1.62044	0.0001
1632.92	1.62043	0.0001
1633.99	1.62041	0.0001
1635.06	1.6204	0.0001
1636.13	1.62039	0.0001
1637.2	1.62037	0.0001
1638.27	1.62036	0.0001
1639.34	1.62034	0.0001
1640.42	1.62033	0.0001
1641.5	1.62032	0.0001
1642.58	1.6203	0.0001
1643.66	1.62029	0.0001
1644.74	1.62028	0.0001
1645.82	1.62026	0.0001
1646.9	1.62025	0.0001
1647.99	1.62023	0.0001
1649.08	1.62022	0.0001
1650.17	1.62021	0.0001
1651.25	1.62019	0.0001
1652.35	1.62018	0.0001
1653.44	1.62016	0.0001
1654.53	1.62015	0.0001
1655.63	1.62014	0.0001
1656.73	1.62012	0.0001
1657.82	1.62011	0.0001
1658.93	1.62009	0.0001
1660.03	1.62008	0.0001
1661.13	1.62006	0.0001
1662.23	1.62005	0.0001
1663.34	1.62004	0.0001
1664.45	1.62002	0.0001
1665.56	1.62001	0.0001
1666.67	1.61999	0.0001
1667.78	1.61998	0.0001
1668.89	1.61996	0.00011
1670.01	1.61995	0.00011
1671.12	1.61993	0.00011
1672.24	1.61992	0.00011
1673.36	1.6199	0.00011
1674.48	1.61989	0.00011
1675.6	1.61988	0.00011
1676.73	1.61986	0.00011
1677.85	1.61985	0.00011
1678.98	1.61983	0.00011
1680.11	1.61982	0.00011
1681.24	1.6198	0.00011
1682.37	1.61979	0.00011
1683.5	1.61977	0.00011
1684.64	1.61976	0.00011
1685.77	1.61974	0.00011
1686.91	1.61973	0.00011
1688.05	1.61971	0.00011
1689.19	1.6197	0.00011
1690.33	1.61968	0.00011
1691.47	1.61967	0.00011
1692.62	1.61965	0.00011
1693.77	1.61964	0.00011
1694.92	1.61962	0.00011
1696.07	1.61961	0.00011
1697.22	1.61959	0.00011
1698.37	1.61958	0.00011
1699.52	1.61956	0.00011
1700.68	1.61955	0.00011
1701.84	1.61953	0.00011
1703	1.61951	0.00011
1704.16	1.6195	0.00011
1705.32	1.61948	0.00011
1706.48	1.61947	0.00011
1707.65	1.61945	0.00011
1708.82	1.61944	0.00011
1709.99	1.61942	0.00011
1711.16	1.61941	0.00011
1712.33	1.61939	0.00011
1713.5	1.61937	0.00011
1714.68	1.61936	0.00011
1715.85	1.61934	0.00011
1717.03	1.61933	0.00011
1718.21	1.61931	0.00011
1719.39	1.6193	0.00012
1720.58	1.61928	0.00012
1721.76	1.61926	0.00012
1722.95	1.61925	0.00012
1724.14	1.61923	0.00012
1725.33	1.61922	0.00012
1726.52	1.6192	0.00012
1727.71	1.61918	0.00012
1728.91	1.61917	0.00012
1730.1	1.61915	0.00012
1731.3	1.61914	0.00012
1732.5	1.61912	0.00012
1733.7	1.6191	0.00012
1734.91	1.61909	0.00012
1736.11	1.61907	0.00012
1737.32	1.61905	0.00012
1738.53	1.61904	0.00012
1739.74	1.61902	0.00012
1740.95	1.619	0.00012
1742.16	1.61899	0.00012
1743.38	1.61897	0.00012
1744.59	1.61895	0.00012
1745.81	1.61894	0.00012
1747.03	1.61892	0.00012
1748.25	1.6189	0.00012
1749.48	1.61889	0.00012
1750.7	1.61887	0.00012
1751.93	1.61885	0.00012
1753.16	1.61884	0.00012
1754.39	1.61882	0.00012
1755.62	1.6188	0.00012
1756.85	1.61879	0.00012
1758.09	1.61877	0.00012
1759.32	1.61875	0.00012
1760.56	1.61874	0.00012
1761.8	1.61872	0.00012
1763.05	1.6187	0.00012
1764.29	1.61868	0.00012
1765.54	1.61867	0.00013
1766.78	1.61865	0.00013
1768.03	1.61863	0.00013
1769.29	1.61862	0.00013
1770.54	1.6186	0.00013
1771.79	1.61858	0.00013
1773.05	1.61856	0.00013
1774.31	1.61855	0.00013
1775.57	1.61853	0.00013
1776.83	1.61851	0.00013
1778.09	1.61849	0.00013
1779.36	1.61848	0.00013
1780.63	1.61846	0.00013
1781.9	1.61844	0.00013
1783.17	1.61842	0.00013
1784.44	1.6184	0.00013
1785.71	1.61839	0.00013
1786.99	1.61837	0.00013
1788.27	1.61835	0.00013
1789.55	1.61833	0.00013
1790.83	1.61832	0.00013
1792.11	1.6183	0.00013
1793.4	1.61828	0.00013
1794.69	1.61826	0.00013
1795.98	1.61824	0.00013
1797.27	1.61823	0.00013
1798.56	1.61821	0.00013
1799.86	1.61819	0.00013
1801.15	1.61817	0.00013
1802.45	1.61815	0.00013
1803.75	1.61813	0.00013
1805.05	1.61812	0.00013
1806.36	1.6181	0.00013
1807.66	1.61808	0.00013
1808.97	1.61806	0.00013
1810.28	1.61804	0.00014
1811.59	1.61802	0.00014
1812.91	1.618	0.00014
1814.22	1.61799	0.00014
1815.54	1.61797	0.00014
1816.86	1.61795	0.00014
1818.18	1.61793	0.00014
1819.51	1.61791	0.00014
1820.83	1.61789	0.00014
1822.16	1.61787	0.00014
1823.49	1.61785	0.00014
1824.82	1.61783	0.00014
1826.15	1.61782	0.00014
1827.49	1.6178	0.00014
1828.82	1.61778	0.00014
1830.16	1.61776	0.00014
1831.5	1.61774	0.00014
1832.84	1.61772	0.00014
1834.19	1.6177	0.00014
1835.54	1.61768	0.00014
1836.88	1.61766	0.00014
1838.24	1.61764	0.00014
1839.59	1.61762	0.00014
1840.94	1.6176	0.00014
1842.3	1.61758	0.00014
1843.66	1.61756	0.00014
1845.02	1.61754	0.00014
1846.38	1.61752	0.00014
1847.75	1.6175	0.00014
1849.11	1.61748	0.00014
1850.48	1.61746	0.00014
1851.85	1.61745	0.00014
1853.22	1.61743	0.00015
1854.6	1.61741	0.00015
1855.98	1.61739	0.00015
1857.36	1.61737	0.00015
1858.74	1.61734	0.00015
1860.12	1.61732	0.00015
1861.5	1.6173	0.00015
1862.89	1.61728	0.00015
1864.28	1.61726	0.00015
1865.67	1.61724	0.00015
1867.06	1.61722	0.00015
1868.46	1.6172	0.00015
1869.86	1.61718	0.00015
1871.26	1.61716	0.00015
1872.66	1.61714	0.00015
1874.06	1.61712	0.00015
1875.47	1.6171	0.00015
1876.88	1.61708	0.00015
1878.29	1.61706	0.00015
1879.7	1.61704	0.00015
1881.11	1.61702	0.00015
1882.53	1.617	0.00015
1883.95	1.61697	0.00015
1885.37	1.61695	0.00015
1886.79	1.61693	0.00015
1888.22	1.61691	0.00015
1889.64	1.61689	0.00015
1891.07	1.61687	0.00015
1892.51	1.61685	0.00015
1893.94	1.61683	0.00016
1895.38	1.61681	0.00016
1896.81	1.61678	0.00016
1898.25	1.61676	0.00016
1899.7	1.61674	0.00016
1901.14	1.61672	0.00016
1902.59	1.6167	0.00016
1904.04	1.61668	0.00016
1905.49	1.61665	0.00016
1906.94	1.61663	0.00016
1908.4	1.61661	0.00016
1909.85	1.61659	0.00016
1911.31	1.61657	0.00016
1912.78	1.61655	0.00016
1914.24	1.61652	0.00016
1915.71	1.6165	0.00016
1917.18	1.61648	0.00016
1918.65	1.61646	0.00016
1920.12	1.61643	0.00016
1921.6	1.61641	0.00016
1923.08	1.61639	0.00016
1924.56	1.61637	0.00016
1926.04	1.61635	0.00016
1927.53	1.61632	0.00016
1929.01	1.6163	0.00016
1930.5	1.61628	0.00016
1931.99	1.61625	0.00017
1933.49	1.61623	0.00017
1934.98	1.61621	0.00017
1936.48	1.61619	0.00017
1937.98	1.61616	0.00017
1939.49	1.61614	0.00017
1940.99	1.61612	0.00017
1942.5	1.61609	0.00017
1944.01	1.61607	0.00017
1945.53	1.61605	0.00017
1947.04	1.61603	0.00017
1948.56	1.616	0.00017
1950.08	1.61598	0.00017
1951.6	1.61596	0.00017
1953.13	1.61593	0.00017
1954.65	1.61591	0.00017
1956.18	1.61589	0.00017
1957.71	1.61586	0.00017
1959.25	1.61584	0.00017
1960.78	1.61581	0.00017
1962.32	1.61579	0.00017
1963.86	1.61577	0.00017
1965.41	1.61574	0.00017
1966.96	1.61572	0.00017
1968.5	1.6157	0.00018
1970.06	1.61567	0.00018
1971.61	1.61565	0.00018
1973.16	1.61562	0.00018
1974.72	1.6156	0.00018
1976.28	1.61557	0.00018
1977.85	1.61555	0.00018
1979.41	1.61553	0.00018
1980.98	1.6155	0.00018
1982.55	1.61548	0.00018
1984.13	1.61545	0.00018
1985.7	1.61543	0.00018
1987.28	1.6154	0.00018
1988.86	1.61538	0.00018
1990.45	1.61535	0.00018
1992.03	1.61533	0.00018
1993.62	1.6153	0.00018
1995.21	1.61528	0.00018
1996.81	1.61525	0.00018
1998.4	1.61523	0.00018
2000	1.6152	0.00018
2001.6	1.61518	0.00018
2003.21	1.61515	0.00018
2004.81	1.61513	0.00019
2006.42	1.6151	0.00019
2008.03	1.61508	0.00019
2009.65	1.61505	0.00019
2011.26	1.61503	0.00019
2012.88	1.615	0.00019
2014.5	1.61497	0.00019
2016.13	1.61495	0.00019
2017.76	1.61492	0.00019
2019.39	1.6149	0.00019
2021.02	1.61487	0.00019
2022.65	1.61484	0.00019
2024.29	1.61482	0.00019
2025.93	1.61479	0.00019
2027.58	1.61477	0.00019
2029.22	1.61474	0.00019
2030.87	1.61471	0.00019
2032.52	1.61469	0.00019
2034.17	1.61466	0.00019
2035.83	1.61463	0.00019
2037.49	1.61461	0.00019
2039.15	1.61458	0.0002
2040.82	1.61455	0.0002
2042.48	1.61453	0.0002
2044.15	1.6145	0.0002
2045.83	1.61447	0.0002
2047.5	1.61445	0.0002
2049.18	1.61442	0.0002
2050.86	1.61439	0.0002
2052.55	1.61436	0.0002
2054.23	1.61434	0.0002
2055.92	1.61431	0.0002
2057.61	1.61428	0.0002
2059.31	1.61425	0.0002
2061.01	1.61423	0.0002
2062.71	1.6142	0.0002
2064.41	1.61417	0.0002
2066.12	1.61414	0.0002
2067.82	1.61412	0.0002
2069.54	1.61409	0.0002
2071.25	1.61406	0.00021
2072.97	1.61403	0.00021
2074.69	1.614	0.00021
2076.41	1.61397	0.00021
2078.14	1.61395	0.00021
2079.87	1.61392	0.00021
2081.6	1.61389	0.00021
2083.33	1.61386	0.00021
2085.07	1.61383	0.00021
2086.81	1.6138	0.00021
2088.55	1.61377	0.00021
2090.3	1.61375	0.00021
2092.05	1.61372	0.00021
2093.8	1.61369	0.00021
2095.56	1.61366	0.00021
2097.32	1.61363	0.00021
2099.08	1.6136	0.00021
2100.84	1.61357	0.00021
2102.61	1.61354	0.00021
2104.38	1.61351	0.00022
2106.15	1.61348	0.00022
2107.93	1.61345	0.00022
2109.7	1.61342	0.00022
2111.49	1.61339	0.00022
2113.27	1.61336	0.00022
2115.06	1.61333	0.00022
2116.85	1.6133	0.00022
2118.64	1.61327	0.00022
2120.44	1.61324	0.00022
2122.24	1.61321	0.00022
2124.04	1.61318	0.00022
2125.85	1.61315	0.00022
2127.66	1.61312	0.00022
2129.47	1.61309	0.00022
2131.29	1.61306	0.00022
2133.11	1.61303	0.00022
2134.93	1.613	0.00023
2136.75	1.61297	0.00023
2138.58	1.61294	0.00023
2140.41	1.61291	0.00023
2142.25	1.61288	0.00023
2144.08	1.61285	0.00023
2145.92	1.61281	0.00023
2147.77	1.61278	0.00023
2149.61	1.61275	0.00023
2151.46	1.61272	0.00023
2153.32	1.61269	0.00023
2155.17	1.61266	0.00023
2157.03	1.61263	0.00023
2158.89	1.61259	0.00023
2160.76	1.61256	0.00023
2162.63	1.61253	0.00023
2164.5	1.6125	0.00024
2166.38	1.61247	0.00024
2168.26	1.61243	0.00024
2170.14	1.6124	0.00024
2172.02	1.61237	0.00024
2173.91	1.61234	0.00024
2175.81	1.6123	0.00024
2177.7	1.61227	0.00024
2179.6	1.61224	0.00024
2181.5	1.6122	0.00024
2183.41	1.61217	0.00024
2185.31	1.61214	0.00024
2187.23	1.61211	0.00024
2189.14	1.61207	0.00024
2191.06	1.61204	0.00024
2192.98	1.61201	0.00025
2194.91	1.61197	0.00025
2196.84	1.61194	0.00025
2198.77	1.6119	0.00025
2200.7	1.61187	0.00025
2202.64	1.61184	0.00025
2204.59	1.6118	0.00025
2206.53	1.61177	0.00025
2208.48	1.61173	0.00025
2210.43	1.6117	0.00025
2212.39	1.61167	0.00025
2214.35	1.61163	0.00025
2216.31	1.6116	0.00025
2218.28	1.61156	0.00025
2220.25	1.61153	0.00025
2222.22	1.61149	0.00026
2224.2	1.61146	0.00026
2226.18	1.61142	0.00026
2228.16	1.61139	0.00026
2230.15	1.61135	0.00026
2232.14	1.61132	0.00026
2234.14	1.61128	0.00026
2236.14	1.61125	0.00026
2238.14	1.61121	0.00026
2240.14	1.61118	0.00026
2242.15	1.61114	0.00026
2244.17	1.6111	0.00026
2246.18	1.61107	0.00026
2248.2	1.61103	0.00027
2250.23	1.611	0.00027
2252.25	1.61096	0.00027
2254.28	1.61092	0.00027
2256.32	1.61089	0.00027
2258.36	1.61085	0.00027
2260.4	1.61081	0.00027
2262.44	1.61078	0.00027
2264.49	1.61074	0.00027
2266.55	1.6107	0.00027
2268.6	1.61067	0.00027
2270.66	1.61063	0.00027
2272.73	1.61059	0.00027
2274.8	1.61055	0.00028
2276.87	1.61052	0.00028
2278.94	1.61048	0.00028
2281.02	1.61044	0.00028
2283.11	1.6104	0.00028
2285.19	1.61037	0.00028
2287.28	1.61033	0.00028
2289.38	1.61029	0.00028
2291.48	1.61025	0.00028
2293.58	1.61021	0.00028
2295.68	1.61017	0.00028
2297.79	1.61014	0.00028
2299.91	1.6101	0.00028
2302.03	1.61006	0.00029
2304.15	1.61002	0.00029
2306.27	1.60998	0.00029
2308.4	1.60994	0.00029
2310.54	1.6099	0.00029
2312.67	1.60986	0.00029
2314.81	1.60982	0.00029
2316.96	1.60978	0.00029
2319.11	1.60974	0.00029
2321.26	1.6097	0.00029
2323.42	1.60966	0.00029
2325.58	1.60962	0.00029
2327.75	1.60958	0.0003
2329.92	1.60954	0.0003
2332.09	1.6095	0.0003
2334.27	1.60946	0.0003
2336.45	1.60942	0.0003
2338.63	1.60938	0.0003
2340.82	1.60934	0.0003
2343.02	1.6093	0.0003
2345.22	1.60926	0.0003
2347.42	1.60922	0.0003
2349.62	1.60918	0.0003
2351.83	1.60913	0.00031
2354.05	1.60909	0.00031
2356.27	1.60905	0.00031
2358.49	1.60901	0.00031
2360.72	1.60897	0.00031
2362.95	1.60892	0.00031
2365.18	1.60888	0.00031
2367.42	1.60884	0.00031
2369.67	1.6088	0.00031
2371.92	1.60876	0.00031
2374.17	1.60871	0.00031
2376.43	1.60867	0.00032
2378.69	1.60863	0.00032
2380.95	1.60858	0.00032
2383.22	1.60854	0.00032
2385.5	1.6085	0.00032
2387.77	1.60845	0.00032
2390.06	1.60841	0.00032
2392.34	1.60837	0.00032
2394.64	1.60832	0.00032
2396.93	1.60828	0.00032
2399.23	1.60823	0.00033
2401.54	1.60819	0.00033
2403.85	1.60815	0.00033
2406.16	1.6081	0.00033
2408.48	1.60806	0.00033
2410.8	1.60801	0.00033
2413.13	1.60797	0.00033
2415.46	1.60792	0.00033
2417.79	1.60788	0.00033
2420.14	1.60783	0.00033
2422.48	1.60779	0.00034
2424.83	1.60774	0.00034
2427.18	1.6077	0.00034
2429.54	1.60765	0.00034
2431.91	1.6076	0.00034
2434.27	1.60756	0.00034
2436.65	1.60751	0.00034
2439.02	1.60746	0.00034
2441.41	1.60742	0.00034
2443.79	1.60737	0.00034
2446.18	1.60732	0.00035
2448.58	1.60728	0.00035
2450.98	1.60723	0.00035
2453.39	1.60718	0.00035
2455.8	1.60714	0.00035
2458.21	1.60709	0.00035
2460.63	1.60704	0.00035
2463.05	1.60699	0.00035
2465.48	1.60694	0.00035
2467.92	1.6069	0.00036
2470.36	1.60685	0.00036
2472.8	1.6068	0.00036
2475.25	1.60675	0.00036
2477.7	1.6067	0.00036
2480.16	1.60665	0.00036
2482.62	1.6066	0.00036
2485.09	1.60656	0.00036
2487.56	1.60651	0.00036
2490.04	1.60646	0.00037
2492.52	1.60641	0.00037
2495.01	1.60636	0.00037
2497.5	1.60631	0.00037
2500	1.60626	0.00037
2502.5	1.60621	0.00037
2505.01	1.60616	0.00037
2507.52	1.60611	0.00037
2510.04	1.60606	0.00038
2512.56	1.606	0.00038
2515.09	1.60595	0.00038
2517.62	1.6059	0.00038
2520.16	1.60585	0.00038
2522.7	1.6058	0.00038
2525.25	1.60575	0.00038
2527.81	1.6057	0.00038
2530.36	1.60564	0.00039
2532.93	1.60559	0.00039
2535.5	1.60554	0.00039
2538.07	1.60549	0.00039
2540.65	1.60543	0.00039
2543.23	1.60538	0.00039
2545.82	1.60533	0.00039
2548.42	1.60527	0.00039
2551.02	1.60522	0.0004
2553.63	1.60517	0.0004
2556.24	1.60511	0.0004
2558.85	1.60506	0.0004
2561.48	1.60501	0.0004
2564.1	1.60495	0.0004
2566.74	1.6049	0.0004
2569.37	1.60484	0.0004
2572.02	1.60479	0.00041
2574.67	1.60473	0.00041
2577.32	1.60468	0.00041
2579.98	1.60462	0.00041
2582.64	1.60457	0.00041
2585.32	1.60451	0.00041
2587.99	1.60446	0.00041
2590.67	1.6044	0.00042
2593.36	1.60434	0.00042
2596.05	1.60429	0.00042
2598.75	1.60423	0.00042
2601.46	1.60417	0.00042
2604.17	1.60412	0.00042
2606.88	1.60406	0.00042
2609.6	1.604	0.00042
2612.33	1.60395	0.00043
2615.06	1.60389	0.00043
2617.8	1.60383	0.00043
2620.55	1.60377	0.00043
2623.29	1.60371	0.00043
2626.05	1.60366	0.00043
2628.81	1.6036	0.00043
2631.58	1.60354	0.00044
2634.35	1.60348	0.00044
2637.13	1.60342	0.00044
2639.92	1.60336	0.00044
2642.71	1.6033	0.00044
2645.5	1.60324	0.00044
2648.31	1.60318	0.00045
2651.11	1.60312	0.00045
2653.93	1.60306	0.00045
2656.75	1.603	0.00045
2659.57	1.60294	0.00045
2662.41	1.60288	0.00045
2665.25	1.60282	0.00045
2668.09	1.60276	0.00046
2670.94	1.6027	0.00046
2673.8	1.60263	0.00046
2676.66	1.60257	0.00046
2679.53	1.60251	0.00046
2682.4	1.60245	0.00046
2685.28	1.60238	0.00047
2688.17	1.60232	0.00047
2691.07	1.60226	0.00047
2693.97	1.6022	0.00047
2696.87	1.60213	0.00047
2699.78	1.60207	0.00047
2702.7	1.602	0.00048
2705.63	1.60194	0.00048
2708.56	1.60188	0.00048
2711.5	1.60181	0.00048
2714.44	1.60175	0.00048
2717.39	1.60168	0.00048
2720.35	1.60162	0.00049
2723.31	1.60155	0.00049
2726.28	1.60149	0.00049
2729.26	1.60142	0.00049
2732.24	1.60135	0.00049
2735.23	1.60129	0.00049
2738.23	1.60122	0.0005
2741.23	1.60115	0.0005
2744.24	1.60109	0.0005
2747.25	1.60102	0.0005
2750.28	1.60095	0.0005
2753.3	1.60089	0.0005
2756.34	1.60082	0.00051
2759.38	1.60075	0.00051
2762.43	1.60068	0.00051
2765.49	1.60061	0.00051
2768.55	1.60054	0.00051
2771.62	1.60047	0.00052
2774.69	1.6004	0.00052
2777.78	1.60034	0.00052
2780.87	1.60027	0.00052
2783.96	1.6002	0.00052
2787.07	1.60013	0.00052
2790.18	1.60005	0.00053
2793.3	1.59998	0.00053
2796.42	1.59991	0.00053
2799.55	1.59984	0.00053
2802.69	1.59977	0.00053
2805.84	1.5997	0.00054
2808.99	1.59963	0.00054
2812.15	1.59955	0.00054
2815.32	1.59948	0.00054
2818.49	1.59941	0.00054
2821.67	1.59934	0.00055
2824.86	1.59926	0.00055
2828.05	1.59919	0.00055
2831.26	1.59911	0.00055
2834.47	1.59904	0.00055
2837.68	1.59897	0.00056
2840.91	1.59889	0.00056
2844.14	1.59882	0.00056
2847.38	1.59874	0.00056
2850.63	1.59867	0.00056
2853.88	1.59859	0.00057
2857.14	1.59851	0.00057
2860.41	1.59844	0.00057
2863.69	1.59836	0.00057
2866.97	1.59828	0.00057
2870.26	1.59821	0.00058
2873.56	1.59813	0.00058
2876.87	1.59805	0.00058
2880.18	1.59797	0.00058
2883.51	1.5979	0.00059
2886.84	1.59782	0.00059
2890.17	1.59774	0.00059
2893.52	1.59766	0.00059
2896.87	1.59758	0.00059
2900.23	1.5975	0.0006
2903.6	1.59742	0.0006
2906.98	1.59734	0.0006
2910.36	1.59726	0.0006
2913.75	1.59718	0.00061
2917.15	1.5971	0.00061
2920.56	1.59702	0.00061
2923.98	1.59693	0.00061
2927.4	1.59685	0.00061
2930.83	1.59677	0.00062
2934.27	1.59669	0.00062
2937.72	1.5966	0.00062
2941.18	1.59652	0.00062
2944.64	1.59644	0.00063
2948.11	1.59635	0.00063
2951.59	1.59627	0.00063
2955.08	1.59619	0.00063
2958.58	1.5961	0.00064
2962.09	1.59602	0.00064
2965.6	1.59593	0.00064
2969.12	1.59584	0.00064
2972.65	1.59576	0.00065
2976.19	1.59567	0.00065
2979.74	1.59558	0.00065
2983.29	1.5955	0.00065
2986.86	1.59541	0.00066
2990.43	1.59532	0.00066
2994.01	1.59523	0.00066
2997.6	1.59515	0.00066
3001.2	1.59506	0.00067
3004.81	1.59497	0.00067
3008.42	1.59488	0.00067
3012.05	1.59479	0.00067
3015.68	1.5947	0.00068
3019.32	1.59461	0.00068
3022.97	1.59452	0.00068
3026.63	1.59443	0.00069
3030.3	1.59433	0.00069
3033.98	1.59424	0.00069
3037.67	1.59415	0.00069
3041.36	1.59406	0.0007
3045.07	1.59397	0.0007
3048.78	1.59387	0.0007
3052.5	1.59378	0.0007
3056.23	1.59368	0.00071
3059.98	1.59359	0.00071
3063.73	1.5935	0.00071
3067.48	1.5934	0.00072
3071.25	1.59331	0.00072
3075.03	1.59321	0.00072
3078.82	1.59311	0.00072
3082.61	1.59302	0.00073
3086.42	1.59292	0.00073
3090.23	1.59282	0.00073
3094.06	1.59272	0.00074
3097.89	1.59263	0.00074
3101.74	1.59253	0.00074
3105.59	1.59243	0.00075
3109.45	1.59233	0.00075
3113.33	1.59223	0.00075
3117.21	1.59213	0.00075
3121.1	1.59203	0.00076
3125	1.59193	0.00076
3128.91	1.59183	0.00076
3132.83	1.59173	0.00077
3136.76	1.59162	0.00077
3140.7	1.59152	0.00077
3144.65	1.59142	0.00078
3148.61	1.59132	0.00078
3152.59	1.59121	0.00078
3156.57	1.59111	0.00079
3160.56	1.591	0.00079
3164.56	1.5909	0.00079
3168.57	1.59079	0.0008
3172.59	1.59069	0.0008
3176.62	1.59058	0.0008
3180.66	1.59047	0.00081
3184.71	1.59037	0.00081
3188.78	1.59026	0.00081
3192.85	1.59015	0.00082
3196.93	1.59004	0.00082
3201.02	1.58993	0.00082
3205.13	1.58983	0.00083
3209.24	1.58972	0.00083
3213.37	1.58961	0.00083
3217.5	1.58949	0.00084
3221.65	1.58938	0.00084
3225.81	1.58927	0.00084
3229.97	1.58916	0.00085
3234.15	1.58905	0.00085
3238.34	1.58893	0.00086
3242.54	1.58882	0.00086
3246.75	1.58871	0.00086
3250.98	1.58859	0.00087
3255.21	1.58848	0.00087
3259.45	1.58836	0.00087
3263.71	1.58825	0.00088
3267.97	1.58813	0.00088
3272.25	1.58801	0.00089
3276.54	1.5879	0.00089
3280.84	1.58778	0.00089
3285.15	1.58766	0.0009
3289.47	1.58754	0.0009
3293.81	1.58742	0.00091
3298.15	1.5873	0.00091
3302.51	1.58718	0.00091
3306.88	1.58706	0.00092
3311.26	1.58694	0.00092
3315.65	1.58682	0.00093
3320.05	1.5867	0.00093
3324.47	1.58657	0.00093
3328.89	1.58645	0.00094
3333.33	1.58633	0.00094
3337.78	1.5862	0.00095
3342.25	1.58608	0.00095
3346.72	1.58595	0.00095
3351.21	1.58583	0.00096
3355.7	1.5857	0.00096
3360.22	1.58557	0.00097
3364.74	1.58545	0.00097
3369.27	1.58532	0.00098
3373.82	1.58519	0.00098
3378.38	1.58506	0.00098
3382.95	1.58493	0.00099
3387.53	1.5848	0.00099
3392.13	1.58467	0.001
3396.74	1.58454	0.001
3401.36	1.5844	0.00101
3405.99	1.58427	0.00101
3410.64	1.58414	0.00102
3415.3	1.584	0.00102
3419.97	1.58387	0.00103
3424.66	1.58374	0.00103
3429.36	1.5836	0.00104
3434.07	1.58346	0.00104
3438.79	1.58333	0.00104
3443.53	1.58319	0.00105
3448.28	1.58305	0.00105
3453.04	1.58291	0.00106
3457.81	1.58277	0.00106
3462.6	1.58263	0.00107
3467.41	1.58249	0.00107
3472.22	1.58235	0.00108
3477.05	1.58221	0.00108
3481.89	1.58207	0.00109
3486.75	1.58192	0.00109
3491.62	1.58178	0.0011
3496.5	1.58164	0.0011
3501.4	1.58149	0.00111
3506.31	1.58135	0.00112
3511.24	1.5812	0.00112
3516.17	1.58105	0.00113
3521.13	1.5809	0.00113
3526.09	1.58076	0.00114
3531.07	1.58061	0.00114
3536.07	1.58046	0.00115
3541.08	1.58031	0.00115
3546.1	1.58016	0.00116
3551.14	1.58	0.00116
3556.19	1.57985	0.00117
3561.25	1.5797	0.00117
3566.33	1.57955	0.00118
3571.43	1.57939	0.00119
3576.54	1.57924	0.00119
3581.66	1.57908	0.0012
3586.8	1.57892	0.0012
3591.95	1.57877	0.00121
3597.12	1.57861	0.00122
3602.31	1.57845	0.00122
3607.5	1.57829	0.00123
3612.72	1.57813	0.00123
3617.95	1.57797	0.00124
3623.19	1.57781	0.00125
3628.45	1.57764	0.00125
3633.72	1.57748	0.00126
3639.01	1.57731	0.00126
3644.31	1.57715	0.00127
3649.64	1.57698	0.00128
3654.97	1.57682	0.00128
3660.32	1.57665	0.00129
3665.69	1.57648	0.0013
3671.07	1.57631	0.0013
3676.47	1.57614	0.00131
3681.89	1.57597	0.00132
3687.32	1.5758	0.00132
3692.76	1.57563	0.00133
3698.22	1.57546	0.00134
3703.7	1.57528	0.00134
3709.2	1.57511	0.00135
3714.71	1.57493	0.00136
3720.24	1.57476	0.00136
3725.78	1.57458	0.00137
3731.34	1.5744	0.00138
3736.92	1.57422	0.00138
3742.51	1.57404	0.00139
3748.13	1.57386	0.0014
3753.75	1.57368	0.0014
3759.4	1.5735	0.00141
3765.06	1.57331	0.00142
3770.74	1.57313	0.00143
3776.44	1.57294	0.00143
3782.15	1.57276	0.00144
3787.88	1.57257	0.00145
3793.63	1.57238	0.00146
3799.39	1.57219	0.00146
3805.18	1.572	0.00147
3810.98	1.57181	0.00148
3816.79	1.57162	0.00149
3822.63	1.57143	0.0015
3828.48	1.57123	0.0015
3834.36	1.57104	0.00151
3840.25	1.57084	0.00152
3846.15	1.57065	0.00153
3852.08	1.57045	0.00154
3858.02	1.57025	0.00154
3863.99	1.57005	0.00155
3869.97	1.56985	0.00156
3875.97	1.56965	0.00157
3881.99	1.56945	0.00158
3888.02	1.56924	0.00159
3894.08	1.56904	0.00159
3900.16	1.56883	0.0016
3906.25	1.56863	0.00161
3912.36	1.56842	0.00162
3918.5	1.56821	0.00163
3924.65	1.568	0.00164
3930.82	1.56779	0.00165
3937.01	1.56757	0.00166
3943.22	1.56736	0.00166
3949.45	1.56715	0.00167
3955.7	1.56693	0.00168
3961.97	1.56671	0.00169
3968.25	1.5665	0.0017
3974.56	1.56628	0.00171
3980.89	1.56606	0.00172
3987.24	1.56584	0.00173
3993.61	1.56561	0.00174
4000	1.56539	0.00175
4006.41	1.56516	0.00176
4012.84	1.56494	0.00177
4019.29	1.56471	0.00178
4025.76	1.56448	0.00179
4032.26	1.56425	0.0018
4038.77	1.56402	0.00181
4045.31	1.56379	0.00182
4051.86	1.56356	0.00183
4058.44	1.56332	0.00184
4065.04	1.56309	0.00185
4071.66	1.56285	0.00186
4078.3	1.56261	0.00187
4084.97	1.56237	0.00188
4091.65	1.56213	0.00189
4098.36	1.56189	0.0019
4105.09	1.56164	0.00192
4111.84	1.5614	0.00193
4118.62	1.56115	0.00194
4125.41	1.5609	0.00195
4132.23	1.56066	0.00196
4139.07	1.56041	0.00197
4145.94	1.56015	0.00198
4152.82	1.5599	0.00199
4159.73	1.55965	0.00201
4166.67	1.55939	0.00202
4173.62	1.55913	0.00203
4180.6	1.55887	0.00204
4187.6	1.55861	0.00205
4194.63	1.55835	0.00207
4201.68	1.55809	0.00208
4208.75	1.55782	0.00209
4215.85	1.55756	0.0021
4222.97	1.55729	0.00212
4230.12	1.55702	0.00213
4237.29	1.55675	0.00214
4244.48	1.55648	0.00215
4251.7	1.5562	0.00217
4258.94	1.55593	0.00218
4266.21	1.55565	0.00219
4273.5	1.55537	0.00221
4280.82	1.55509	0.00222
4288.16	1.55481	0.00223
4295.53	1.55453	0.00225
4302.93	1.55424	0.00226
4310.34	1.55395	0.00228
4317.79	1.55367	0.00229
4325.26	1.55338	0.0023
4332.76	1.55308	0.00232
4340.28	1.55279	0.00233
4347.83	1.5525	0.00235
4355.4	1.5522	0.00236
4363	1.5519	0.00238
4370.63	1.5516	0.00239
4378.28	1.5513	0.00241
4385.96	1.55099	0.00242
4393.67	1.55069	0.00244
4401.41	1.55038	0.00245
4409.17	1.55007	0.00247
4416.96	1.54976	0.00248
4424.78	1.54945	0.0025
4432.62	1.54913	0.00252
4440.5	1.54881	0.00253
4448.4	1.5485	0.00255
4456.33	1.54817	0.00257
4464.29	1.54785	0.00258
4472.27	1.54753	0.0026
4480.29	1.5472	0.00262
4488.33	1.54687	0.00263
4496.4	1.54654	0.00265
4504.5	1.54621	0.00267
4512.64	1.54587	0.00269
4520.8	1.54554	0.0027
4528.99	1.5452	0.00272
4537.21	1.54486	0.00274
4545.45	1.54451	0.00276
4553.73	1.54417	0.00278
4562.04	1.54382	0.00279
4570.38	1.54347	0.00281
4578.75	1.54312	0.00283
4587.16	1.54277	0.00285
4595.59	1.54241	0.00287
4604.05	1.54205	0.00289
4612.55	1.54169	0.00291
4621.07	1.54133	0.00293
4629.63	1.54096	0.00295
4638.22	1.5406	0.00297
4646.84	1.54023	0.00299
4655.49	1.53985	0.00301
4664.18	1.53948	0.00303
4672.9	1.5391	0.00305
4681.65	1.53872	0.00307
4690.43	1.53834	0.00309
4699.25	1.53796	0.00312
4708.1	1.53757	0.00314
4716.98	1.53718	0.00316
4725.9	1.53679	0.00318
4734.85	1.53639	0.0032
4743.83	1.536	0.00323
4752.85	1.5356	0.00325
4761.9	1.53519	0.00327
4770.99	1.53479	0.0033
4780.11	1.53438	0.00332
4789.27	1.53397	0.00334
4798.46	1.53356	0.00337
4807.69	1.53314	0.00339
4816.96	1.53272	0.00342
4826.25	1.5323	0.00344
4835.59	1.53188	0.00347
4844.96	1.53145	0.00349
4854.37	1.53102	0.00352
4863.81	1.53059	0.00354
4873.29	1.53015	0.00357
4882.81	1.52971	0.00359
4892.37	1.52927	0.00362
4901.96	1.52883	0.00365
4911.59	1.52838	0.00367
4921.26	1.52793	0.0037
4930.97	1.52747	0.00373
4940.71	1.52702	0.00376
4950.5	1.52656	0.00379
4960.32	1.52609	0.00381
4970.18	1.52562	0.00384
4980.08	1.52515	0.00387
4990.02	1.52468	0.0039
5000	1.5242	0.00393
5010.02	1.52372	0.00396
5020.08	1.52324	0.00399
5030.18	1.52275	0.00402
5040.32	1.52226	0.00405
5050.51	1.52177	0.00409
5060.73	1.52127	0.00412
5070.99	1.52077	0.00415
5081.3	1.52027	0.00418
5091.65	1.51976	0.00421
5102.04	1.51925	0.00425
5112.47	1.51873	0.00428
5122.95	1.51821	0.00432
5133.47	1.51769	0.00435
5144.03	1.51716	0.00438
5154.64	1.51663	0.00442
5165.29	1.5161	0.00446
5175.98	1.51556	0.00449
5186.72	1.51501	0.00453
5197.51	1.51447	0.00456
5208.33	1.51392	0.0046
5219.21	1.51336	0.00464
5230.13	1.5128	0.00468
5241.09	1.51224	0.00472
5252.1	1.51167	0.00475
5263.16	1.5111	0.00479
5274.26	1.51052	0.00483
5285.41	1.50994	0.00487
5296.61	1.50936	0.00491
5307.86	1.50877	0.00496
5319.15	1.50817	0.005
5330.49	1.50758	0.00504
5341.88	1.50697	0.00508
5353.32	1.50636	0.00512
5364.81	1.50575	0.00517
5376.34	1.50514	0.00521
5387.93	1.50451	0.00526
5399.57	1.50389	0.0053
5411.26	1.50325	0.00535
5422.99	1.50262	0.0054
5434.78	1.50198	0.00544
5446.62	1.50133	0.00549
5458.52	1.50068	0.00554
5470.46	1.50002	0.00559
5482.46	1.49936	0.00564
5494.51	1.49869	0.00569
5506.61	1.49801	0.00574
5518.76	1.49734	0.00579
5530.97	1.49665	0.00584
5543.24	1.49596	0.00589
5555.56	1.49527	0.00595
5567.93	1.49456	0.006
5580.36	1.49386	0.00605
5592.84	1.49314	0.00611
5605.38	1.49243	0.00616
5617.98	1.4917	0.00622
5630.63	1.49097	0.00628
5643.34	1.49023	0.00634
5656.11	1.48949	0.0064
5668.93	1.48874	0.00646
5681.82	1.48799	0.00652
5694.76	1.48722	0.00658
5707.76	1.48645	0.00664
5720.82	1.48568	0.0067
5733.94	1.4849	0.00677
5747.13	1.48411	0.00683
5760.37	1.48331	0.0069
5773.67	1.48251	0.00696
5787.04	1.4817	0.00703
5800.46	1.48089	0.0071
5813.95	1.48006	0.00717
5827.51	1.47923	0.00724
5841.12	1.47839	0.00731
5854.8	1.47755	0.00738
5868.54	1.4767	0.00746
5882.35	1.47584	0.00753
5896.23	1.47497	0.0076
5910.17	1.47409	0.00768
5924.17	1.47321	0.00776
5938.24	1.47232	0.00784
5952.38	1.47142	0.00792
5966.59	1.47051	0.008
5980.86	1.46959	0.00808
5995.2	1.46867	0.00816
6009.62	1.46773	0.00825
6024.1	1.46679	0.00833
6038.65	1.46584	0.00842
6053.27	1.46488	0.00851
6067.96	1.46391	0.0086
6082.73	1.46293	0.00869
6097.56	1.46194	0.00878
6112.47	1.46095	0.00887
6127.45	1.45994	0.00897
6142.51	1.45893	0.00907
6157.64	1.4579	0.00916
6172.84	1.45687	0.00926
6188.12	1.45582	0.00936
6203.47	1.45476	0.00947
6218.91	1.4537	0.00957
6234.41	1.45262	0.00968
6250	1.45154	0.00979
6265.66	1.45044	0.00989
6281.41	1.44933	0.01001
6297.23	1.44821	0.01012
6313.13	1.44708	0.01023
6329.11	1.44594	0.01035
6345.18	1.44478	0.01047
6361.32	1.44362	0.01059
6377.55	1.44244	0.01071
6393.86	1.44125	0.01084
6410.26	1.44005	0.01096
6426.74	1.43883	0.01109
6443.3	1.43761	0.01122
6459.95	1.43637	0.01135
6476.68	1.43512	0.01149
6493.51	1.43385	0.01163
6510.42	1.43257	0.01177
6527.42	1.43128	0.01191
6544.5	1.42997	0.01205
6561.68	1.42865	0.0122
6578.95	1.42732	0.01235
6596.31	1.42597	0.0125
6613.76	1.4246	0.01266
6631.3	1.42323	0.01282
6648.94	1.42183	0.01298
6666.67	1.42042	0.01314
6684.49	1.419	0.01331
6702.41	1.41756	0.01348
6720.43	1.4161	0.01365
6738.54	1.41463	0.01383
6756.76	1.41314	0.01401
6775.07	1.41163	0.01419
6793.48	1.41011	0.01438
6811.99	1.40857	0.01457
6830.6	1.40701	0.01476
6849.32	1.40543	0.01496
6868.13	1.40383	0.01516
6887.05	1.40222	0.01536
6906.08	1.40059	0.01557
6925.21	1.39893	0.01579
6944.44	1.39726	0.016
6963.79	1.39557	0.01622
6983.24	1.39385	0.01645
7002.8	1.39212	0.01668
7022.47	1.39037	0.01692
7042.25	1.38859	0.01716
7062.15	1.38679	0.0174
7082.15	1.38497	0.01765
7102.27	1.38313	0.01791
7122.51	1.38126	0.01817
7142.86	1.37937	0.01843
7163.32	1.37746	0.01871
7183.91	1.37552	0.01898
7204.61	1.37356	0.01927
7225.43	1.37157	0.01956
7246.38	1.36955	0.01985
7267.44	1.36751	0.02016
7288.63	1.36545	0.02047
7309.94	1.36335	0.02078
7331.38	1.36123	0.02111
7352.94	1.35908	0.02144
7374.63	1.3569	0.02178
7396.45	1.35469	0.02212
7418.4	1.35245	0.02248
7440.48	1.35018	0.02284
7462.69	1.34787	0.02321
7485.03	1.34554	0.02359
7507.51	1.34317	0.02398
7530.12	1.34077	0.02438
7552.87	1.33834	0.02479
7575.76	1.33587	0.02521
7598.78	1.33337	0.02564
7621.95	1.33082	0.02607
7645.26	1.32825	0.02653
7668.71	1.32563	0.02699
7692.31	1.32298	0.02746
7716.05	1.32028	0.02795
7739.94	1.31755	0.02845
7763.98	1.31477	0.02896
7788.16	1.31195	0.02948
7812.5	1.30909	0.03002
7836.99	1.30619	0.03058
7861.64	1.30323	0.03114
7886.44	1.30024	0.03173
7911.39	1.29719	0.03233
7936.51	1.2941	0.03295
7961.78	1.29096	0.03358
7987.22	1.28776	0.03423
8012.82	1.28451	0.0349
8038.59	1.28122	0.0356
8064.52	1.27786	0.03631
8090.61	1.27445	0.03704
8116.88	1.27098	0.03779
8143.32	1.26745	0.03857
8169.93	1.26387	0.03937
8196.72	1.26022	0.04019
8223.68	1.2565	0.04104
8250.83	1.25273	0.04192
8278.15	1.24888	0.04283
8305.65	1.24496	0.04376
8333.33	1.24098	0.04472
8361.2	1.23692	0.04572
8389.26	1.23279	0.04675
8417.51	1.22858	0.04781
8445.95	1.22429	0.04891
8474.58	1.21992	0.05005
8503.4	1.21547	0.05122
8532.42	1.21093	0.05244
8561.64	1.20631	0.0537
8591.07	1.20159	0.05501
8620.69	1.19678	0.05636
8650.52	1.19187	0.05776
8680.56	1.18687	0.05922
8710.8	1.18176	0.06073
8741.26	1.17654	0.0623
8771.93	1.17122	0.06392
8802.82	1.16579	0.06562
8833.92	1.16024	0.06737
8865.25	1.15457	0.0692
8896.8	1.14878	0.07111
8928.57	1.14287	0.07309
8960.57	1.13682	0.07516
8992.81	1.13064	0.07731
9025.27	1.12432	0.07956
9057.97	1.11786	0.08191
9090.91	1.11124	0.08436
9124.09	1.10448	0.08692
9157.51	1.09755	0.0896
9191.18	1.09047	0.0924
9225.09	1.08321	0.09533
9259.26	1.07578	0.09841
9293.68	1.06817	0.10164
9328.36	1.06037	0.10502
9363.3	1.05239	0.10858
9398.5	1.0442	0.11232
9433.96	1.03581	0.11625
9469.7	1.02721	0.1204
9505.7	1.01839	0.12476
9541.98	1.00935	0.12937
9578.54	1.00008	0.13424
9615.38	0.99058	0.13938
9652.51	0.98083	0.14482
9689.92	0.97084	0.15058
9727.63	0.96059	0.15668
9765.63	0.95009	0.16316
9803.92	0.93933	0.17005
9842.52	0.92832	0.17736
9881.42	0.91704	0.18515
9920.63	0.9055	0.19345
9960.16	0.89371	0.2023
10000	0.88168	0.21175
10040.16	0.86941	0.22184
10080.65	0.85692	0.23263
10121.46	0.84424	0.24417
10162.6	0.8314	0.25652
10204.08	0.81842	0.26974
10245.9	0.80537	0.28389
10288.07	0.7923	0.29903
10330.58	0.77927	0.31522
10373.44	0.76638	0.33252
10416.67	0.7537	0.35097
10460.25	0.74134	0.37062
10504.2	0.72943	0.39147
10548.52	0.71808	0.41356
10593.22	0.70742	0.43685
10638.3	0.69758	0.46134
10683.76	0.68868	0.48697
10729.61	0.68082	0.51367
10775.86	0.67413	0.54138
10822.51	0.66867	0.57
10869.57	0.66453	0.59944
10917.03	0.66176	0.62961
10964.91	0.66041	0.66042
11013.22	0.66051	0.69177
11061.95	0.66208	0.7236
11111.11	0.66515	0.75582
11160.71	0.66974	0.78838
11210.76	0.67587	0.8212
11261.26	0.68356	0.85424
11312.22	0.69285	0.88745
11363.64	0.70376	0.92076
11415.53	0.71635	0.95414
11467.89	0.73066	0.98753
11520.74	0.74675	1.02086
11574.07	0.7647	1.05408
11627.91	0.78456	1.08709
11682.24	0.80644	1.11982
11737.09	0.83041	1.15215
11792.45	0.85657	1.18396
11848.34	0.88502	1.21509
11904.76	0.91585	1.24536
11961.72	0.94914	1.27459
12019.23	0.98498	1.30251
12077.29	1.02342	1.32886
12135.92	1.0645	1.35333
12195.12	1.10822	1.37557
12254.9	1.15452	1.39519
12315.27	1.2033	1.41178
12376.24	1.25437	1.42491
12437.81	1.30747	1.43413
12500	1.36224	1.43901
12562.81	1.41821	1.43915
12626.26	1.47481	1.43422
12690.36	1.53139	1.42396
12755.1	1.58722	1.40823
12820.51	1.64151	1.38706
12886.6	1.69348	1.3606
12953.37	1.74235	1.32918
13020.83	1.78746	1.29327
13089.01	1.8282	1.25349
13157.89	1.86415	1.21053
13227.51	1.89501	1.16515
13297.87	1.92065	1.11812
13368.98	1.9411	1.07018
13440.86	1.95651	1.02202
13513.51	1.96714	0.97425
13586.96	1.97331	0.92738
13661.2	1.9754	0.88181
13736.26	1.97382	0.83788
13812.15	1.96897	0.7958
13888.89	1.96126	0.75574
13966.48	1.95104	0.71776
14044.94	1.93866	0.68192
14124.29	1.92442	0.64819
14204.55	1.90861	0.61654
14285.71	1.89145	0.5869
