61.99	0.66	0.01
62.51	0.66	0.01
63.03	0.65	0.01
63.56	0.64	0.01
64.09	0.63	0.01
64.62	0.63	0.01
65.16	0.62	0.01
65.70	0.61	0.01
66.25	0.60	0.01
66.80	0.59	0.01
67.36	0.58	0.01
67.92	0.57	0.01
68.49	0.56	0.02
69.06	0.55	0.02
69.63	0.54	0.02
70.21	0.53	0.02
70.80	0.52	0.02
71.39	0.51	0.02
71.98	0.50	0.02
72.59	0.48	0.02
73.19	0.47	0.02
73.80	0.46	0.02
74.42	0.44	0.02
75.04	0.43	0.03
75.66	0.41	0.03
76.29	0.39	0.03
76.93	0.37	0.03
77.57	0.35	0.04
78.22	0.33	0.04
78.87	0.31	0.04
79.53	0.29	0.05
80.19	0.26	0.05
80.86	0.23	0.06
81.53	0.19	0.07
82.21	0.16	0.09
82.90	0.12	0.12
83.59	0.10	0.16
84.28	0.08	0.20
84.99	0.07	0.24
85.70	0.06	0.27
86.41	0.06	0.30
87.13	0.05	0.33
87.86	0.05	0.36
88.59	0.05	0.38
89.33	0.05	0.41
90.07	0.05	0.43
90.82	0.04	0.45
91.58	0.04	0.47
92.34	0.04	0.49
93.11	0.04	0.51
93.89	0.04	0.53
94.67	0.04	0.55
95.46	0.04	0.57
96.26	0.04	0.59
97.06	0.04	0.61
97.87	0.04	0.63
98.69	0.04	0.65
99.51	0.04	0.67
100.34	0.04	0.68
101.17	0.04	0.70
102.02	0.04	0.72
102.87	0.04	0.74
103.73	0.04	0.75
104.59	0.04	0.77
105.46	0.04	0.79
106.34	0.04	0.81
107.23	0.04	0.82
108.12	0.04	0.84
109.02	0.04	0.86
109.93	0.04	0.87
110.85	0.04	0.89
111.77	0.04	0.91
112.71	0.04	0.92
113.64	0.04	0.94
114.59	0.04	0.96
115.55	0.04	0.97
116.51	0.04	0.99
117.48	0.04	1.01
118.46	0.04	1.02
119.45	0.04	1.04
120.45	0.05	1.06
121.45	0.05	1.07
122.46	0.05	1.09
123.48	0.05	1.11
124.51	0.05	1.12
125.55	0.05	1.14
126.60	0.05	1.16
127.65	0.05	1.17
128.72	0.05	1.19
129.79	0.05	1.21
130.87	0.05	1.23
131.96	0.05	1.24
133.06	0.05	1.26
134.17	0.05	1.28
135.29	0.05	1.29
136.42	0.05	1.31
137.56	0.05	1.33
138.70	0.06	1.35
139.86	0.06	1.36
141.03	0.06	1.38
142.20	0.06	1.40
143.39	0.06	1.42
144.58	0.06	1.43
145.79	0.06	1.45
147.00	0.06	1.47
148.23	0.06	1.49
149.46	0.06	1.51
150.71	0.06	1.52
151.97	0.06	1.54
153.23	0.07	1.56
154.51	0.07	1.58
155.80	0.07	1.60
157.10	0.07	1.62
158.41	0.07	1.63
159.73	0.07	1.65
161.06	0.07	1.67
162.40	0.07	1.69
163.76	0.07	1.71
165.12	0.07	1.73
166.50	0.08	1.75
167.89	0.08	1.77
169.29	0.08	1.79
170.70	0.08	1.81
172.12	0.08	1.83
173.56	0.08	1.85
175.00	0.08	1.87
176.46	0.08	1.89
177.93	0.09	1.91
179.42	0.09	1.93
180.91	0.09	1.95
182.42	0.09	1.97
183.94	0.09	1.99
185.47	0.09	2.01
187.02	0.09	2.03
188.58	0.10	2.05
190.15	0.10	2.07
191.74	0.10	2.09
193.34	0.10	2.11
194.95	0.10	2.14
196.57	0.10	2.16
198.21	0.11	2.18
199.86	0.11	2.20
201.53	0.11	2.22
203.21	0.11	2.25
204.90	0.11	2.27
206.61	0.11	2.29
208.34	0.12	2.31
210.07	0.12	2.34
211.82	0.12	2.36
213.59	0.12	2.38
215.37	0.13	2.41
217.17	0.13	2.43
218.98	0.13	2.45
220.80	0.13	2.48
222.64	0.13	2.50
224.50	0.14	2.53
226.37	0.14	2.55
228.26	0.14	2.58
230.16	0.14	2.60
232.08	0.15	2.62
234.01	0.15	2.65
235.97	0.15	2.67
237.93	0.15	2.70
239.92	0.16	2.73
241.92	0.16	2.75
243.93	0.16	2.78
245.97	0.17	2.80
248.02	0.17	2.83
250.09	0.17	2.86
252.17	0.17	2.88
254.27	0.18	2.91
256.39	0.18	2.94
258.53	0.18	2.96
260.69	0.19	2.99
262.86	0.19	3.02
265.05	0.19	3.05
267.26	0.20	3.07
269.49	0.20	3.10
271.73	0.20	3.13
274.00	0.21	3.16
276.28	0.21	3.19
278.59	0.21	3.22
280.91	0.22	3.25
283.25	0.22	3.27
285.61	0.23	3.30
287.99	0.23	3.33
290.40	0.23	3.36
292.82	0.24	3.39
295.26	0.24	3.42
297.72	0.25	3.45
300.20	0.25	3.49
302.70	0.26	3.52
305.23	0.26	3.55
307.77	0.26	3.58
310.34	0.27	3.61
312.93	0.27	3.64
315.53	0.28	3.67
318.17	0.28	3.71
320.82	0.29	3.74
323.49	0.29	3.77
326.19	0.30	3.81
328.91	0.30	3.84
331.65	0.31	3.87
334.42	0.31	3.91
337.20	0.32	3.94
340.01	0.32	3.98
342.85	0.33	4.01
345.71	0.34	4.04
348.59	0.34	4.08
351.50	0.35	4.12
354.43	0.35	4.15
357.38	0.36	4.19
360.36	0.37	4.22
363.36	0.37	4.26
366.39	0.38	4.30
369.45	0.38	4.33
372.53	0.39	4.37
375.63	0.40	4.41
378.77	0.40	4.45
381.92	0.41	4.49
385.11	0.42	4.53
388.32	0.43	4.56
391.56	0.43	4.60
394.82	0.44	4.64
398.11	0.45	4.68
401.43	0.46	4.72
404.78	0.47	4.76
408.15	0.47	4.81
411.56	0.48	4.85
414.99	0.49	4.89
418.45	0.50	4.93
421.93	0.51	4.97
425.45	0.52	5.02
429.00	0.53	5.06
432.58	0.54	5.10
436.18	0.55	5.14
439.82	0.56	5.19
443.49	0.57	5.23
447.18	0.58	5.28
450.91	0.59	5.32
454.67	0.60	5.37
458.46	0.62	5.41
462.28	0.63	5.46
466.14	0.64	5.50
470.02	0.65	5.55
473.94	0.67	5.60
477.89	0.68	5.64
481.88	0.69	5.69
485.89	0.71	5.74
489.94	0.72	5.78
494.03	0.74	5.83
498.15	0.75	5.88
502.30	0.77	5.93
506.49	0.79	5.97
510.71	0.80	6.02
514.97	0.82	6.07
519.26	0.84	6.12
523.59	0.85	6.17
527.96	0.87	6.22
532.36	0.89	6.27
536.80	0.91	6.31
541.27	0.93	6.36
545.78	0.95	6.41
550.33	0.97	6.46
554.92	0.99	6.51
559.55	1.01	6.56
564.21	1.03	6.61
568.92	1.05	6.66
573.66	1.07	6.71
578.44	1.09	6.76
583.27	1.11	6.81
588.13	1.14	6.86
593.03	1.16	6.91
597.98	1.18	6.96
602.96	1.20	7.01
607.99	1.23	7.06
613.06	1.25	7.11
618.17	1.27	7.16
623.32	1.30	7.21
628.52	1.32	7.26
633.76	1.34	7.31
639.04	1.37	7.36
644.37	1.39	7.41
649.74	1.42	7.46
655.16	1.45	7.52
660.62	1.47	7.57
666.13	1.50	7.63
671.68	1.53	7.68
677.28	1.56	7.74
682.93	1.59	7.79
688.62	1.62	7.85
694.36	1.66	7.90
700.15	1.69	7.96
705.99	1.73	8.02
711.87	1.78	8.08
717.81	1.82	8.13
723.79	1.87	8.19
729.83	1.93	8.24
735.91	1.99	8.29
742.05	2.05	8.34
748.23	2.12	8.38
754.47	2.19	8.41
760.76	2.27	8.44
767.10	2.35	8.45
773.50	2.42	8.45
779.95	2.50	8.44
786.45	2.57	8.42
793.00	2.63	8.38
799.62	2.67	8.34
806.28	2.70	8.28
813.00	2.72	8.23
819.78	2.71	8.17
826.62	2.69	8.12
833.51	2.65	8.07
840.46	2.60	8.04
847.46	2.54	8.01
854.53	2.47	8.00
861.65	2.39	8.01
868.84	2.32	8.03
876.08	2.24	8.05
883.38	2.17	8.09
890.75	2.10	8.14
898.17	2.03	8.20
905.66	1.97	8.26
913.21	1.91	8.33
920.83	1.85	8.40
928.50	1.80	8.48
936.24	1.75	8.56
944.05	1.71	8.65
951.92	1.66	8.73
959.86	1.63	8.82
967.86	1.59	8.91
975.93	1.56	9.00
984.06	1.53	9.10
992.27	1.50	9.19
1000.50	1.48	9.29
1008.90	1.45	9.39
1017.30	1.43	9.48
1025.80	1.41	9.58
1034.30	1.39	9.68
1042.90	1.38	9.78
1051.60	1.36	9.88
1060.40	1.35	9.98
1069.30	1.34	10.09
1078.20	1.33	10.19
1087.20	1.32	10.29
1096.20	1.31	10.39
1105.40	1.30	10.50
1114.60	1.29	10.60
1123.90	1.29	10.71
1133.20	1.28	10.82
1142.70	1.28	10.92
1152.20	1.28	11.03
1161.80	1.27	11.14
1171.50	1.27	11.25
1181.30	1.27	11.36
1191.10	1.27	11.47
1201.00	1.27	11.58
1211.10	1.27	11.69
1221.20	1.27	11.80
1231.30	1.27	11.91
1241.60	1.28	12.03
1252.00	1.28	12.14
1262.40	1.28	12.26
1272.90	1.29	12.37
1283.50	1.29	12.49
1294.20	1.30	12.60
1305.00	1.30	12.72
1315.90	1.31	12.84
1326.90	1.32	12.96
1337.90	1.33	13.08
1349.10	1.33	13.20
1360.30	1.34	13.32
1371.70	1.35	13.44
1383.10	1.36	13.57
1394.60	1.37	13.69
1406.30	1.38	13.81
1418.00	1.39	13.94
1429.80	1.40	14.06
1441.70	1.41	14.19
1453.70	1.43	14.32
1465.90	1.44	14.45
1478.10	1.45	14.58
1490.40	1.47	14.71
1502.80	1.48	14.84
1515.40	1.49	14.97
1528.00	1.51	15.10
1540.70	1.52	15.23
1553.60	1.54	15.37
1566.50	1.56	15.50
1579.60	1.57	15.64
1592.80	1.59	15.78
1606.00	1.61	15.91
1619.40	1.62	16.05
1632.90	1.64	16.19
1646.50	1.66	16.33
1660.30	1.68	16.48
1674.10	1.70	16.62
1688.10	1.72	16.76
1702.10	1.74	16.91
1716.30	1.76	17.05
1730.60	1.78	17.20
1745.10	1.80	17.34
1759.60	1.83	17.49
1774.30	1.85	17.64
1789.10	1.87	17.79
1804.00	1.90	17.94
1819.00	1.92	18.10
1834.20	1.94	18.25
1849.50	1.97	18.40
1864.90	1.99	18.56
1880.50	2.02	18.71
1896.10	2.05	18.87
1911.90	2.07	19.03
1927.90	2.10	19.19
1944.00	2.13	19.35
1960.20	2.16	19.51
1976.50	2.19	19.68
1993.00	2.21	19.84
2009.60	2.24	20.00
2026.40	2.27	20.17
2043.30	2.31	20.34
2060.30	2.34	20.51
2077.50	2.37	20.68
2094.80	2.40	20.85
2112.20	2.43	21.02
2129.90	2.47	21.19
2147.60	2.50	21.36
2165.50	2.53	21.54
2183.60	2.57	21.72
2201.80	2.60	21.89
2220.10	2.64	22.07
2238.60	2.68	22.25
2257.30	2.71	22.43
2276.10	2.75	22.61
2295.10	2.79	22.80
2314.20	2.83	22.98
2333.50	2.87	23.17
2353.00	2.91	23.35
2372.60	2.95	23.54
2392.40	2.99	23.73
2412.30	3.03	23.92
2432.40	3.07	24.11
2452.70	3.12	24.31
2473.20	3.16	24.50
2493.80	3.20	24.70
2514.60	3.25	24.89
2535.50	3.29	25.09
2556.70	3.34	25.29
2578.00	3.38	25.49
2599.50	3.43	25.70
2621.10	3.48	25.90
2643.00	3.53	26.10
2665.00	3.58	26.31
2687.30	3.63	26.52
2709.70	3.68	26.73
2732.20	3.73	26.93
2755.00	3.78	27.15
2778.00	3.83	27.36
2801.20	3.88	27.57
2824.50	3.94	27.79
2848.10	3.99	28.00
2871.80	4.05	28.22
2895.70	4.10	28.44
2919.90	4.16	28.66
2944.20	4.22	28.88
2968.80	4.27	29.11
2993.50	4.33	29.33
3018.50	4.39	29.56
3043.60	4.45	29.79
3069.00	4.51	30.02
3094.60	4.57	30.25
3120.40	4.64	30.48
3146.40	4.70	30.71
3172.60	4.76	30.95
3199.10	4.83	31.18
3225.80	4.89	31.42
3252.70	4.96	31.66
3279.80	5.02	31.90
3307.10	5.09	32.14
3334.70	5.16	32.39
3362.50	5.23	32.63
3390.50	5.30	32.88
3418.80	5.37	33.12
3447.30	5.44	33.37
3476.00	5.51	33.63
3505.00	5.58	33.88
3534.20	5.66	34.13
3563.70	5.73	34.39
3593.40	5.80	34.64
3623.40	5.88	34.90
3653.60	5.96	35.16
3684.00	6.03	35.43
3714.70	6.11	35.69
3745.70	6.19	35.95
3776.90	6.27	36.22
3808.40	6.35	36.49
3840.20	6.43	36.76
3872.20	6.51	37.03
3904.50	6.60	37.30
3937.00	6.68	37.58
3969.90	6.76	37.85
4003.00	6.85	38.13
4036.30	6.94	38.41
4070.00	7.02	38.69
4103.90	7.11	38.97
4138.10	7.20	39.26
4172.60	7.29	39.54
4207.40	7.38	39.83
4242.50	7.47	40.12
4277.90	7.56	40.41
4313.50	7.65	40.71
4349.50	7.75	41.00
4385.70	7.84	41.30
4422.30	7.94	41.60
4459.20	8.03	41.90
4496.30	8.13	42.20
4533.80	8.23	42.50
4571.60	8.32	42.81
4609.70	8.42	43.11
4648.20	8.52	43.42
4686.90	8.62	43.73
4726.00	8.73	44.05
4765.40	8.83	44.36
4805.10	8.93	44.68
4845.20	9.04	45.00
4885.60	9.14	45.32
4926.30	9.25	45.64
4967.40	9.35	45.96
5008.80	9.46	46.29
5050.60	9.57	46.62
5092.70	9.68	46.95
5135.10	9.79	47.28
5177.90	9.90	47.62
5221.10	10.01	47.95
5264.60	10.12	48.29
5308.50	10.24	48.63
5352.80	10.35	48.98
5397.40	10.47	49.32
5442.40	10.58	49.67
5487.80	10.70	50.02
5533.50	10.82	50.37
5579.70	10.94	50.72
5626.20	11.06	51.08
5673.10	11.18	51.44
5720.40	11.30	51.80
5768.10	11.42	52.16
5816.10	11.55	52.53
5864.60	11.67	52.90
5913.50	11.80	53.27
5962.80	11.92	53.64
6012.50	12.05	54.01
6062.70	12.18	54.39
6113.20	12.31	54.77
6164.20	12.44	55.15
6215.60	12.57	55.54
6267.40	12.70	55.93
6319.60	12.83	56.32
6372.30	12.96	56.71
6425.40	13.10	57.11
6479.00	13.24	57.50
6533.00	13.37	57.91
6587.50	13.51	58.31
6642.40	13.65	58.72
6697.80	13.79	59.12
6753.60	13.93	59.54
6809.90	14.07	59.95
6866.70	14.22	60.37
6924.00	14.36	60.79
6981.70	14.51	61.21
7039.90	14.65	61.64
7098.60	14.80	62.07
7157.80	14.95	62.50
7217.40	15.10	62.94
7277.60	15.25	63.38
7338.30	15.41	63.82
7399.50	15.56	64.26
7461.10	15.72	64.71
7523.30	15.87	65.16
7586.10	16.03	65.62
7649.30	16.19	66.07
7713.10	16.35	66.53
7777.40	16.51	67.00
7842.20	16.68	67.47
7907.60	16.84	67.94
7973.50	17.01	68.41
8040.00	17.18	68.89
8107.00	17.35	69.37
8174.60	17.52	69.85
8242.80	17.69	70.34
8311.50	17.87	70.83
8380.80	18.05	71.33
8450.70	18.22	71.83
8521.10	18.40	72.33
8592.10	18.59	72.84
8663.80	18.77	73.35
8736.00	18.95	73.86
8808.80	19.14	74.38
8882.30	19.33	74.90
8956.30	19.52	75.42
9031.00	19.71	75.95
9106.30	19.91	76.49
9182.20	20.11	77.02
9258.80	20.31	77.56
9335.90	20.51	78.11
9413.80	20.71	78.65
9492.30	20.92	79.21
9571.40	21.13	79.76
9651.20	21.34	80.32
9731.70	21.55	80.89
9812.80	21.76	81.45
9894.60	21.98	82.03
9977.10	22.20	82.60
10060.00	22.42	83.18
10144.00	22.65	83.77
10229.00	22.88	84.36
10314.00	23.11	84.95
10400.00	23.34	85.54
10487.00	23.58	86.15
10574.00	23.82	86.75
10662.00	24.06	87.36
10751.00	24.30	87.97
10841.00	24.55	88.59
10931.00	24.80	89.21
11022.00	25.06	89.84
11114.00	25.31	90.47
11207.00	25.57	91.10
11300.00	25.84	91.74
11394.00	26.10	92.38
11489.00	26.37	93.03
11585.00	26.65	93.68
11682.00	26.92	94.34
11779.00	27.20	95.00
11877.00	27.49	95.66
11976.00	27.77	96.33
12076.00	28.07	97.01
12177.00	28.36	97.68
12279.00	28.66	98.36
12381.00	28.96	99.05
12484.00	29.27	99.74
12588.00	29.58	100.43
12693.00	29.89	101.13
12799.00	30.21	101.83
12906.00	30.53	102.54
13013.00	30.86	103.25
13122.00	31.19	103.97
13231.00	31.52	104.69
13341.00	31.86	105.41
13453.00	32.20	106.14
13565.00	32.55	106.87
13678.00	32.90	107.61
13792.00	33.26	108.35
13907.00	33.62	109.09
14023.00	33.99	109.84
14140.00	34.36	110.59
14258.00	34.73	111.35
14376.00	35.11	112.11
14496.00	35.49	112.87
14617.00	35.88	113.64
14739.00	36.28	114.41
14862.00	36.68	115.19
14986.00	37.08	115.97
15111.00	37.49	116.76
15237.00	37.90	117.54
15364.00	38.32	118.34
15492.00	38.75	119.13
15621.00	39.17	119.93
15751.00	39.61	120.73
15883.00	40.05	121.54
16015.00	40.49	122.35
16149.00	40.94	123.17
16283.00	41.40	123.99
16419.00	41.86	124.81
16556.00	42.33	125.63
16694.00	42.80	126.46
16833.00	43.28	127.29
16973.00	43.76	128.13
17115.00	44.25	128.97
17257.00	44.74	129.81
17401.00	45.24	130.66
17546.00	45.75	131.51
17693.00	46.26	132.36
17840.00	46.78	133.22
17989.00	47.30	134.07
18139.00	47.83	134.94
18290.00	48.36	135.80
18443.00	48.90	136.67
18596.00	49.45	137.54
18751.00	50.00	138.42
18908.00	50.56	139.29
19065.00	51.12	140.18
19224.00	51.69	141.06
19385.00	52.27	141.95
19546.00	52.85	142.83
19709.00	53.44	143.73
19873.00	54.03	144.62
20039.00	54.63	145.52
20206.00	55.24	146.42
20375.00	55.85	147.32
20545.00	56.47	148.23
20716.00	57.10	149.13
20889.00	57.73	150.04
21063.00	58.36	150.96
21238.00	59.01	151.87
21415.00	59.66	152.79
21594.00	60.31	153.71
21774.00	60.98	154.63
21955.00	61.64	155.55
22138.00	62.32	156.48
22323.00	63.00	157.41
22509.00	63.69	158.34
22697.00	64.38	159.27
22886.00	65.08	160.21
23077.00	65.78	161.14
23269.00	66.50	162.08
23463.00	67.21	163.02
23659.00	67.94	163.97
23856.00	68.67	164.91
24055.00	69.41	165.86
24255.00	70.15	166.80
24458.00	70.90	167.75
24662.00	71.65	168.70
24867.00	72.42	169.66
25075.00	73.18	170.61
25284.00	73.96	171.57
25494.00	74.74	172.52
25707.00	75.52	173.48
25921.00	76.32	174.44
26137.00	77.12	175.41
26355.00	77.92	176.37
26575.00	78.73	177.33
26796.00	79.55	178.30
27020.00	80.37	179.27
27245.00	81.20	180.23
27472.00	82.04	181.20
27701.00	82.88	182.18
27932.00	83.72	183.15
28165.00	84.58	184.12
28400.00	85.44	185.09
28637.00	86.30	186.07
28875.00	87.17	187.05
29116.00	88.05	188.02
29359.00	88.93	189.00
29604.00	89.82	189.98
29850.00	90.71	190.96
30099.00	91.61	191.94
30350.00	92.52	192.93
30603.00	93.43	193.91
30858.00	94.35	194.89
31116.00	95.27	195.88
31375.00	96.20	196.86
31637.00	97.14	197.85
31900.00	98.08	198.84
32166.00	99.02	199.83
32435.00	99.97	200.82
32705.00	100.93	201.81
32978.00	101.89	202.80
33253.00	102.86	203.79
33530.00	103.83	204.78
33809.00	104.81	205.77
34091.00	105.79	206.77
34375.00	106.78	207.76
34662.00	107.78	208.76
34951.00	108.78	209.75
35242.00	109.78	210.75
35536.00	110.79	211.75
35832.00	111.81	212.74
36131.00	112.83	213.74
36432.00	113.86	214.74
36736.00	114.89	215.74
37042.00	115.92	216.74
37351.00	116.97	217.74
37663.00	118.01	218.75
37977.00	119.06	219.75
38293.00	120.12	220.75
38612.00	121.18	221.76
38934.00	122.25	222.76
39259.00	123.32	223.77
39586.00	124.39	224.78
39916.00	125.47	225.78
40249.00	126.56	226.79
40585.00	127.65	227.80
40923.00	128.74	228.81
41264.00	129.84	229.82
41608.00	130.95	230.83
41955.00	132.06	231.85
42305.00	133.17	232.86
42657.00	134.29	233.87
43013.00	135.41	234.89
43372.00	136.54	235.90
43733.00	137.67	236.92
44098.00	138.81	237.94
44466.00	139.95	238.96
44836.00	141.10	239.98
45210.00	142.25	241.00
45587.00	143.40	242.02
45967.00	144.56	243.04
46350.00	145.72	244.07
46737.00	146.89	245.09
47126.00	148.06	246.12
47519.00	149.24	247.14
47915.00	150.42	248.17
48315.00	151.60	249.20
48718.00	152.79	250.23
49124.00	153.98	251.27
49533.00	155.18	252.30
49946.00	156.38	253.33
50363.00	157.59	254.37
50783.00	158.80	255.41
51206.00	160.01	256.45
51633.00	161.23	257.49
52063.00	162.45	258.53
52497.00	163.67	259.57
52935.00	164.90	260.62
53376.00	166.14	261.66
53821.00	167.38	262.71
54270.00	168.62	263.76
54722.00	169.87	264.81
55179.00	171.12	265.86
55639.00	172.37	266.92
56102.00	173.63	267.97
56570.00	174.89	269.03
57042.00	176.16	270.09
57517.00	177.43	271.15
57997.00	178.70	272.22
58480.00	179.98	273.28
58968.00	181.26	274.35
59460.00	182.55	275.42
59955.00	183.83	276.49
60455.00	185.13	277.56
60959.00	186.43	278.64
61467.00	187.73	279.72
61980.00	189.03	280.80
62497.00	190.34	281.88
63018.00	191.65	282.97
63543.00	192.97	284.05
64073.00	194.29	285.14
64607.00	195.62	286.23
65145.00	196.94	287.33
65689.00	198.28	288.42
66236.00	199.61	289.52
66788.00	200.95	290.62
67345.00	202.30	291.73
67907.00	203.65	292.84
68473.00	205.00	293.95
69044.00	206.35	295.06
69619.00	207.71	296.17
70200.00	209.08	297.29
70785.00	210.44	298.41
71375.00	211.81	299.53
71970.00	213.19	300.66
72570.00	214.57	301.79
73175.00	215.95	302.92
73785.00	217.34	304.06
74400.00	218.73	305.20
75021.00	220.12	306.34
75646.00	221.52	307.48
76277.00	222.92	308.63
76913.00	224.33	309.78
77554.00	225.74	310.93
78200.00	227.16	312.09
78852.00	228.58	313.25
79510.00	230.00	314.42
80173.00	231.42	315.58
80841.00	232.86	316.76
81515.00	234.29	317.93
82195.00	235.73	319.11
82880.00	237.17	320.29
83571.00	238.62	321.48
84267.00	240.07	322.66
84970.00	241.52	323.86
85678.00	242.98	325.05
86393.00	244.45	326.25
87113.00	245.91	327.46
87839.00	247.39	328.67
88571.00	248.86	329.88
89310.00	250.34	331.09
90054.00	251.83	332.31
90805.00	253.31	333.54
91562.00	254.81	334.77
92326.00	256.30	336.00
93095.00	257.81	337.23
93871.00	259.31	338.47
94654.00	260.82	339.72
95443.00	262.34	340.97
96239.00	263.85	342.22
97041.00	265.38	343.48
97850.00	266.91	344.74
98666.00	268.44	346.01
99489.00	269.97	347.28
100320.00	271.51	348.55
101150.00	273.06	349.83
102000.00	274.61	351.12
102850.00	276.16	352.41
103710.00	277.72	353.70
104570.00	279.29	355.00
105440.00	280.85	356.30
106320.00	282.43	357.61
107210.00	284.00	358.92
108100.00	285.59	360.24
109000.00	287.17	361.56
109910.00	288.76	362.89
110830.00	290.36	364.22
111750.00	291.96	365.56
112680.00	293.57	366.90
113620.00	295.18	368.25
114570.00	296.79	369.61
115520.00	298.41	370.96
116490.00	300.04	372.33
117460.00	301.67	373.69
118440.00	303.30	375.07
119430.00	304.94	376.45
120420.00	306.59	377.83
121430.00	308.23	379.22
122440.00	309.89	380.62
123460.00	311.55	382.02
124490.00	313.21	383.42
125530.00	314.88	384.84
126570.00	316.56	386.25
127630.00	318.24	387.68
128690.00	319.93	389.10
129760.00	321.62	390.54
130850.00	323.31	391.98
131940.00	325.01	393.42
133040.00	326.72	394.88
134150.00	328.43	396.33
135260.00	330.15	397.80
136390.00	331.87	399.27
137530.00	333.60	400.74
138680.00	335.33	402.22
139830.00	337.07	403.71
141000.00	338.82	405.20
142170.00	340.57	406.70
143360.00	342.32	408.21
144550.00	344.09	409.72
145760.00	345.85	411.24
146970.00	347.63	412.76
148200.00	349.40	414.29
149430.00	351.19	415.83
150680.00	352.98	417.37
151940.00	354.77	418.92
153200.00	356.58	420.48
154480.00	358.38	422.04
155770.00	360.20	423.61
157070.00	362.02	425.19
158380.00	363.84	426.77
159700.00	365.67	428.36
161030.00	367.51	429.95
162370.00	369.35	431.56
163720.00	371.20	433.16
165090.00	373.06	434.78
166470.00	374.92	436.40
167850.00	376.79	438.03
169250.00	378.66	439.67
170660.00	380.54	441.31
172090.00	382.43	442.96
173520.00	384.32	444.62
174970.00	386.22	446.28
176430.00	388.13	447.95
177900.00	390.04	449.63
179380.00	391.96	451.32
180880.00	393.88	453.01
182380.00	395.81	454.71
183900.00	397.75	456.42
185440.00	399.70	458.13
186980.00	401.65	459.85
188540.00	403.61	461.58
190110.00	405.57	463.32
191700.00	407.54	465.06
193300.00	409.52	466.82
194910.00	411.51	468.57
196530.00	413.50	470.34
198170.00	415.50	472.12
199820.00	417.50	473.90
201490.00	419.52	475.69
203170.00	421.54	477.48
204860.00	423.56	479.29
206570.00	425.60	481.10
208290.00	427.64	482.92
210030.00	429.68	484.75
211780.00	431.74	486.59
213550.00	433.80	488.43
215330.00	435.87	490.28
217120.00	437.95	492.14
218930.00	440.03	494.01
220760.00	442.12	495.89
222600.00	444.22	497.77
224450.00	446.33	499.66
226330.00	448.44	501.56
228210.00	450.57	503.47
230120.00	452.69	505.39
232030.00	454.83	507.32
233970.00	456.97	509.25
235920.00	459.13	511.19
237890.00	461.29	513.14
239870.00	463.45	515.10
241870.00	465.63	517.07
243880.00	467.81	519.05
245920.00	470.00	521.03
247970.00	472.20	523.02
