1.240E-01	1.000E+00	8.241E-08
1.305E-01	1.000E+00	1.272E-07
1.378E-01	1.000E+00	1.249E-07
1.550E-01	1.000E+00	1.917E-07
1.771E-01	1.000E+00	3.146E-07
2.066E-01	1.000E+00	5.510E-07
2.480E-01	1.000E+00	1.073E-06
3.100E-01	1.000E+00	2.484E-06
3.542E-01	1.000E+00	4.048E-06
4.133E-01	9.999E-01	7.141E-06
4.959E-01	9.999E-01	1.364E-05
6.199E-01	9.999E-01	3.208E-05
6.526E-01	9.999E-01	3.850E-05
6.888E-01	9.999E-01	4.714E-05
7.293E-01	9.998E-01	5.797E-05
7.402E-01	9.998E-01	6.163E-05
7.773E-01	9.999E-01	7.486E-05
7.847E-01	9.999E-01	7.848E-05
7.927E-01	9.999E-01	8.542E-05
7.938E-01	9.999E-01	7.185E-05
7.948E-01	9.999E-01	5.000E-05
7.953E-01	9.999E-01	4.113E-05
7.958E-01	9.999E-01	3.291E-05
7.979E-01	9.999E-01	2.369E-05
7.989E-01	9.999E-01	1.103E-05
7.999E-01	9.999E-01	6.048E-06
8.051E-01	9.999E-01	6.190E-06
8.157E-01	9.999E-01	6.482E-06
8.266E-01	9.998E-01	6.805E-06
8.551E-01	9.998E-01	7.842E-06
8.856E-01	9.998E-01	8.940E-06
9.537E-01	9.997E-01	1.164E-05
1.033E+00	9.997E-01	1.563E-05
1.127E+00	9.996E-01	2.159E-05
1.240E+00	9.995E-01	3.112E-05
1.378E+00	9.994E-01	4.677E-05
1.550E+00	9.992E-01	7.299E-05
1.771E+00	9.990E-01	1.181E-04
2.066E+00	9.986E-01	2.200E-04
2.480E+00	9.980E-01	4.350E-04
3.100E+00	9.969E-01	9.689E-04
4.133E+00	9.948E-01	2.349E-03
4.959E+00	9.931E-01	4.186E-03
6.199E+00	9.911E-01	7.510E-03
6.526E+00	9.905E-01	8.472E-03
6.888E+00	9.901E-01	9.652E-03
7.293E+00	9.891E-01	1.099E-02
7.749E+00	9.891E-01	1.373E-02
8.266E+00	9.897E-01	1.477E-02
8.551E+00	9.893E-01	1.544E-02
8.856E+00	9.888E-01	1.630E-02
9.184E+00	9.879E-01	1.777E-02
9.537E+00	9.876E-01	2.061E-02
9.919E+00	9.894E-01	2.342E-02
1.033E+01	9.914E-01	2.406E-02
1.078E+01	9.923E-01	2.493E-02
1.127E+01	9.942E-01	2.545E-02
1.181E+01	9.929E-01	2.442E-02
1.240E+01	9.912E-01	2.992E-02
1.265E+01	9.927E-01	3.306E-02
1.292E+01	9.965E-01	3.588E-02
1.319E+01	1.001E+00	3.531E-02
1.348E+01	1.004E+00	3.339E-02
1.378E+01	1.006E+00	3.092E-02
1.409E+01	1.006E+00	2.896E-02
1.442E+01	1.007E+00	2.823E-02
1.476E+01	1.007E+00	2.683E-02
1.512E+01	1.008E+00	2.546E-02
1.550E+01	1.008E+00	2.448E-02
1.569E+01	1.008E+00	2.450E-02
1.590E+01	1.008E+00	2.476E-02
1.610E+01	1.010E+00	2.518E-02
1.631E+01	1.011E+00	2.385E-02
1.642E+01	1.011E+00	2.396E-02
1.653E+01	1.012E+00	2.402E-02
1.664E+01	1.013E+00	2.434E-02
1.676E+01	1.015E+00	2.418E-02
1.678E+01	1.016E+00	2.423E-02
1.680E+01	1.016E+00	2.428E-02
1.682E+01	1.017E+00	2.438E-02
1.685E+01	1.017E+00	2.450E-02
1.687E+01	1.018E+00	2.483E-02
1.689E+01	1.019E+00	2.543E-02
1.692E+01	1.022E+00	2.602E-02
1.694E+01	1.026E+00	2.423E-02
1.696E+01	1.026E+00	1.956E-02
1.698E+01	1.025E+00	1.915E-02
1.701E+01	1.026E+00	2.001E-02
1.703E+01	1.031E+00	2.007E-02
1.705E+01	1.035E+00	1.248E-02
1.708E+01	1.031E+00	4.116E-03
1.710E+01	1.025E+00	3.622E-03
1.713E+01	1.023E+00	3.414E-03
1.715E+01	1.021E+00	3.440E-03
1.717E+01	1.019E+00	3.477E-03
1.720E+01	1.018E+00	3.488E-03
1.721E+01	1.017E+00	3.511E-03
1.722E+01	1.017E+00	3.525E-03
1.746E+01	1.011E+00	3.496E-03
1.771E+01	1.007E+00	3.543E-03
1.823E+01	1.002E+00	3.673E-03
1.879E+01	9.979E-01	3.893E-03
1.937E+01	9.946E-01	4.109E-03
2.000E+01	9.914E-01	4.240E-03
2.066E+01	9.883E-01	4.370E-03
2.254E+01	9.800E-01	5.000E-03
2.480E+01	9.705E-01	5.747E-03
2.755E+01	9.583E-01	6.619E-03
3.100E+01	9.419E-01	7.847E-03
3.542E+01	9.180E-01	9.312E-03
4.133E+01	8.801E-01	1.165E-02
4.959E+01	8.151E-01	1.589E-02
6.199E+01	6.791E-01	2.234E-02
6.526E+01	6.324E-01	2.477E-02
6.888E+01	5.725E-01	2.768E-02
7.293E+01	4.913E-01	3.241E-02
7.749E+01	3.720E-01	4.420E-02
7.847E+01	3.403E-01	4.832E-02
7.948E+01	3.037E-01	5.335E-02
7.999E+01	2.827E-01	5.670E-02
8.051E+01	2.594E-01	6.141E-02
8.104E+01	2.334E-01	6.835E-02
8.157E+01	2.057E-01	7.996E-02
8.211E+01	1.794E-01	9.422E-02
8.266E+01	1.507E-01	1.104E-01
8.377E+01	9.452E-02	1.659E-01
8.492E+01	6.704E-02	2.342E-01
8.610E+01	5.486E-02	2.929E-01
8.856E+01	4.417E-02	3.912E-01
9.537E+01	3.644E-02	5.909E-01
1.033E+02	3.575E-02	7.716E-01
1.127E+02	3.847E-02	9.568E-01
1.240E+02	4.630E-02	1.156E+00
1.378E+02	5.717E-02	1.378E+00
1.550E+02	7.251E-02	1.637E+00
1.771E+02	9.424E-02	1.952E+00
2.066E+02	1.268E-01	2.356E+00
2.480E+02	1.814E-01	2.903E+00
3.100E+02	2.800E-01	3.708E+00
3.263E+02	3.147E-01	3.917E+00
3.647E+02	3.988E-01	4.396E+00
4.133E+02	5.214E-01	5.001E+00
4.428E+02	6.079E-01	5.368E+00
4.769E+02	7.278E-01	5.778E+00
5.166E+02	8.734E-01	6.242E+00
5.636E+02	1.073E+00	6.784E+00
6.199E+02	1.366E+00	7.405E+00
6.523E+02	1.572E+00	7.735E+00
6.888E+02	1.830E+00	8.060E+00
7.293E+02	2.161E+00	8.357E+00
7.749E+02	2.615E+00	8.491E+00
7.948E+02	2.768E+00	8.387E+00
8.157E+02	2.767E+00	8.257E+00
8.377E+02	2.695E+00	8.188E+00
8.856E+02	2.280E+00	8.113E+00
9.117E+02	1.974E+00	8.306E+00
9.393E+02	1.678E+00	8.597E+00
9.686E+02	1.487E+00	9.066E+00
9.999E+02	1.436E+00	9.494E+00
1.033E+03	1.400E+00	9.891E+00
1.127E+03	1.328E+00	1.097E+01
1.240E+03	1.316E+00	1.225E+01
1.378E+03	1.390E+00	1.378E+01
1.550E+03	1.578E+00	1.566E+01
1.771E+03	1.921E+00	1.799E+01
2.066E+03	2.474E+00	2.098E+01
2.480E+03	3.337E+00	2.500E+01
2.755E+03	3.938E+00	2.758E+01
3.100E+03	4.710E+00	3.074E+01
3.263E+03	5.074E+00	3.218E+01
3.444E+03	5.490E+00	3.381E+01
3.647E+03	5.956E+00	3.561E+01
3.875E+03	6.481E+00	3.760E+01
4.133E+03	7.080E+00	3.983E+01
4.428E+03	7.776E+00	4.237E+01
4.769E+03	8.588E+00	4.526E+01
5.166E+03	9.558E+00	4.859E+01
5.636E+03	1.074E+01	5.252E+01
6.199E+03	1.220E+01	5.716E+01
6.888E+03	1.409E+01	6.284E+01
7.749E+03	1.676E+01	6.986E+01
8.856E+03	2.084E+01	7.827E+01
1.033E+04	2.622E+01	8.820E+01
1.240E+04	3.352E+01	1.013E+02
1.378E+04	3.846E+01	1.090E+02
1.550E+04	4.378E+01	1.184E+02
1.771E+04	5.095E+01	1.295E+02
1.908E+04	5.441E+01	1.361E+02
2.066E+04	5.858E+01	1.442E+02
2.254E+04	6.355E+01	1.535E+02
2.480E+04	6.854E+01	1.648E+02
2.755E+04	7.575E+01	1.818E+02
3.100E+04	9.196E+01	2.000E+02
3.333E+04	1.021E+02	2.081E+02
4.000E+04	1.251E+02	2.302E+02
4.444E+04	1.401E+02	2.434E+02
5.000E+04	1.573E+02	2.583E+02
5.714E+04	1.779E+02	2.753E+02
6.667E+04	2.026E+02	2.954E+02
8.000E+04	2.336E+02	3.211E+02
1.000E+05	2.744E+02	3.544E+02
1.250E+05	3.188E+02	3.917E+02
1.378E+05	3.396E+02	4.089E+02
1.539E+05	3.640E+02	4.296E+02
1.771E+05	3.979E+02	4.585E+02
2.000E+05	4.240E+02	4.837E+02
