300.0	2.180546273	2.0E-5
310.0	2.169867718	2.0E-5
320.0	2.160014236	2.0E-5
330.0	2.150931856	2.0E-5
340.0	2.142569206	2.0E-5
350.0	2.134877434	2.0E-5
360.0	2.127810126	2.0E-5
370.0	2.121323232	2.0E-5
380.0	2.115374986	2.0E-5
390.0	2.109925834	2.0E-5
400.0	2.104938352	2.0E-5
410.0	2.100377183	2.0E-5
420.0	2.096208954	2.0E-5
430.0	2.092402215	2.0E-5
440.0	2.088927363	2.0E-5
450.0	2.085756575	2.0E-5
460.0	2.082863742	2.0E-5
470.0	2.0802244	2.0E-5
480.0	2.07781567	2.0E-5
490.0	2.075616187	2.0E-5
500.0	2.073606047	2.0E-5
510.0	2.071766736	2.0E-5
520.0	2.070081075	2.0E-5
530.0	2.068533163	2.0E-5
540.0	2.067108315	2.0E-5
550.0	2.065793005	2.0E-5
560.0	2.064574817	2.0E-5
570.0	2.063442383	2.0E-5
580.0	2.062385337	2.0E-5
590.0	2.061394256	2.0E-5
600.0	2.060460618	2.0E-5
610.0	2.059576745	2.0E-5
620.0	2.05873576	2.0E-5
630.0	2.057931536	2.0E-5
640.0	2.057158655	2.0E-5
650.0	2.056412359	2.0E-5
660.0	2.055688509	2.0E-5
670.0	2.054983543	2.0E-5
680.0	2.054294434	2.0E-5
690.0	2.053618651	2.0E-5
700.0	2.052954121	2.0E-5
710.0	2.052299188	2.0E-5
720.0	2.051652584	2.0E-5
730.0	2.051013387	2.0E-5
740.0	2.05038099	2.0E-5
750.0	2.049755072	2.0E-5
760.0	2.049135558	2.0E-5
770.0	2.048522598	2.0E-5
780.0	2.047916534	2.0E-5
790.0	2.047317871	2.0E-5
800.0	2.046727251	2.0E-5
810.0	2.046145433	2.0E-5
820.0	2.045573259	2.0E-5
830.0	2.04501164	2.0E-5
840.0	2.04446153	2.0E-5
850.0	2.043923905	2.0E-5
860.0	2.043399748	2.0E-5
870.0	2.042890024	2.0E-5
880.0	2.042395669	2.0E-5
890.0	2.041917572	2.0E-5
900.0	2.041456559	2.0E-5
910.0	2.041013383	2.0E-5
920.0	2.04058871	2.0E-5
930.0	2.040183107	2.0E-5
940.0	2.039797034	2.0E-5
950.0	2.039430833	2.0E-5
960.0	2.039084727	2.0E-5
970.0	2.038758803	2.0E-5
980.0	2.03845302	2.0E-5
990.0	2.038167193	2.0E-5
1000.0	2.037901	2.0E-5
1010.0	2.037653974	2.0E-5
1020.0	2.037425508	2.0E-5
1030.0	2.037214851	2.0E-5
1040.0	2.037021115	2.0E-5
1050.0	2.036843275	2.0E-5
1060.0	2.036680176	2.0E-5
1070.0	2.036530537	2.0E-5
1080.0	2.03639296	2.0E-5
1090.0	2.036265935	2.0E-5
1100.0	2.036147854	2.0E-5
1110.0	2.036037017	2.0E-5
1120.0	2.035931647	2.0E-5
1130.0	2.035829903	2.0E-5
1140.0	2.035729892	2.0E-5
1150.0	2.035629686	2.0E-5
1160.0	2.035527339	2.0E-5
1170.0	2.035420903	2.0E-5
1180.0	2.03530845	2.0E-5
1190.0	2.035188089	2.0E-5
1200.0	2.035057989	2.0E-5
1210.0	2.034916404	2.0E-5
1220.0	2.034761691	2.0E-5
1230.0	2.03459234	2.0E-5
1240.0	2.034407	2.0E-5
1250.0	2.034204503	2.0E-5
1260.0	2.033983896	2.0E-5
1270.0	2.033744469	2.0E-5
1280.0	2.033485786	2.0E-5
1290.0	2.033207721	2.0E-5
1300.0	2.032910484	2.0E-5
1310.0	2.032594663	2.0E-5
1320.0	2.032261256	2.0E-5
1330.0	2.031911707	2.0E-5
1340.0	2.031547949	2.0E-5
1350.0	2.031172439	2.0E-5
1360.0	2.0307882	2.0E-5
1370.0	2.030398862	2.0E-5
1380.0	2.030008708	2.0E-5
1390.0	2.029622715	2.0E-5
1400.0	2.0292466	2.0E-5
1410.0	2.028886868	2.0E-5
1420.0	2.02855086	2.0E-5
1430.0	2.028246798	2.0E-5
1440.0	2.027983842	2.0E-5
1450.0	2.027772136	2.0E-5
1460.0	2.027622861	2.0E-5
1470.0	2.027548292	2.0E-5
1480.0	2.02756185	2.0E-5
1490.0	2.027678161	2.0E-5
1500.0	2.027913109	2.0E-5
1510.0	2.028283901	2.0E-5
1520.0	2.028809121	2.0E-5
1530.0	2.029508793	2.0E-5
1538.46	2.02942	2.0E-5
1539.41	2.02941	2.0E-5
1540.36	2.0294	2.0E-5
1541.31	2.02939	2.0E-5
1542.26	2.02938	2.0E-5
1543.21	2.02937	2.0E-5
1544.16	2.02936	2.0E-5
1545.12	2.02935	2.0E-5
1546.07	2.02934	2.0E-5
1547.03	2.02933	2.0E-5
1547.99	2.02932	2.0E-5
1548.95	2.02931	2.0E-5
1549.91	2.0293	2.0E-5
1550.87	2.02929	2.0E-5
1551.83	2.02928	2.0E-5
1552.8	2.02927	2.0E-5
1553.76	2.02926	2.0E-5
1554.73	2.02925	2.0E-5
1555.69	2.02924	2.0E-5
1556.66	2.02923	2.0E-5
1557.63	2.02922	2.0E-5
1558.6	2.02921	2.0E-5
1559.58	2.0292	2.0E-5
1560.55	2.02919	3.0E-5
1561.52	2.02918	3.0E-5
1562.5	2.02917	3.0E-5
1563.48	2.02916	3.0E-5
1564.46	2.02915	3.0E-5
1565.44	2.02914	3.0E-5
1566.42	2.02913	3.0E-5
1567.4	2.02912	3.0E-5
1568.38	2.02911	3.0E-5
1569.37	2.0291	3.0E-5
1570.35	2.02909	3.0E-5
1571.34	2.02908	3.0E-5
1572.33	2.02907	3.0E-5
1573.32	2.02906	3.0E-5
1574.31	2.02905	3.0E-5
1575.3	2.02904	3.0E-5
1576.29	2.02903	3.0E-5
1577.29	2.02902	3.0E-5
1578.28	2.02901	3.0E-5
1579.28	2.029	3.0E-5
1580.28	2.02899	3.0E-5
1581.28	2.02898	3.0E-5
1582.28	2.02897	3.0E-5
1583.28	2.02896	3.0E-5
1584.28	2.02895	3.0E-5
1585.29	2.02894	3.0E-5
1586.29	2.02893	3.0E-5
1587.3	2.02892	3.0E-5
1588.31	2.0289	3.0E-5
1589.32	2.02889	3.0E-5
1590.33	2.02888	3.0E-5
1591.34	2.02887	3.0E-5
1592.36	2.02886	3.0E-5
1593.37	2.02885	3.0E-5
1594.39	2.02884	3.0E-5
1595.41	2.02883	3.0E-5
1596.42	2.02882	3.0E-5
1597.44	2.02881	3.0E-5
1598.47	2.0288	3.0E-5
1599.49	2.02879	3.0E-5
1600.51	2.02878	3.0E-5
1601.54	2.02876	3.0E-5
1602.56	2.02875	3.0E-5
1603.59	2.02874	3.0E-5
1604.62	2.02873	3.0E-5
1605.65	2.02872	3.0E-5
1606.68	2.02871	3.0E-5
1607.72	2.0287	3.0E-5
1608.75	2.02869	3.0E-5
1609.79	2.02868	3.0E-5
1610.82	2.02867	3.0E-5
1611.86	2.02865	3.0E-5
1612.9	2.02864	3.0E-5
1613.94	2.02863	3.0E-5
1614.99	2.02862	3.0E-5
1616.03	2.02861	3.0E-5
1617.08	2.0286	3.0E-5
1618.12	2.02859	3.0E-5
1619.17	2.02858	3.0E-5
1620.22	2.02857	3.0E-5
1621.27	2.02855	3.0E-5
1622.32	2.02854	3.0E-5
1623.38	2.02853	3.0E-5
1624.43	2.02852	3.0E-5
1625.49	2.02851	3.0E-5
1626.55	2.0285	3.0E-5
1627.6	2.02849	3.0E-5
1628.66	2.02847	3.0E-5
1629.73	2.02846	3.0E-5
1630.79	2.02845	3.0E-5
1631.85	2.02844	3.0E-5
1632.92	2.02843	3.0E-5
1633.99	2.02842	3.0E-5
1635.06	2.02841	3.0E-5
1636.13	2.02839	3.0E-5
1637.2	2.02838	3.0E-5
1638.27	2.02837	3.0E-5
1639.34	2.02836	3.0E-5
1640.42	2.02835	3.0E-5
1641.5	2.02833	3.0E-5
1642.58	2.02832	3.0E-5
1643.66	2.02831	3.0E-5
1644.74	2.0283	3.0E-5
1645.82	2.02829	3.0E-5
1646.9	2.02828	3.0E-5
1647.99	2.02826	3.0E-5
1649.08	2.02825	3.0E-5
1650.17	2.02824	3.0E-5
1651.25	2.02823	3.0E-5
1652.35	2.02822	3.0E-5
1653.44	2.0282	3.0E-5
1654.53	2.02819	3.0E-5
1655.63	2.02818	3.0E-5
1656.73	2.02817	3.0E-5
1657.82	2.02816	3.0E-5
1658.93	2.02814	3.0E-5
1660.03	2.02813	3.0E-5
1661.13	2.02812	3.0E-5
1662.23	2.02811	3.0E-5
1663.34	2.0281	3.0E-5
1664.45	2.02808	3.0E-5
1665.56	2.02807	3.0E-5
1666.67	2.02806	3.0E-5
1667.78	2.02805	3.0E-5
1668.89	2.02803	3.0E-5
1670.01	2.02802	3.0E-5
1671.12	2.02801	3.0E-5
1672.24	2.028	3.0E-5
1673.36	2.02798	3.0E-5
1674.48	2.02797	3.0E-5
1675.6	2.02796	3.0E-5
1676.73	2.02795	3.0E-5
1677.85	2.02793	3.0E-5
1678.98	2.02792	3.0E-5
1680.11	2.02791	3.0E-5
1681.24	2.0279	3.0E-5
1682.37	2.02788	3.0E-5
1683.5	2.02787	3.0E-5
1684.64	2.02786	3.0E-5
1685.77	2.02785	3.0E-5
1686.91	2.02783	3.0E-5
1688.05	2.02782	3.0E-5
1689.19	2.02781	3.0E-5
1690.33	2.02779	3.0E-5
1691.47	2.02778	3.0E-5
1692.62	2.02777	3.0E-5
1693.77	2.02776	3.0E-5
1694.92	2.02774	3.0E-5
1696.07	2.02773	3.0E-5
1697.22	2.02772	3.0E-5
1698.37	2.0277	3.0E-5
1699.52	2.02769	3.0E-5
1700.68	2.02768	3.0E-5
1701.84	2.02766	3.0E-5
1703.0	2.02765	3.0E-5
1704.16	2.02764	3.0E-5
1705.32	2.02762	3.0E-5
1706.48	2.02761	3.0E-5
1707.65	2.0276	3.0E-5
1708.82	2.02759	3.0E-5
1709.99	2.02757	3.0E-5
1711.16	2.02756	3.0E-5
1712.33	2.02755	3.0E-5
1713.5	2.02753	3.0E-5
1714.68	2.02752	3.0E-5
1715.85	2.0275	3.0E-5
1717.03	2.02749	3.0E-5
1718.21	2.02748	3.0E-5
1719.39	2.02746	3.0E-5
1720.58	2.02745	3.0E-5
1721.76	2.02744	3.0E-5
1722.95	2.02742	3.0E-5
1724.14	2.02741	3.0E-5
1725.33	2.0274	3.0E-5
1726.52	2.02738	3.0E-5
1727.71	2.02737	3.0E-5
1728.91	2.02736	3.0E-5
1730.1	2.02734	3.0E-5
1731.3	2.02733	3.0E-5
1732.5	2.02731	3.0E-5
1733.7	2.0273	3.0E-5
1734.91	2.02729	3.0E-5
1736.11	2.02727	3.0E-5
1737.32	2.02726	3.0E-5
1738.53	2.02724	3.0E-5
1739.74	2.02723	3.0E-5
1740.95	2.02722	3.0E-5
1742.16	2.0272	4.0E-5
1743.38	2.02719	4.0E-5
1744.59	2.02717	4.0E-5
1745.81	2.02716	4.0E-5
1747.03	2.02715	4.0E-5
1748.25	2.02713	4.0E-5
1749.48	2.02712	4.0E-5
1750.7	2.0271	4.0E-5
1751.93	2.02709	4.0E-5
1753.16	2.02707	4.0E-5
1754.39	2.02706	4.0E-5
1755.62	2.02705	4.0E-5
1756.85	2.02703	4.0E-5
1758.09	2.02702	4.0E-5
1759.32	2.027	4.0E-5
1760.56	2.02699	4.0E-5
1761.8	2.02697	4.0E-5
1763.05	2.02696	4.0E-5
1764.29	2.02694	4.0E-5
1765.54	2.02693	4.0E-5
1766.78	2.02691	4.0E-5
1768.03	2.0269	4.0E-5
1769.29	2.02688	4.0E-5
1770.54	2.02687	4.0E-5
1771.79	2.02685	4.0E-5
1773.05	2.02684	4.0E-5
1774.31	2.02682	4.0E-5
1775.57	2.02681	4.0E-5
1776.83	2.0268	4.0E-5
1778.09	2.02678	4.0E-5
1779.36	2.02677	4.0E-5
1780.63	2.02675	4.0E-5
1781.9	2.02673	4.0E-5
1783.17	2.02672	4.0E-5
1784.44	2.0267	4.0E-5
1785.71	2.02669	4.0E-5
1786.99	2.02667	4.0E-5
1788.27	2.02666	4.0E-5
1789.55	2.02664	4.0E-5
1790.83	2.02663	4.0E-5
1792.11	2.02661	4.0E-5
1793.4	2.0266	4.0E-5
1794.69	2.02658	4.0E-5
1795.98	2.02657	4.0E-5
1797.27	2.02655	4.0E-5
1798.56	2.02654	4.0E-5
1799.86	2.02652	4.0E-5
1801.15	2.0265	4.0E-5
1802.45	2.02649	4.0E-5
1803.75	2.02647	4.0E-5
1805.05	2.02646	4.0E-5
1806.36	2.02644	4.0E-5
1807.66	2.02643	4.0E-5
1808.97	2.02641	4.0E-5
1810.28	2.02639	4.0E-5
1811.59	2.02638	4.0E-5
1812.91	2.02636	4.0E-5
1814.22	2.02635	4.0E-5
1815.54	2.02633	4.0E-5
1816.86	2.02631	4.0E-5
1818.18	2.0263	4.0E-5
1819.51	2.02628	4.0E-5
1820.83	2.02627	4.0E-5
1822.16	2.02625	4.0E-5
1823.49	2.02623	4.0E-5
1824.82	2.02622	4.0E-5
1826.15	2.0262	4.0E-5
1827.49	2.02619	4.0E-5
1828.82	2.02617	4.0E-5
1830.16	2.02615	4.0E-5
1831.5	2.02614	4.0E-5
1832.84	2.02612	4.0E-5
1834.19	2.0261	4.0E-5
1835.54	2.02609	4.0E-5
1836.88	2.02607	4.0E-5
1838.24	2.02605	4.0E-5
1839.59	2.02604	4.0E-5
1840.94	2.02602	4.0E-5
1842.3	2.026	4.0E-5
1843.66	2.02599	4.0E-5
1845.02	2.02597	4.0E-5
1846.38	2.02595	4.0E-5
1847.75	2.02594	4.0E-5
1849.11	2.02592	4.0E-5
1850.48	2.0259	4.0E-5
1851.85	2.02589	4.0E-5
1853.22	2.02587	4.0E-5
1854.6	2.02585	4.0E-5
1855.98	2.02583	4.0E-5
1857.36	2.02582	4.0E-5
1858.74	2.0258	4.0E-5
1860.12	2.02578	4.0E-5
1861.5	2.02577	4.0E-5
1862.89	2.02575	4.0E-5
1864.28	2.02573	4.0E-5
1865.67	2.02571	4.0E-5
1867.06	2.0257	4.0E-5
1868.46	2.02568	4.0E-5
1869.86	2.02566	4.0E-5
1871.26	2.02564	4.0E-5
1872.66	2.02563	4.0E-5
1874.06	2.02561	4.0E-5
1875.47	2.02559	4.0E-5
1876.88	2.02557	4.0E-5
1878.29	2.02556	4.0E-5
1879.7	2.02554	4.0E-5
1881.11	2.02552	4.0E-5
1882.53	2.0255	4.0E-5
1883.95	2.02548	4.0E-5
1885.37	2.02547	4.0E-5
1886.79	2.02545	4.0E-5
1888.22	2.02543	4.0E-5
1889.64	2.02541	4.0E-5
1891.07	2.02539	5.0E-5
1892.51	2.02538	5.0E-5
1893.94	2.02536	5.0E-5
1895.38	2.02534	5.0E-5
1896.81	2.02532	5.0E-5
1898.25	2.0253	5.0E-5
1899.7	2.02528	5.0E-5
1901.14	2.02527	5.0E-5
1902.59	2.02525	5.0E-5
1904.04	2.02523	5.0E-5
1905.49	2.02521	5.0E-5
1906.94	2.02519	5.0E-5
1908.4	2.02517	5.0E-5
1909.85	2.02515	5.0E-5
1911.31	2.02514	5.0E-5
1912.78	2.02512	5.0E-5
1914.24	2.0251	5.0E-5
1915.71	2.02508	5.0E-5
1917.18	2.02506	5.0E-5
1918.65	2.02504	5.0E-5
1920.12	2.02502	5.0E-5
1921.6	2.025	5.0E-5
1923.08	2.02498	5.0E-5
1924.56	2.02497	5.0E-5
1926.04	2.02495	5.0E-5
1927.53	2.02493	5.0E-5
1929.01	2.02491	5.0E-5
1930.5	2.02489	5.0E-5
1931.99	2.02487	5.0E-5
1933.49	2.02485	5.0E-5
1934.98	2.02483	5.0E-5
1936.48	2.02481	5.0E-5
1937.98	2.02479	5.0E-5
1939.49	2.02477	5.0E-5
1940.99	2.02475	5.0E-5
1942.5	2.02473	5.0E-5
1944.01	2.02471	5.0E-5
1945.53	2.02469	5.0E-5
1947.04	2.02467	5.0E-5
1948.56	2.02465	5.0E-5
1950.08	2.02463	5.0E-5
1951.6	2.02461	5.0E-5
1953.13	2.02459	5.0E-5
1954.65	2.02457	5.0E-5
1956.18	2.02455	5.0E-5
1957.71	2.02453	5.0E-5
1959.25	2.02451	5.0E-5
1960.78	2.02449	5.0E-5
1962.32	2.02447	5.0E-5
1963.86	2.02445	5.0E-5
1965.41	2.02443	5.0E-5
1966.96	2.02441	5.0E-5
1968.5	2.02439	5.0E-5
1970.06	2.02437	5.0E-5
1971.61	2.02435	5.0E-5
1973.16	2.02433	5.0E-5
1974.72	2.02431	5.0E-5
1976.28	2.02429	5.0E-5
1977.85	2.02427	5.0E-5
1979.41	2.02425	5.0E-5
1980.98	2.02422	5.0E-5
1982.55	2.0242	5.0E-5
1984.13	2.02418	5.0E-5
1985.7	2.02416	5.0E-5
1987.28	2.02414	5.0E-5
1988.86	2.02412	5.0E-5
1990.45	2.0241	5.0E-5
1992.03	2.02408	5.0E-5
1993.62	2.02406	5.0E-5
1995.21	2.02403	5.0E-5
1996.81	2.02401	5.0E-5
1998.4	2.02399	5.0E-5
2000.0	2.02397	5.0E-5
2001.6	2.02395	5.0E-5
2003.21	2.02393	5.0E-5
2004.81	2.0239	5.0E-5
2006.42	2.02388	5.0E-5
2008.03	2.02386	5.0E-5
2009.65	2.02384	5.0E-5
2011.26	2.02382	5.0E-5
2012.88	2.0238	5.0E-5
2014.5	2.02377	5.0E-5
2016.13	2.02375	5.0E-5
2017.76	2.02373	6.0E-5
2019.39	2.02371	6.0E-5
2021.02	2.02368	6.0E-5
2022.65	2.02366	6.0E-5
2024.29	2.02364	6.0E-5
2025.93	2.02362	6.0E-5
2027.58	2.0236	6.0E-5
2029.22	2.02357	6.0E-5
2030.87	2.02355	6.0E-5
2032.52	2.02353	6.0E-5
2034.17	2.02351	6.0E-5
2035.83	2.02348	6.0E-5
2037.49	2.02346	6.0E-5
2039.15	2.02344	6.0E-5
2040.82	2.02341	6.0E-5
2042.48	2.02339	6.0E-5
2044.15	2.02337	6.0E-5
2045.83	2.02334	6.0E-5
2047.5	2.02332	6.0E-5
2049.18	2.0233	6.0E-5
2050.86	2.02328	6.0E-5
2052.55	2.02325	6.0E-5
2054.23	2.02323	6.0E-5
2055.92	2.0232	6.0E-5
2057.61	2.02318	6.0E-5
2059.31	2.02316	6.0E-5
2061.01	2.02313	6.0E-5
2062.71	2.02311	6.0E-5
2064.41	2.02309	6.0E-5
2066.12	2.02306	6.0E-5
2067.82	2.02304	6.0E-5
2069.54	2.02302	6.0E-5
2071.25	2.02299	6.0E-5
2072.97	2.02297	6.0E-5
2074.69	2.02294	6.0E-5
2076.41	2.02292	6.0E-5
2078.14	2.02289	6.0E-5
2079.87	2.02287	6.0E-5
2081.6	2.02285	6.0E-5
2083.33	2.02282	6.0E-5
2085.07	2.0228	6.0E-5
2086.81	2.02277	6.0E-5
2088.55	2.02275	6.0E-5
2090.3	2.02272	6.0E-5
2092.05	2.0227	6.0E-5
2093.8	2.02267	6.0E-5
2095.56	2.02265	6.0E-5
2097.32	2.02262	6.0E-5
2099.08	2.0226	6.0E-5
2100.84	2.02257	6.0E-5
2102.61	2.02255	6.0E-5
2104.38	2.02252	6.0E-5
2106.15	2.0225	6.0E-5
2107.93	2.02247	6.0E-5
2109.7	2.02245	6.0E-5
2111.49	2.02242	6.0E-5
2113.27	2.0224	6.0E-5
2115.06	2.02237	6.0E-5
2116.85	2.02235	6.0E-5
2118.64	2.02232	6.0E-5
2120.44	2.02229	6.0E-5
2122.24	2.02227	6.0E-5
2124.04	2.02224	6.0E-5
2125.85	2.02222	6.0E-5
2127.66	2.02219	6.0E-5
2129.47	2.02216	7.0E-5
2131.29	2.02214	7.0E-5
2133.11	2.02211	7.0E-5
2134.93	2.02209	7.0E-5
2136.75	2.02206	7.0E-5
2138.58	2.02203	7.0E-5
2140.41	2.02201	7.0E-5
2142.25	2.02198	7.0E-5
2144.08	2.02195	7.0E-5
2145.92	2.02193	7.0E-5
2147.77	2.0219	7.0E-5
2149.61	2.02187	7.0E-5
2151.46	2.02184	7.0E-5
2153.32	2.02182	7.0E-5
2155.17	2.02179	7.0E-5
2157.03	2.02176	7.0E-5
2158.89	2.02174	7.0E-5
2160.76	2.02171	7.0E-5
2162.63	2.02168	7.0E-5
2164.5	2.02165	7.0E-5
2166.38	2.02163	7.0E-5
2168.26	2.0216	7.0E-5
2170.14	2.02157	7.0E-5
2172.02	2.02154	7.0E-5
2173.91	2.02152	7.0E-5
2175.81	2.02149	7.0E-5
2177.7	2.02146	7.0E-5
2179.6	2.02143	7.0E-5
2181.5	2.0214	7.0E-5
2183.41	2.02138	7.0E-5
2185.31	2.02135	7.0E-5
2187.23	2.02132	7.0E-5
2189.14	2.02129	7.0E-5
2191.06	2.02126	7.0E-5
2192.98	2.02123	7.0E-5
2194.91	2.0212	7.0E-5
2196.84	2.02118	7.0E-5
2198.77	2.02115	7.0E-5
2200.7	2.02112	7.0E-5
2202.64	2.02109	7.0E-5
2204.59	2.02106	7.0E-5
2206.53	2.02103	7.0E-5
2208.48	2.021	7.0E-5
2210.43	2.02097	7.0E-5
2212.39	2.02094	7.0E-5
2214.35	2.02091	7.0E-5
2216.31	2.02088	7.0E-5
2218.28	2.02085	7.0E-5
2220.25	2.02082	7.0E-5
2222.22	2.02079	7.0E-5
2224.2	2.02076	7.0E-5
2226.18	2.02073	7.0E-5
2228.16	2.0207	7.0E-5
2230.15	2.02067	8.0E-5
2232.14	2.02064	8.0E-5
2234.14	2.02061	8.0E-5
2236.14	2.02058	8.0E-5
2238.14	2.02055	8.0E-5
2240.14	2.02052	8.0E-5
2242.15	2.02049	8.0E-5
2244.17	2.02046	8.0E-5
2246.18	2.02043	8.0E-5
2248.2	2.0204	8.0E-5
2250.23	2.02037	8.0E-5
2252.25	2.02034	8.0E-5
2254.28	2.02031	8.0E-5
2256.32	2.02027	8.0E-5
2258.36	2.02024	8.0E-5
2260.4	2.02021	8.0E-5
2262.44	2.02018	8.0E-5
2264.49	2.02015	8.0E-5
2266.55	2.02012	8.0E-5
2268.6	2.02008	8.0E-5
2270.66	2.02005	8.0E-5
2272.73	2.02002	8.0E-5
2274.8	2.01999	8.0E-5
2276.87	2.01996	8.0E-5
2278.94	2.01992	8.0E-5
2281.02	2.01989	8.0E-5
2283.11	2.01986	8.0E-5
2285.19	2.01983	8.0E-5
2287.28	2.01979	8.0E-5
2289.38	2.01976	8.0E-5
2291.48	2.01973	8.0E-5
2293.58	2.0197	8.0E-5
2295.68	2.01966	8.0E-5
2297.79	2.01963	8.0E-5
2299.91	2.0196	8.0E-5
2302.03	2.01956	8.0E-5
2304.15	2.01953	8.0E-5
2306.27	2.0195	8.0E-5
2308.4	2.01946	8.0E-5
2310.54	2.01943	8.0E-5
2312.67	2.0194	8.0E-5
2314.81	2.01936	8.0E-5
2316.96	2.01933	8.0E-5
2319.11	2.01929	8.0E-5
2321.26	2.01926	9.0E-5
2323.42	2.01923	9.0E-5
2325.58	2.01919	9.0E-5
2327.75	2.01916	9.0E-5
2329.92	2.01912	9.0E-5
2332.09	2.01909	9.0E-5
2334.27	2.01905	9.0E-5
2336.45	2.01902	9.0E-5
2338.63	2.01898	9.0E-5
2340.82	2.01895	9.0E-5
2343.02	2.01891	9.0E-5
2345.22	2.01888	9.0E-5
2347.42	2.01884	9.0E-5
2349.62	2.01881	9.0E-5
2351.83	2.01877	9.0E-5
2354.05	2.01873	9.0E-5
2356.27	2.0187	9.0E-5
2358.49	2.01866	9.0E-5
2360.72	2.01863	9.0E-5
2362.95	2.01859	9.0E-5
2365.18	2.01855	9.0E-5
2367.42	2.01852	9.0E-5
2369.67	2.01848	9.0E-5
2371.92	2.01845	9.0E-5
2374.17	2.01841	9.0E-5
2376.43	2.01837	9.0E-5
2378.69	2.01834	9.0E-5
2380.95	2.0183	9.0E-5
2383.22	2.01826	9.0E-5
2385.5	2.01822	9.0E-5
2387.77	2.01819	9.0E-5
2390.06	2.01815	9.0E-5
2392.34	2.01811	9.0E-5
2394.64	2.01807	9.0E-5
2396.93	2.01804	9.0E-5
2399.23	2.018	9.0E-5
2401.54	2.01796	9.0E-5
2403.85	2.01792	9.0E-5
2406.16	2.01788	1.0E-4
2408.48	2.01785	1.0E-4
2410.8	2.01781	1.0E-4
2413.13	2.01777	1.0E-4
2415.46	2.01773	1.0E-4
2417.79	2.01769	1.0E-4
2420.14	2.01765	1.0E-4
2422.48	2.01761	1.0E-4
2424.83	2.01757	1.0E-4
2427.18	2.01754	1.0E-4
2429.54	2.0175	1.0E-4
2431.91	2.01746	1.0E-4
2434.27	2.01742	1.0E-4
2436.65	2.01738	1.0E-4
2439.02	2.01734	1.0E-4
2441.41	2.0173	1.0E-4
2443.79	2.01726	1.0E-4
2446.18	2.01722	1.0E-4
2448.58	2.01718	1.0E-4
2450.98	2.01714	1.0E-4
2453.39	2.0171	1.0E-4
2455.8	2.01705	1.0E-4
2458.21	2.01701	1.0E-4
2460.63	2.01697	1.0E-4
2463.05	2.01693	1.0E-4
2465.48	2.01689	1.0E-4
2467.92	2.01685	1.0E-4
2470.36	2.01681	1.0E-4
2472.8	2.01677	1.0E-4
2475.25	2.01672	1.0E-4
2477.7	2.01668	1.0E-4
2480.16	2.01664	1.0E-4
2482.62	2.0166	1.0E-4
2485.09	2.01656	1.1E-4
2487.56	2.01651	1.1E-4
2490.04	2.01647	1.1E-4
2492.52	2.01643	1.1E-4
2495.01	2.01639	1.1E-4
2497.5	2.01634	1.1E-4
2500.0	2.0163	1.1E-4
2502.5	2.01626	1.1E-4
2505.01	2.01621	1.1E-4
2507.52	2.01617	1.1E-4
2510.04	2.01613	1.1E-4
2512.56	2.01608	1.1E-4
2515.09	2.01604	1.1E-4
2517.62	2.01599	1.1E-4
2520.16	2.01595	1.1E-4
2522.7	2.01591	1.1E-4
2525.25	2.01586	1.1E-4
2527.81	2.01582	1.1E-4
2530.36	2.01577	1.1E-4
2532.93	2.01573	1.1E-4
2535.5	2.01568	1.1E-4
2538.07	2.01564	1.1E-4
2540.65	2.01559	1.1E-4
2543.23	2.01555	1.1E-4
2545.82	2.0155	1.1E-4
2548.42	2.01545	1.1E-4
2551.02	2.01541	1.1E-4
2553.63	2.01536	1.1E-4
2556.24	2.01532	1.2E-4
2558.85	2.01527	1.2E-4
2561.48	2.01522	1.2E-4
2564.1	2.01518	1.2E-4
2566.74	2.01513	1.2E-4
2569.37	2.01508	1.2E-4
2572.02	2.01504	1.2E-4
2574.67	2.01499	1.2E-4
2577.32	2.01494	1.2E-4
2579.98	2.01489	1.2E-4
2582.64	2.01485	1.2E-4
2585.32	2.0148	1.2E-4
2587.99	2.01475	1.2E-4
2590.67	2.0147	1.2E-4
2593.36	2.01465	1.2E-4
2596.05	2.01461	1.2E-4
2598.75	2.01456	1.2E-4
2601.46	2.01451	1.2E-4
2604.17	2.01446	1.2E-4
2606.88	2.01441	1.2E-4
2609.6	2.01436	1.2E-4
2612.33	2.01431	1.2E-4
2615.06	2.01426	1.2E-4
2617.8	2.01421	1.2E-4
2620.55	2.01416	1.2E-4
2623.29	2.01411	1.2E-4
2626.05	2.01406	1.3E-4
2628.81	2.01401	1.3E-4
2631.58	2.01396	1.3E-4
2634.35	2.01391	1.3E-4
2637.13	2.01386	1.3E-4
2639.92	2.01381	1.3E-4
2642.71	2.01376	1.3E-4
2645.5	2.0137	1.3E-4
2648.31	2.01365	1.3E-4
2651.11	2.0136	1.3E-4
2653.93	2.01355	1.3E-4
2656.75	2.0135	1.3E-4
2659.57	2.01344	1.3E-4
2662.41	2.01339	1.3E-4
2665.25	2.01334	1.3E-4
2668.09	2.01329	1.3E-4
2670.94	2.01323	1.3E-4
2673.8	2.01318	1.3E-4
2676.66	2.01313	1.3E-4
2679.53	2.01307	1.3E-4
2682.4	2.01302	1.3E-4
2685.28	2.01297	1.3E-4
2688.17	2.01291	1.3E-4
2691.07	2.01286	1.4E-4
2693.97	2.0128	1.4E-4
2696.87	2.01275	1.4E-4
2699.78	2.01269	1.4E-4
2702.7	2.01264	1.4E-4
2705.63	2.01258	1.4E-4
2708.56	2.01253	1.4E-4
2711.5	2.01247	1.4E-4
2714.44	2.01242	1.4E-4
2717.39	2.01236	1.4E-4
2720.35	2.0123	1.4E-4
2723.31	2.01225	1.4E-4
2726.28	2.01219	1.4E-4
2729.26	2.01213	1.4E-4
2732.24	2.01208	1.4E-4
2735.23	2.01202	1.4E-4
2738.23	2.01196	1.4E-4
2741.23	2.01191	1.4E-4
2744.24	2.01185	1.4E-4
2747.25	2.01179	1.4E-4
2750.28	2.01173	1.4E-4
2753.3	2.01167	1.5E-4
2756.34	2.01161	1.5E-4
2759.38	2.01156	1.5E-4
2762.43	2.0115	1.5E-4
2765.49	2.01144	1.5E-4
2768.55	2.01138	1.5E-4
2771.62	2.01132	1.5E-4
2774.69	2.01126	1.5E-4
2777.78	2.0112	1.5E-4
2780.87	2.01114	1.5E-4
2783.96	2.01108	1.5E-4
2787.07	2.01102	1.5E-4
2790.18	2.01096	1.5E-4
2793.3	2.0109	1.5E-4
2796.42	2.01083	1.5E-4
2799.55	2.01077	1.5E-4
2802.69	2.01071	1.5E-4
2805.84	2.01065	1.5E-4
2808.99	2.01059	1.6E-4
2812.15	2.01052	1.6E-4
2815.32	2.01046	1.6E-4
2818.49	2.0104	1.6E-4
2821.67	2.01034	1.6E-4
2824.86	2.01027	1.6E-4
2828.05	2.01021	1.6E-4
2831.26	2.01014	1.6E-4
2834.47	2.01008	1.6E-4
2837.68	2.01002	1.6E-4
2840.91	2.00995	1.6E-4
2844.14	2.00989	1.6E-4
2847.38	2.00982	1.6E-4
2850.63	2.00976	1.6E-4
2853.88	2.00969	1.6E-4
2857.14	2.00963	1.6E-4
2860.41	2.00956	1.6E-4
2863.69	2.00949	1.6E-4
2866.97	2.00943	1.7E-4
2870.26	2.00936	1.7E-4
2873.56	2.00929	1.7E-4
2876.87	2.00923	1.7E-4
2880.18	2.00916	1.7E-4
2883.51	2.00909	1.7E-4
2886.84	2.00902	1.7E-4
2890.17	2.00896	1.7E-4
2893.52	2.00889	1.7E-4
2896.87	2.00882	1.7E-4
2900.23	2.00875	1.7E-4
2903.6	2.00868	1.7E-4
2906.98	2.00861	1.7E-4
2910.36	2.00854	1.7E-4
2913.75	2.00847	1.7E-4
2917.15	2.0084	1.7E-4
2920.56	2.00833	1.8E-4
2923.98	2.00826	1.8E-4
2927.4	2.00819	1.8E-4
2930.83	2.00812	1.8E-4
2934.27	2.00805	1.8E-4
2937.72	2.00798	1.8E-4
2941.18	2.0079	1.8E-4
2944.64	2.00783	1.8E-4
2948.11	2.00776	1.8E-4
2951.59	2.00769	1.8E-4
2955.08	2.00761	1.8E-4
2958.58	2.00754	1.8E-4
2962.09	2.00747	1.8E-4
2965.6	2.00739	1.8E-4
2969.12	2.00732	1.9E-4
2972.65	2.00724	1.9E-4
2976.19	2.00717	1.9E-4
2979.74	2.00709	1.9E-4
2983.29	2.00702	1.9E-4
2986.86	2.00694	1.9E-4
2990.43	2.00687	1.9E-4
2994.01	2.00679	1.9E-4
2997.6	2.00671	1.9E-4
3001.2	2.00664	1.9E-4
3004.81	2.00656	1.9E-4
3008.42	2.00648	1.9E-4
3012.05	2.0064	1.9E-4
3015.68	2.00633	1.9E-4
3019.32	2.00625	2.0E-4
3022.97	2.00617	2.0E-4
3026.63	2.00609	2.0E-4
3030.3	2.00601	2.0E-4
3033.98	2.00593	2.0E-4
3037.67	2.00585	2.0E-4
3041.36	2.00577	2.0E-4
3045.07	2.00569	2.0E-4
3048.78	2.00561	2.0E-4
3052.5	2.00553	2.0E-4
3056.23	2.00545	2.0E-4
3059.98	2.00537	2.0E-4
3063.73	2.00528	2.0E-4
3067.48	2.0052	2.1E-4
3071.25	2.00512	2.1E-4
3075.03	2.00504	2.1E-4
3078.82	2.00495	2.1E-4
3082.61	2.00487	2.1E-4
3086.42	2.00479	2.1E-4
3090.23	2.0047	2.1E-4
3094.06	2.00462	2.1E-4
3097.89	2.00453	2.1E-4
3101.74	2.00445	2.1E-4
3105.59	2.00436	2.1E-4
3109.45	2.00427	2.1E-4
3113.33	2.00419	2.2E-4
3117.21	2.0041	2.2E-4
3121.1	2.00401	2.2E-4
3125.0	2.00393	2.2E-4
3128.91	2.00384	2.2E-4
3132.83	2.00375	2.2E-4
3136.76	2.00366	2.2E-4
3140.7	2.00357	2.2E-4
3144.65	2.00348	2.2E-4
3148.61	2.00339	2.2E-4
3152.59	2.0033	2.2E-4
3156.57	2.00321	2.3E-4
3160.56	2.00312	2.3E-4
3164.56	2.00303	2.3E-4
3168.57	2.00294	2.3E-4
3172.59	2.00285	2.3E-4
3176.62	2.00276	2.3E-4
3180.66	2.00266	2.3E-4
3184.71	2.00257	2.3E-4
3188.78	2.00248	2.3E-4
3192.85	2.00238	2.3E-4
3196.93	2.00229	2.3E-4
3201.02	2.0022	2.4E-4
3205.13	2.0021	2.4E-4
3209.24	2.00201	2.4E-4
3213.37	2.00191	2.4E-4
3217.5	2.00181	2.4E-4
3221.65	2.00172	2.4E-4
3225.81	2.00162	2.4E-4
3229.97	2.00152	2.4E-4
3234.15	2.00142	2.4E-4
3238.34	2.00133	2.4E-4
3242.54	2.00123	2.5E-4
3246.75	2.00113	2.5E-4
3250.98	2.00103	2.5E-4
3255.21	2.00093	2.5E-4
3259.45	2.00083	2.5E-4
3263.71	2.00073	2.5E-4
3267.97	2.00063	2.5E-4
3272.25	2.00053	2.5E-4
3276.54	2.00043	2.5E-4
3280.84	2.00032	2.6E-4
3285.15	2.00022	2.6E-4
3289.47	2.00012	2.6E-4
3293.81	2.00001	2.6E-4
3298.15	1.99991	2.6E-4
3302.51	1.9998	2.6E-4
3306.88	1.9997	2.6E-4
3311.26	1.99959	2.6E-4
3315.65	1.99949	2.6E-4
3320.05	1.99938	2.7E-4
3324.47	1.99927	2.7E-4
3328.89	1.99917	2.7E-4
3333.33	1.99906	2.7E-4
3337.78	1.99895	2.7E-4
3342.25	1.99884	2.7E-4
3346.72	1.99873	2.7E-4
3351.21	1.99862	2.7E-4
3355.7	1.99851	2.7E-4
3360.22	1.9984	2.8E-4
3364.74	1.99829	2.8E-4
3369.27	1.99818	2.8E-4
3373.82	1.99807	2.8E-4
3378.38	1.99796	2.8E-4
3382.95	1.99784	2.8E-4
3387.53	1.99773	2.8E-4
3392.13	1.99762	2.8E-4
3396.74	1.9975	2.9E-4
3401.36	1.99739	2.9E-4
3405.99	1.99727	2.9E-4
3410.64	1.99715	2.9E-4
3415.3	1.99704	2.9E-4
3419.97	1.99692	2.9E-4
3424.66	1.9968	2.9E-4
3429.36	1.99668	3.0E-4
3434.07	1.99657	3.0E-4
3438.79	1.99645	3.0E-4
3443.53	1.99633	3.0E-4
3448.28	1.99621	3.0E-4
3453.04	1.99609	3.0E-4
3457.81	1.99596	3.0E-4
3462.6	1.99584	3.0E-4
3467.41	1.99572	3.1E-4
3472.22	1.9956	3.1E-4
3477.05	1.99547	3.1E-4
3481.89	1.99535	3.1E-4
3486.75	1.99522	3.1E-4
3491.62	1.9951	3.1E-4
3496.5	1.99497	3.1E-4
3501.4	1.99485	3.2E-4
3506.31	1.99472	3.2E-4
3511.24	1.99459	3.2E-4
3516.17	1.99446	3.2E-4
3521.13	1.99433	3.2E-4
3526.09	1.9942	3.2E-4
3531.07	1.99407	3.2E-4
3536.07	1.99394	3.3E-4
3541.08	1.99381	3.3E-4
3546.1	1.99368	3.3E-4
3551.14	1.99355	3.3E-4
3556.19	1.99341	3.3E-4
3561.25	1.99328	3.3E-4
3566.33	1.99315	3.4E-4
3571.43	1.99301	3.4E-4
3576.54	1.99288	3.4E-4
3581.66	1.99274	3.4E-4
3586.8	1.9926	3.4E-4
3591.95	1.99246	3.4E-4
3597.12	1.99233	3.5E-4
3602.31	1.99219	3.5E-4
3607.5	1.99205	3.5E-4
3612.72	1.99191	3.5E-4
3617.95	1.99177	3.5E-4
3623.19	1.99162	3.5E-4
3628.45	1.99148	3.6E-4
3633.72	1.99134	3.6E-4
3639.01	1.9912	3.6E-4
3644.31	1.99105	3.6E-4
3649.64	1.99091	3.6E-4
3654.97	1.99076	3.6E-4
3660.32	1.99061	3.7E-4
3665.69	1.99047	3.7E-4
3671.07	1.99032	3.7E-4
3676.47	1.99017	3.7E-4
3681.89	1.99002	3.7E-4
3687.32	1.98987	3.7E-4
3692.76	1.98972	3.8E-4
3698.22	1.98957	3.8E-4
3703.7	1.98942	3.8E-4
3709.2	1.98926	3.8E-4
3714.71	1.98911	3.8E-4
3720.24	1.98896	3.9E-4
3725.78	1.9888	3.9E-4
3731.34	1.98864	3.9E-4
3736.92	1.98849	3.9E-4
3742.51	1.98833	3.9E-4
3748.13	1.98817	4.0E-4
3753.75	1.98801	4.0E-4
3759.4	1.98785	4.0E-4
3765.06	1.98769	4.0E-4
3770.74	1.98753	4.0E-4
3776.44	1.98737	4.1E-4
3782.15	1.9872	4.1E-4
3787.88	1.98704	4.1E-4
3793.63	1.98687	4.1E-4
3799.39	1.98671	4.1E-4
3805.18	1.98654	4.2E-4
3810.98	1.98637	4.2E-4
3816.79	1.98621	4.2E-4
3822.63	1.98604	4.2E-4
3828.48	1.98587	4.3E-4
3834.36	1.9857	4.3E-4
3840.25	1.98552	4.3E-4
3846.15	1.98535	4.3E-4
3852.08	1.98518	4.3E-4
3858.02	1.985	4.4E-4
3863.99	1.98483	4.4E-4
3869.97	1.98465	4.4E-4
3875.97	1.98447	4.4E-4
3881.99	1.9843	4.5E-4
3888.02	1.98412	4.5E-4
3894.08	1.98394	4.5E-4
3900.16	1.98376	4.5E-4
3906.25	1.98357	4.5E-4
3912.36	1.98339	4.6E-4
3918.5	1.98321	4.6E-4
3924.65	1.98302	4.6E-4
3930.82	1.98284	4.6E-4
3937.01	1.98265	4.7E-4
3943.22	1.98246	4.7E-4
3949.45	1.98227	4.7E-4
3955.7	1.98208	4.7E-4
3961.97	1.98189	4.8E-4
3968.25	1.9817	4.8E-4
3974.56	1.98151	4.8E-4
3980.89	1.98131	4.8E-4
3987.24	1.98112	4.9E-4
3993.61	1.98092	4.9E-4
4000.0	1.98073	4.9E-4
4006.41	1.98053	5.0E-4
4012.84	1.98033	5.0E-4
4019.29	1.98013	5.0E-4
4025.76	1.97993	5.0E-4
4032.26	1.97973	5.1E-4
4038.77	1.97952	5.1E-4
4045.31	1.97932	5.1E-4
4051.86	1.97911	5.1E-4
4058.44	1.9789	5.2E-4
4065.04	1.9787	5.2E-4
4071.66	1.97849	5.2E-4
4078.3	1.97828	5.3E-4
4084.97	1.97806	5.3E-4
4091.65	1.97785	5.3E-4
4098.36	1.97764	5.4E-4
4105.09	1.97742	5.4E-4
4111.84	1.97721	5.4E-4
4118.62	1.97699	5.4E-4
4125.41	1.97677	5.5E-4
4132.23	1.97655	5.5E-4
4139.07	1.97633	5.5E-4
4145.94	1.97611	5.6E-4
4152.82	1.97588	5.6E-4
4159.73	1.97566	5.6E-4
4166.67	1.97543	5.7E-4
4173.62	1.9752	5.7E-4
4180.6	1.97497	5.7E-4
4187.6	1.97474	5.8E-4
4194.63	1.97451	5.8E-4
4201.68	1.97428	5.8E-4
4208.75	1.97405	5.9E-4
4215.85	1.97381	5.9E-4
4222.97	1.97357	5.9E-4
4230.12	1.97333	6.0E-4
4237.29	1.9731	6.0E-4
4244.48	1.97285	6.0E-4
4251.7	1.97261	6.1E-4
4258.94	1.97237	6.1E-4
4266.21	1.97212	6.1E-4
4273.5	1.97188	6.2E-4
4280.82	1.97163	6.2E-4
4288.16	1.97138	6.3E-4
4295.53	1.97113	6.3E-4
4302.93	1.97087	6.3E-4
4310.34	1.97062	6.4E-4
4317.79	1.97036	6.4E-4
4325.26	1.97011	6.4E-4
4332.76	1.96985	6.5E-4
4340.28	1.96959	6.5E-4
4347.83	1.96932	6.6E-4
4355.4	1.96906	6.6E-4
4363.0	1.9688	6.6E-4
4370.63	1.96853	6.7E-4
4378.28	1.96826	6.7E-4
4385.96	1.96799	6.8E-4
4393.67	1.96772	6.8E-4
4401.41	1.96745	6.9E-4
4409.17	1.96717	6.9E-4
4416.96	1.96689	6.9E-4
4424.78	1.96662	7.0E-4
4432.62	1.96634	7.0E-4
4440.5	1.96605	7.1E-4
4448.4	1.96577	7.1E-4
4456.33	1.96548	7.2E-4
4464.29	1.9652	7.2E-4
4472.27	1.96491	7.2E-4
4480.29	1.96462	7.3E-4
4488.33	1.96433	7.3E-4
4496.4	1.96403	7.4E-4
4504.5	1.96373	7.4E-4
4512.64	1.96344	7.5E-4
4520.8	1.96314	7.5E-4
4528.99	1.96283	7.6E-4
4537.21	1.96253	7.6E-4
4545.45	1.96222	7.7E-4
4553.73	1.96192	7.7E-4
4562.04	1.96161	7.8E-4
4570.38	1.9613	7.8E-4
4578.75	1.96098	7.9E-4
4587.16	1.96067	7.9E-4
4595.59	1.96035	8.0E-4
4604.05	1.96003	8.0E-4
4612.55	1.95971	8.1E-4
4621.07	1.95938	8.1E-4
4629.63	1.95906	8.2E-4
4638.22	1.95873	8.2E-4
4646.84	1.9584	8.3E-4
4655.49	1.95806	8.4E-4
4664.18	1.95773	8.4E-4
4672.9	1.95739	8.5E-4
4681.65	1.95705	8.5E-4
4690.43	1.95671	8.6E-4
4699.25	1.95637	8.6E-4
4708.1	1.95602	8.7E-4
4716.98	1.95567	8.8E-4
4725.9	1.95532	8.8E-4
4734.85	1.95497	8.9E-4
4743.83	1.95461	8.9E-4
4752.85	1.95425	9.0E-4
4761.9	1.95389	9.1E-4
4770.99	1.95353	9.1E-4
4780.11	1.95316	9.2E-4
4789.27	1.9528	9.2E-4
4798.46	1.95243	9.3E-4
4807.69	1.95205	9.4E-4
4816.96	1.95168	9.4E-4
4826.25	1.9513	9.5E-4
4835.59	1.95092	9.6E-4
4844.96	1.95053	9.6E-4
4854.37	1.95015	9.7E-4
4863.81	1.94976	9.8E-4
4873.29	1.94937	9.9E-4
4882.81	1.94897	9.9E-4
4892.37	1.94858	0.0010
4901.96	1.94818	0.00101
4911.59	1.94777	0.00101
4921.26	1.94737	0.00102
4930.97	1.94696	0.00103
4940.71	1.94655	0.00104
4950.5	1.94613	0.00104
4960.32	1.94571	0.00105
4970.18	1.94529	0.00106
4980.08	1.94487	0.00107
4990.02	1.94444	0.00107
5000.0	1.94401	0.00108
5010.02	1.94358	0.00109
5020.08	1.94314	0.0011
5030.18	1.94271	0.00111
5040.32	1.94226	0.00111
5050.51	1.94182	0.00112
5060.73	1.94137	0.00113
5070.99	1.94091	0.00114
5081.3	1.94046	0.00115
5091.65	1.94	0.00116
5102.04	1.93954	0.00117
5112.47	1.93907	0.00118
5122.95	1.9386	0.00118
5133.47	1.93813	0.00119
5144.03	1.93765	0.0012
5154.64	1.93717	0.00121
5165.29	1.93669	0.00122
5175.98	1.9362	0.00123
5186.72	1.93571	0.00124
5197.51	1.93521	0.00125
5208.33	1.93471	0.00126
5219.21	1.93421	0.00127
5230.13	1.9337	0.00128
5241.09	1.93319	0.00129
5252.1	1.93267	0.0013
5263.16	1.93215	0.00131
5274.26	1.93163	0.00132
5285.41	1.9311	0.00133
5296.61	1.93057	0.00134
5307.86	1.93004	0.00135
5319.15	1.9295	0.00136
5330.49	1.92895	0.00138
5341.88	1.9284	0.00139
5353.32	1.92785	0.0014
5364.81	1.92729	0.00141
5376.34	1.92673	0.00142
5387.93	1.92616	0.00143
5399.57	1.92559	0.00145
5411.26	1.92501	0.00146
5422.99	1.92443	0.00147
5434.78	1.92385	0.00148
5446.62	1.92326	0.00149
5458.52	1.92266	0.00151
5470.46	1.92206	0.00152
5482.46	1.92146	0.00153
5494.51	1.92085	0.00155
5506.61	1.92023	0.00156
5518.76	1.91961	0.00157
5530.97	1.91898	0.00159
5543.24	1.91835	0.0016
5555.56	1.91771	0.00161
5567.93	1.91707	0.00163
5580.36	1.91642	0.00164
5592.84	1.91577	0.00166
5605.38	1.91511	0.00167
5617.98	1.91445	0.00169
5630.63	1.91378	0.0017
5643.34	1.9131	0.00172
5656.11	1.91242	0.00173
5668.93	1.91173	0.00175
5681.82	1.91103	0.00176
5694.76	1.91033	0.00178
5707.76	1.90962	0.0018
5720.82	1.90891	0.00181
5733.94	1.90819	0.00183
5747.13	1.90747	0.00185
5760.37	1.90673	0.00186
5773.67	1.90599	0.00188
5787.04	1.90525	0.0019
5800.46	1.90449	0.00192
5813.95	1.90373	0.00193
5827.51	1.90297	0.00195
5841.12	1.90219	0.00197
5854.8	1.90141	0.00199
5868.54	1.90062	0.00201
5882.35	1.89983	0.00203
5896.23	1.89902	0.00205
5910.17	1.89821	0.00207
5924.17	1.89739	0.00209
5938.24	1.89656	0.00211
5952.38	1.89573	0.00213
5966.59	1.89489	0.00215
5980.86	1.89404	0.00217
5995.2	1.89318	0.00219
6009.62	1.89231	0.00221
6024.1	1.89143	0.00224
6038.65	1.89055	0.00226
6053.27	1.88966	0.00228
6067.96	1.88876	0.0023
6082.73	1.88784	0.00233
6097.56	1.88692	0.00235
6112.47	1.886	0.00238
6127.45	1.88506	0.0024
6142.51	1.88411	0.00243
6157.64	1.88315	0.00245
6172.84	1.88218	0.00248
6188.12	1.88121	0.0025
6203.47	1.88022	0.00253
6218.91	1.87922	0.00256
6234.41	1.87821	0.00258
6250.0	1.8772	0.00261
6265.66	1.87617	0.00264
6281.41	1.87513	0.00267
6297.23	1.87408	0.0027
6313.13	1.87302	0.00273
6329.11	1.87194	0.00276
6345.18	1.87086	0.00279
6361.32	1.86976	0.00282
6377.55	1.86865	0.00285
6393.86	1.86753	0.00288
6410.26	1.8664	0.00292
6426.74	1.86526	0.00295
6443.3	1.8641	0.00298
6459.95	1.86293	0.00302
6476.68	1.86175	0.00305
6493.51	1.86055	0.00309
6510.42	1.85934	0.00312
6527.42	1.85812	0.00316
6544.5	1.85688	0.0032
6561.68	1.85563	0.00324
6578.95	1.85436	0.00327
6596.31	1.85308	0.00331
6613.76	1.85179	0.00335
6631.3	1.85048	0.00339
6648.94	1.84915	0.00344
6666.67	1.84781	0.00348
6684.49	1.84645	0.00352
6702.41	1.84508	0.00356
6720.43	1.84369	0.00361
6738.54	1.84228	0.00365
6756.76	1.84086	0.0037
6775.07	1.83942	0.00375
6793.48	1.83796	0.0038
6811.99	1.83649	0.00384
6830.6	1.83499	0.00389
6849.32	1.83348	0.00395
6868.13	1.83195	0.0040
6887.05	1.8304	0.00405
6906.08	1.82883	0.0041
6925.21	1.82724	0.00416
6944.44	1.82563	0.00422
6963.79	1.824	0.00427
6983.24	1.82234	0.00433
7002.8	1.82067	0.00439
7022.47	1.81897	0.00445
7042.25	1.81726	0.00451
7062.15	1.81552	0.00458
7082.15	1.81375	0.00464
7102.27	1.81196	0.00471
7122.51	1.81015	0.00477
7142.86	1.80832	0.00484
7163.32	1.80645	0.00491
7183.91	1.80457	0.00499
7204.61	1.80266	0.00506
7225.43	1.80072	0.00514
7246.38	1.79875	0.00521
7267.44	1.79675	0.00529
7288.63	1.79473	0.00537
7309.94	1.79268	0.00545
7331.38	1.7906	0.00554
7352.94	1.78849	0.00563
7374.63	1.78634	0.00571
7396.45	1.78417	0.0058
7418.4	1.78197	0.0059
7440.48	1.77973	0.00599
7462.69	1.77745	0.00609
7485.03	1.77515	0.00619
7507.51	1.7728	0.00629
7530.12	1.77043	0.0064
7552.87	1.76801	0.0065
7575.76	1.76556	0.00661
7598.78	1.76307	0.00673
7621.95	1.76054	0.00684
7645.26	1.75797	0.00696
7668.71	1.75536	0.00709
7692.31	1.7527	0.00721
7716.05	1.75	0.00734
7739.94	1.74726	0.00748
7763.98	1.74447	0.00761
7788.16	1.74164	0.00775
7812.5	1.73876	0.0079
7836.99	1.73583	0.00805
7861.64	1.73284	0.0082
7886.44	1.72981	0.00836
7911.39	1.72673	0.00852
7936.51	1.72358	0.00869
7961.78	1.72039	0.00886
7987.22	1.71713	0.00904
8012.82	1.71382	0.00922
8038.59	1.71045	0.00941
8064.52	1.70701	0.00961
8090.61	1.70351	0.00981
8116.88	1.69995	0.01002
8143.32	1.69631	0.01024
8169.93	1.69261	0.01046
8196.72	1.68884	0.01069
8223.68	1.68499	0.01093
8250.83	1.68106	0.01118
8278.15	1.67706	0.01144
8305.65	1.67298	0.01171
8333.33	1.66881	0.01198
8361.2	1.66455	0.01227
8389.26	1.66021	0.01257
8417.51	1.65578	0.01288
8445.95	1.65125	0.0132
8474.58	1.64662	0.01354
8503.4	1.6419	0.01389
8532.42	1.63706	0.01425
8561.64	1.63212	0.01463
8591.07	1.62707	0.01503
8620.69	1.62191	0.01544
8650.52	1.61662	0.01587
8680.56	1.61121	0.01632
8710.8	1.60567	0.01679
8741.26	1.59999	0.01728
8771.93	1.59418	0.0178
8802.82	1.58823	0.01834
8833.92	1.58212	0.01891
8865.25	1.57586	0.01951
8896.8	1.56944	0.02013
8928.57	1.56285	0.02079
8960.57	1.55608	0.02149
8992.81	1.54913	0.02222
9025.27	1.54199	0.023
9057.97	1.53466	0.02382
9090.91	1.52712	0.02468
9124.09	1.51936	0.0256
9157.51	1.51137	0.02657
9191.18	1.50315	0.02761
9225.09	1.49468	0.02871
9259.26	1.48596	0.02987
9293.68	1.47696	0.03112
9328.36	1.46768	0.03245
9363.3	1.45811	0.03387
9398.5	1.44822	0.0354
9433.96	1.438	0.03703
9469.7	1.42744	0.03878
9505.7	1.41651	0.04067
9541.98	1.4052	0.0427
9578.54	1.39349	0.0449
9615.38	1.38136	0.04727
9652.51	1.36879	0.04984
9689.92	1.35574	0.05263
9727.63	1.3422	0.05567
9765.63	1.32814	0.05898
9803.92	1.31353	0.06259
9842.52	1.29834	0.06655
9881.42	1.28254	0.07088
9920.63	1.2661	0.07564
9960.16	1.24899	0.08089
10000.0	1.23117	0.08668
10040.16	1.21261	0.09308
10080.65	1.19329	0.10017
10121.46	1.17317	0.10805
10162.6	1.15223	0.11681
10204.08	1.13045	0.12658
10245.9	1.10782	0.13749
10288.07	1.08435	0.1497
10330.58	1.06005	0.16336
10373.44	1.03499	0.17868
10416.67	1.00922	0.19585
10460.25	0.98287	0.21511
10504.2	0.95611	0.23667
10548.52	0.92917	0.26076
10593.22	0.90236	0.28758
10638.3	0.87604	0.31728
10683.76	0.85067	0.34993
10729.61	0.82671	0.38551
10775.86	0.80467	0.42383
10822.51	0.78498	0.46461
10869.57	0.76798	0.50742
10917.03	0.75389	0.5518
10964.91	0.74276	0.59725
11013.22	0.73454	0.64333
11061.95	0.72908	0.68967
11111.11	0.72617	0.736
11160.71	0.7256	0.78213
11210.76	0.72717	0.82792
11261.26	0.73068	0.87332
11312.22	0.73599	0.91828
11363.64	0.74298	0.96278
11415.53	0.75154	1.00683
11467.89	0.76158	1.0504
11520.74	0.77303	1.09351
11574.07	0.78583	1.13614
11627.91	0.7999	1.17832
11682.24	0.81518	1.22006
11737.09	0.83162	1.26139
11792.45	0.8492	1.30238
11848.34	0.8679	1.34309
11904.76	0.88774	1.38357
11961.72	0.90879	1.42389
12019.23	0.93114	1.46408
12077.29	0.9549	1.50416
12135.92	0.98023	1.54407
12195.12	1.00724	1.58372
12254.9	1.03606	1.62298
12315.27	1.06677	1.66165
12376.24	1.09939	1.69952
12437.81	1.13389	1.73637
12500.0	1.17019	1.772
12562.81	1.20815	1.80623
12626.26	1.24761	1.83891
12690.36	1.28836	1.86995
12755.1	1.33021	1.89931
12820.51	1.37296	1.92701
12886.6	1.41643	1.9531
12953.37	1.46046	1.97768
13020.83	1.50496	2.00091
13089.01	1.54987	2.02297
13157.89	1.59524	2.04403
13227.51	1.64118	2.06426
13297.87	1.68788	2.08377
13368.98	1.73559	2.10258
13440.86	1.7846	2.12061
13513.51	1.83517	2.13766
13586.96	1.8875	2.15339
13661.2	1.9417	2.16738
13736.26	1.99769	2.17916
13812.15	2.05527	2.18826
13888.89	2.11403	2.1943
13966.48	2.17347	2.19702
14044.94	2.23302	2.19635
14124.29	2.29211	2.19244
14204.55	2.35028	2.18559
14285.71	2.40723	2.17626
14210.71	2.40723	2.17626
