0.00827	1.0	2.56E-9
1675.683856	0.689465642	11.78222656
3351.359606	3.521303654	23.59870148
5027.035236	7.850696564	34.17302322
6702.710629	12.1800909	44.74734879
8378.386497	16.50947952	55.32167435
10054.06189	20.83886909	65.89599609
11729.73728	25.16826439	76.47031403
13405.41363	30.02976227	84.21083832
15081.08902	35.24597168	90.06218719
16756.76537	40.46219635	95.91355133
18432.4398	45.67840576	101.7648926
20108.11615	50.89463043	107.6162415
21783.79059	56.1108284	113.4675903
23459.46693	61.32704926	119.3189468
25135.14328	66.0287323	124.445961
26810.81772	68.67230988	126.6756821
28486.49406	71.31588745	128.9054108
30162.1685	73.95948029	131.1351471
31837.84485	76.6030426	133.3648682
33513.51929	79.24662781	135.5946045
35189.19754	81.89022064	137.8243408
36864.87198	84.53379822	140.0540619
38540.54642	87.17737579	142.2837982
40216.22467	89.820961	144.5135193
41891.89911	92.46453857	146.7432556
43567.57355	95.10812378	148.9729767
45243.2518	97.75170135	151.202713
46918.92624	100.3952942	153.4324493
48594.60068	103.0388641	155.6621704
50270.27512	105.6824341	157.8918915
51945.95337	108.3260269	160.1216278
53621.62781	110.9696045	162.3513641
55297.30225	113.6131744	164.5810852
56972.9805	116.2567749	166.8108215
58648.65494	118.9003525	169.0405426
60324.32938	121.5439301	171.2702789
62000.00763	124.1875153	173.5000153
63675.68207	126.8310928	175.7297363
65351.35651	129.4746704	177.9594727
67027.03094	132.1182556	180.1891937
68702.70538	134.7618103	182.4189148
70378.38745	137.405426	184.6486664
72054.06189	140.048996	186.8783875
73729.73633	142.6925812	189.1081238
75405.41077	145.3361359	191.3378448
77081.08521	147.9797363	193.5675507
78756.75964	150.6233215	195.7973022
80432.44171	153.266922	198.0270538
82108.11615	155.9105072	200.2567749
83783.79059	158.5540619	202.486496
85459.46503	161.1976471	204.716217
87135.13947	163.841217	206.9459534
88810.8139	166.4848022	209.1756744
90486.48834	169.1283875	211.4053955
92162.17041	171.7719727	213.6351471
93837.84485	174.4155579	215.8648682
95513.51929	177.0591278	218.0946045
97189.19373	179.702713	220.3243256
98864.86816	182.3462982	222.5540619
100540.5426	184.9898834	224.783783
102216.2247	187.6334686	227.0135345
103891.8991	190.2770386	229.2432556
105567.5735	192.9206238	231.4729614
107243.248	195.564209	233.702713
108918.9224	198.2077942	235.9324341
110594.5969	200.8513336	238.1621399
112270.2713	203.4949188	240.391861
113945.9534	206.1385345	242.6216278
115621.6278	208.7821198	244.8513794
117297.3022	211.4256744	247.0810699
118972.9767	214.0692444	249.3108063
120648.6511	216.7128448	251.5405426
122324.3256	219.3564148	253.7702637
124000.0076	222.0000153	255.9999847
125675.6821	223.6622009	257.6621704
127351.3565	225.3243256	259.3243408
129027.0386	226.9865112	260.9865417
130702.713	228.6486816	262.6486816
132378.3875	230.3108215	264.3108215
134054.0619	231.9729919	265.9729919
135729.7363	233.6351471	267.6351318
137405.4108	235.2973022	269.2973022
139081.0852	236.9594574	270.9594727
140756.7596	238.6216431	272.6216125
142432.4341	240.283783	274.283783
144108.1085	241.9459686	275.9459534
145783.783	243.6081085	277.6080933
147459.4574	245.2702789	279.2702637
149135.1318	246.9324341	280.9324036
150810.8215	248.5945892	282.594574
152486.496	250.2567596	284.2567749
154162.1704	251.9189301	285.9188843
155837.8448	253.5811005	287.5810852
157513.5193	255.2432556	289.2432556
159189.1937	256.9053955	290.9053955
160864.8682	258.5675659	292.5675659
162540.5426	260.2297363	294.2297363
164216.217	261.8919067	295.8919067
165891.8915	263.5540466	297.5540466
167567.5659	265.216217	299.216217
169243.2404	266.8783875	300.8783875
170918.9148	268.5404968	302.5405273
172594.6045	270.2027283	304.2026978
174270.2789	271.8648682	305.8648682
175945.9534	273.5270386	307.5270386
177621.6278	275.189209	309.1891785
179297.3022	276.8513489	310.8513489
180972.9767	278.5135193	312.5135193
182648.6511	280.1756897	314.1756897
184324.3256	281.8378296	315.8378296
186000.0	283.5	317.5
187675.6744	285.1621704	319.1621704
189351.3489	286.8243103	320.8243103
191027.0233	288.4864807	322.4864807
192702.6978	290.1486511	324.1486511
194378.3875	291.8108521	325.8108215
196054.0619	293.4729919	327.4729919
197729.7363	295.1351318	329.1351318
199405.4108	296.7973022	330.7973022
201081.0852	298.4594727	332.4594727
202756.7596	300.1216125	334.1216125
204432.4341	301.783783	335.783783
206108.1085	303.4459534	337.4459534
207783.783	305.1080933	339.1080627
209459.4574	306.7702637	340.7702637
211135.1318	308.4324341	342.4324341
212810.8063	310.094635	344.0946045
214486.4807	311.7567444	345.7567444
216162.1704	313.4189148	347.4189148
217837.8448	315.0810852	349.0810852
219513.5193	316.7432861	350.7432556
221189.1937	318.405426	352.4053955
222864.8682	320.0675659	354.0675659
224540.5426	321.7297363	355.7297058
226216.217	323.3919373	357.3919373
227891.8915	325.0540466	359.0540466
229567.5659	326.716217	360.716217
231243.2404	328.3783875	362.3783875
232918.9148	330.0405273	364.0405273
234594.5892	331.7026978	365.7026978
236270.2637	333.3648682	367.3648682
237945.9534	335.0270691	369.0270386
239621.6278	336.689209	370.689209
241297.3022	338.3513489	372.3513794
242972.9767	340.0135193	374.0135193
244648.6511	341.6757202	375.6756897
246324.3256	343.3378601	377.3378601
248000.0	345.0	378.9999695
