280	1.5815E+00	2.1988E-06
285	1.5815E+00	2.1988E-06
290	1.5815E+00	2.1988E-06
295	1.5815E+00	2.1988E-06
300	1.5815E+00	2.1988E-06
305	1.5796E+00	1.5515E-06
310	1.5778E+00	9.0416E-07
315	1.5760E+00	6.3373E-07
320	1.5741E+00	3.6331E-07
325	1.5725E+00	2.6937E-07
330	1.5711E+00	1.7542E-07
335	1.5696E+00	9.6052E-08
340	1.5682E+00	7.4964E-08
345	1.5668E+00	5.3875E-08
350	1.5657E+00	3.2786E-08
355	1.5645E+00	2.7318E-08
360	1.5634E+00	2.1849E-08
365	1.5622E+00	1.6381E-08
370	1.5613E+00	1.3027E-08
375	1.5603E+00	1.2592E-08
380	1.5594E+00	1.2157E-08
385	1.5584E+00	1.1064E-08
390	1.5576E+00	9.9712E-09
395	1.5568E+00	9.4576E-09
400	1.5560E+00	8.9440E-09
405	1.5553E+00	9.0558E-09
410	1.5545E+00	9.1676E-09
415	1.5538E+00	9.2794E-09
420	1.5532E+00	9.3912E-09
425	1.5525E+00	9.9399E-09
430	1.5519E+00	1.0489E-08
435	1.5513E+00	1.1037E-08
440	1.5507E+00	1.1249E-08
445	1.5502E+00	1.1377E-08
450	1.5496E+00	1.1505E-08
455	1.5491E+00	1.1633E-08
460	1.5486E+00	1.1761E-08
465	1.5482E+00	1.1488E-08
470	1.5477E+00	1.1215E-08
475	1.5472E+00	1.0942E-08
480	1.5468E+00	1.0670E-08
485	1.5464E+00	1.0397E-08
490	1.5460E+00	1.0124E-08
495	1.5456E+00	9.8510E-09
500	1.5452E+00	9.5781E-09
505	1.5448E+00	9.4839E-09
510	1.5445E+00	9.3898E-09
515	1.5441E+00	9.2956E-09
520	1.5437E+00	9.2014E-09
525	1.5434E+00	9.1072E-09
530	1.5431E+00	9.0131E-09
535	1.5428E+00	8.9189E-09
540	1.5425E+00	8.8247E-09
545	1.5422E+00	8.7305E-09
550	1.5419E+00	8.7755E-09
555	1.5416E+00	8.8553E-09
560	1.5414E+00	8.9350E-09
565	1.5411E+00	9.0148E-09
570	1.5408E+00	9.0946E-09
575	1.5406E+00	9.1743E-09
580	1.5403E+00	9.2541E-09
585	1.5401E+00	9.5820E-09
590	1.5399E+00	9.9098E-09
595	1.5396E+00	1.0238E-08
600	1.5394E+00	1.0566E-08
605	1.5392E+00	1.0893E-08
610	1.5390E+00	1.1221E-08
615	1.5388E+00	1.1549E-08
620	1.5386E+00	1.1877E-08
625	1.5384E+00	1.1709E-08
630	1.5382E+00	1.1541E-08
635	1.5380E+00	1.1372E-08
640	1.5378E+00	1.1204E-08
645	1.5376E+00	1.1036E-08
650	1.5374E+00	1.0868E-08
655	1.5373E+00	1.0699E-08
660	1.5371E+00	1.0531E-08
665	1.5369E+00	1.0331E-08
670	1.5368E+00	1.0131E-08
675	1.5366E+00	9.9308E-09
680	1.5364E+00	9.7308E-09
685	1.5363E+00	9.5307E-09
690	1.5361E+00	9.3306E-09
695	1.5360E+00	9.1306E-09
700	1.5358E+00	8.9305E-09
705	1.5357E+00	8.9473E-09
710	1.5356E+00	8.9640E-09
715	1.5354E+00	8.9808E-09
720	1.5353E+00	8.9975E-09
725	1.5351E+00	9.0143E-09
730	1.5350E+00	9.0310E-09
735	1.5349E+00	9.0478E-09
740	1.5347E+00	9.0646E-09
745	1.5346E+00	9.0813E-09
750	1.5345E+00	9.0981E-09
755	1.5344E+00	9.1148E-09
760	1.5343E+00	9.1316E-09
765	1.5341E+00	9.1483E-09
770	1.5340E+00	9.1651E-09
775	1.5339E+00	9.1819E-09
780	1.5338E+00	9.1986E-09
785	1.5337E+00	9.2154E-09
790	1.5336E+00	9.2321E-09
795	1.5335E+00	9.2489E-09
800	1.5334E+00	9.2656E-09
805	1.5333E+00	9.2824E-09
810	1.5332E+00	9.2992E-09
815	1.5331E+00	9.3159E-09
820	1.5330E+00	9.3327E-09
825	1.5329E+00	9.3494E-09
830	1.5328E+00	9.3662E-09
835	1.5327E+00	9.3829E-09
840	1.5326E+00	9.3997E-09
845	1.5325E+00	9.4165E-09
850	1.5324E+00	9.4332E-09
855	1.5323E+00	9.4500E-09
860	1.5322E+00	9.4667E-09
865	1.5321E+00	9.4835E-09
870	1.5320E+00	9.5002E-09
875	1.5319E+00	9.5170E-09
880	1.5318E+00	9.5337E-09
885	1.5318E+00	9.5505E-09
890	1.5317E+00	9.5673E-09
895	1.5316E+00	9.5840E-09
900	1.5315E+00	9.6008E-09
905	1.5314E+00	9.6175E-09
910	1.5313E+00	9.6343E-09
915	1.5313E+00	9.6510E-09
920	1.5312E+00	9.6678E-09
925	1.5311E+00	9.6846E-09
930	1.5310E+00	9.7013E-09
935	1.5309E+00	9.7181E-09
940	1.5309E+00	9.7348E-09
945	1.5308E+00	9.7516E-09
950	1.5307E+00	9.7683E-09
955	1.5306E+00	9.7851E-09
960	1.5306E+00	9.8019E-09
965	1.5305E+00	9.8186E-09
970	1.5304E+00	9.8354E-09
975	1.5303E+00	9.8521E-09
980	1.5303E+00	9.8689E-09
985	1.5302E+00	9.8856E-09
990	1.5301E+00	9.9024E-09
995	1.5301E+00	9.9192E-09
1000	1.5300E+00	9.9359E-09
1005	1.5299E+00	9.9527E-09
1010	1.5299E+00	9.9694E-09
1015	1.5298E+00	9.9862E-09
1020	1.5297E+00	1.0003E-08
1025	1.5297E+00	1.0020E-08
1030	1.5296E+00	1.0036E-08
1035	1.5295E+00	1.0053E-08
1040	1.5295E+00	1.0070E-08
1045	1.5294E+00	1.0087E-08
1050	1.5293E+00	1.0103E-08
1055	1.5293E+00	1.0120E-08
1060	1.5292E+00	1.0137E-08
1065	1.5291E+00	1.0865E-08
1070	1.5291E+00	1.1593E-08
1075	1.5290E+00	1.2320E-08
1080	1.5289E+00	1.3048E-08
1085	1.5289E+00	1.3776E-08
1090	1.5288E+00	1.4504E-08
1095	1.5287E+00	1.5232E-08
1100	1.5287E+00	1.5960E-08
1105	1.5286E+00	1.6687E-08
1110	1.5286E+00	1.7415E-08
1115	1.5285E+00	1.8143E-08
1120	1.5284E+00	1.8871E-08
1125	1.5284E+00	1.9599E-08
1130	1.5283E+00	2.0326E-08
1135	1.5283E+00	2.1054E-08
1140	1.5282E+00	2.1782E-08
1145	1.5281E+00	2.2510E-08
1150	1.5281E+00	2.3238E-08
1155	1.5280E+00	2.3966E-08
1160	1.5280E+00	2.4693E-08
1165	1.5279E+00	2.5421E-08
1170	1.5278E+00	2.6149E-08
1175	1.5278E+00	2.6877E-08
1180	1.5277E+00	2.7605E-08
1185	1.5277E+00	2.8332E-08
1190	1.5276E+00	2.9060E-08
1195	1.5276E+00	2.9788E-08
1200	1.5275E+00	3.0516E-08
1205	1.5274E+00	3.1244E-08
1210	1.5274E+00	3.1972E-08
1215	1.5273E+00	3.2699E-08
1220	1.5273E+00	3.3427E-08
1225	1.5272E+00	3.4155E-08
1230	1.5271E+00	3.4883E-08
1235	1.5271E+00	3.5611E-08
1240	1.5270E+00	3.6338E-08
1245	1.5270E+00	3.7066E-08
1250	1.5269E+00	3.7794E-08
1255	1.5269E+00	3.8522E-08
1260	1.5268E+00	3.9250E-08
1265	1.5268E+00	3.9978E-08
1270	1.5267E+00	4.0705E-08
1275	1.5266E+00	4.1433E-08
1280	1.5266E+00	4.2161E-08
1285	1.5265E+00	4.2889E-08
1290	1.5265E+00	4.3617E-08
1295	1.5264E+00	4.4344E-08
1300	1.5264E+00	4.5072E-08
1305	1.5263E+00	4.5800E-08
1310	1.5263E+00	4.6528E-08
1315	1.5262E+00	4.7256E-08
1320	1.5261E+00	4.7984E-08
1325	1.5261E+00	4.8711E-08
1330	1.5260E+00	4.9439E-08
1335	1.5260E+00	5.0167E-08
1340	1.5259E+00	5.0895E-08
1345	1.5259E+00	5.1623E-08
1350	1.5258E+00	5.2351E-08
1355	1.5258E+00	5.3078E-08
1360	1.5257E+00	5.3806E-08
1365	1.5257E+00	5.4534E-08
1370	1.5256E+00	5.5262E-08
1375	1.5255E+00	5.5990E-08
1380	1.5255E+00	5.6717E-08
1385	1.5254E+00	5.7445E-08
1390	1.5254E+00	5.8173E-08
1395	1.5253E+00	5.8901E-08
1400	1.5253E+00	5.9629E-08
1405	1.5252E+00	6.0357E-08
1410	1.5252E+00	6.1084E-08
1415	1.5251E+00	6.1812E-08
1420	1.5250E+00	6.2540E-08
1425	1.5250E+00	6.3268E-08
1430	1.5249E+00	6.3996E-08
1435	1.5249E+00	6.4723E-08
1440	1.5248E+00	6.5451E-08
1445	1.5248E+00	6.6179E-08
1450	1.5247E+00	6.6907E-08
1455	1.5247E+00	6.7635E-08
1460	1.5246E+00	6.8363E-08
1465	1.5246E+00	6.9090E-08
1470	1.5245E+00	6.9818E-08
1475	1.5244E+00	7.0546E-08
1480	1.5244E+00	7.1274E-08
1485	1.5243E+00	7.2002E-08
1490	1.5243E+00	7.2729E-08
1495	1.5242E+00	7.3457E-08
1500	1.5242E+00	7.4185E-08
1505	1.5241E+00	7.4913E-08
1510	1.5241E+00	7.5641E-08
1515	1.5240E+00	7.6369E-08
1520	1.5240E+00	7.7096E-08
1525	1.5239E+00	7.7824E-08
1530	1.5238E+00	7.8552E-08
1535	1.5238E+00	8.9240E-08
1540	1.5237E+00	9.9928E-08
1545	1.5237E+00	1.1062E-07
1550	1.5236E+00	1.2130E-07
1555	1.5236E+00	1.3199E-07
1560	1.5235E+00	1.4268E-07
1565	1.5235E+00	1.5337E-07
1570	1.5234E+00	1.6406E-07
1575	1.5233E+00	1.7474E-07
1580	1.5233E+00	1.8543E-07
1585	1.5232E+00	1.9612E-07
1590	1.5232E+00	2.0681E-07
1595	1.5231E+00	2.1750E-07
1600	1.5231E+00	2.2818E-07
1605	1.5230E+00	2.3887E-07
1610	1.5230E+00	2.4956E-07
1615	1.5229E+00	2.6025E-07
1620	1.5228E+00	2.7094E-07
1625	1.5228E+00	2.8162E-07
1630	1.5227E+00	2.9231E-07
1635	1.5227E+00	3.0300E-07
1640	1.5226E+00	3.1369E-07
1645	1.5226E+00	3.2438E-07
1650	1.5225E+00	3.3507E-07
1655	1.5225E+00	3.4575E-07
1660	1.5224E+00	3.5644E-07
1665	1.5223E+00	3.6713E-07
1670	1.5223E+00	3.7782E-07
1675	1.5222E+00	3.8851E-07
1680	1.5222E+00	3.9919E-07
1685	1.5221E+00	4.0988E-07
1690	1.5221E+00	4.2057E-07
1695	1.5220E+00	4.3126E-07
1700	1.5219E+00	4.4195E-07
1705	1.5219E+00	4.5263E-07
1710	1.5218E+00	4.6332E-07
1715	1.5218E+00	4.7401E-07
1720	1.5217E+00	4.8470E-07
1725	1.5217E+00	4.9539E-07
1730	1.5216E+00	5.0607E-07
1735	1.5215E+00	5.1676E-07
1740	1.5215E+00	5.2745E-07
1745	1.5214E+00	5.3814E-07
1750	1.5214E+00	5.4883E-07
1755	1.5213E+00	5.5951E-07
1760	1.5213E+00	5.7020E-07
1765	1.5212E+00	5.8089E-07
1770	1.5211E+00	5.9158E-07
1775	1.5211E+00	6.0227E-07
1780	1.5210E+00	6.1295E-07
1785	1.5210E+00	6.2364E-07
1790	1.5209E+00	6.3433E-07
1795	1.5208E+00	6.4502E-07
1800	1.5208E+00	6.5571E-07
1805	1.5207E+00	6.6639E-07
1810	1.5207E+00	6.7708E-07
1815	1.5206E+00	6.8777E-07
1820	1.5205E+00	6.9846E-07
1825	1.5205E+00	7.0915E-07
1830	1.5204E+00	7.1983E-07
1835	1.5204E+00	7.3052E-07
1840	1.5203E+00	7.4121E-07
1845	1.5202E+00	7.5190E-07
1850	1.5202E+00	7.6259E-07
1855	1.5201E+00	7.7327E-07
1860	1.5201E+00	7.8396E-07
1865	1.5200E+00	7.9465E-07
1870	1.5199E+00	8.0534E-07
1875	1.5199E+00	8.1603E-07
1880	1.5198E+00	8.2672E-07
1885	1.5198E+00	8.3740E-07
1890	1.5197E+00	8.4809E-07
1895	1.5196E+00	8.5878E-07
1900	1.5196E+00	8.6947E-07
1905	1.5195E+00	8.8016E-07
1910	1.5195E+00	8.9084E-07
1915	1.5194E+00	9.0153E-07
1920	1.5193E+00	9.1222E-07
1925	1.5193E+00	9.2291E-07
1930	1.5192E+00	9.3360E-07
1935	1.5191E+00	9.4428E-07
1940	1.5191E+00	9.5497E-07
1945	1.5190E+00	9.6566E-07
1950	1.5190E+00	9.7635E-07
1955	1.5189E+00	9.8704E-07
1960	1.5188E+00	9.9772E-07
1965	1.5188E+00	1.0084E-06
1970	1.5187E+00	1.0191E-06
1975	1.5186E+00	1.0529E-06
1980	1.5186E+00	1.0867E-06
1985	1.5185E+00	1.1205E-06
1990	1.5185E+00	1.1543E-06
1995	1.5184E+00	1.1881E-06
2000	1.5183E+00	1.2219E-06
2005	1.5183E+00	1.2557E-06
2010	1.5182E+00	1.2896E-06
2015	1.5181E+00	1.3234E-06
2020	1.5181E+00	1.3572E-06
2025	1.5180E+00	1.3910E-06
2030	1.5179E+00	1.4248E-06
2035	1.5179E+00	1.4586E-06
2040	1.5178E+00	1.4924E-06
2045	1.5177E+00	1.5262E-06
2050	1.5177E+00	1.5600E-06
2055	1.5176E+00	1.5938E-06
2060	1.5176E+00	1.6276E-06
2065	1.5175E+00	1.6614E-06
2070	1.5174E+00	1.6952E-06
2075	1.5174E+00	1.7290E-06
2080	1.5173E+00	1.7629E-06
2085	1.5172E+00	1.7967E-06
2090	1.5172E+00	1.8305E-06
2095	1.5171E+00	1.8643E-06
2100	1.5170E+00	1.8981E-06
2105	1.5170E+00	1.9319E-06
2110	1.5169E+00	1.9657E-06
2115	1.5168E+00	1.9995E-06
2120	1.5168E+00	2.0333E-06
2125	1.5167E+00	2.0671E-06
2130	1.5166E+00	2.1009E-06
2135	1.5166E+00	2.1347E-06
2140	1.5165E+00	2.1685E-06
2145	1.5164E+00	2.2023E-06
2150	1.5163E+00	2.2362E-06
2155	1.5163E+00	2.2700E-06
2160	1.5162E+00	2.3038E-06
2165	1.5161E+00	2.3376E-06
2170	1.5161E+00	2.3714E-06
2175	1.5160E+00	2.4052E-06
2180	1.5159E+00	2.4390E-06
2185	1.5159E+00	2.4728E-06
2190	1.5158E+00	2.5066E-06
2195	1.5157E+00	2.5404E-06
2200	1.5157E+00	2.5742E-06
2205	1.5156E+00	2.6080E-06
2210	1.5155E+00	2.6418E-06
2215	1.5155E+00	2.6756E-06
2220	1.5154E+00	2.7095E-06
2225	1.5153E+00	2.7433E-06
2230	1.5152E+00	2.7771E-06
2235	1.5152E+00	2.8109E-06
2240	1.5151E+00	2.8447E-06
2245	1.5150E+00	2.8785E-06
2250	1.5150E+00	2.9123E-06
2255	1.5149E+00	2.9461E-06
2260	1.5148E+00	2.9799E-06
2265	1.5147E+00	3.0137E-06
2270	1.5147E+00	3.0475E-06
2275	1.5146E+00	3.0813E-06
2280	1.5145E+00	3.1151E-06
2285	1.5145E+00	3.1489E-06
2290	1.5144E+00	3.1828E-06
2295	1.5143E+00	3.2166E-06
2300	1.5142E+00	3.2504E-06
2305	1.5142E+00	3.2842E-06
2310	1.5141E+00	3.3180E-06
2315	1.5140E+00	3.3518E-06
2320	1.5139E+00	3.3856E-06
2325	1.5139E+00	3.4194E-06
2330	1.5138E+00	3.4793E-06
2335	1.5137E+00	3.5392E-06
2340	1.5137E+00	3.5991E-06
2345	1.5136E+00	3.6590E-06
2350	1.5135E+00	3.7189E-06
2355	1.5134E+00	3.7788E-06
2360	1.5134E+00	3.8387E-06
2365	1.5133E+00	3.8986E-06
2370	1.5132E+00	3.9585E-06
2375	1.5131E+00	4.0184E-06
2380	1.5131E+00	4.0783E-06
2385	1.5130E+00	4.1382E-06
2390	1.5129E+00	4.1981E-06
2395	1.5128E+00	4.2580E-06
2400	1.5128E+00	4.3179E-06
2405	1.5127E+00	4.3778E-06
2410	1.5126E+00	4.4377E-06
2415	1.5125E+00	4.4976E-06
2420	1.5124E+00	4.5575E-06
2425	1.5124E+00	4.6174E-06
2430	1.5123E+00	4.6773E-06
2435	1.5122E+00	4.7372E-06
2440	1.5121E+00	4.7971E-06
2445	1.5121E+00	4.8570E-06
2450	1.5120E+00	4.9169E-06
2455	1.5119E+00	4.9768E-06
2460	1.5118E+00	5.0367E-06
2465	1.5118E+00	5.0966E-06
2470	1.5117E+00	5.1565E-06
2475	1.5116E+00	5.2164E-06
2480	1.5115E+00	5.2763E-06
2485	1.5114E+00	5.3362E-06
2490	1.5114E+00	5.3961E-06
2495	1.5113E+00	5.4560E-06
2500	1.5112E+00	5.5159E-06
