200	1	7.15E-06
201	1	7.15E-06
202	1	7.15E-06
203	1	7.15E-06
204	1	7.15E-06
205	1	7.15E-06
206	1	7.15E-06
207	1	7.15E-06
208	1	7.15E-06
209	1	7.15E-06
210	1	7.15E-06
211	1	7.15E-06
212	1	7.15E-06
213	1	7.15E-06
214	1	7.15E-06
215	1	7.15E-06
216	1	7.15E-06
217	1	7.15E-06
218	1	7.15E-06
219	1	7.15E-06
220	1	7.15E-06
221	1	7.15E-06
222	1	7.15E-06
223	1	7.15E-06
224	1	7.15E-06
225	1	7.15E-06
226	1	7.15E-06
227	1	7.15E-06
228	1	7.15E-06
229	1	7.15E-06
230	1	7.15E-06
231	1	7.15E-06
232	1	7.15E-06
233	1	7.15E-06
234	1	7.15E-06
235	1	7.15E-06
236	1	7.15E-06
237	1	7.15E-06
238	1	7.15E-06
239	1	7.15E-06
240	1	7.15E-06
241	1	7.15E-06
242	1	7.15E-06
243	1	7.15E-06
244	1	7.15E-06
245	1	7.15E-06
246	1	7.15E-06
247	1	7.15E-06
248	1	7.15E-06
249	1	7.15E-06
250	1	7.15E-06
251	1	7.15E-06
252	1	7.15E-06
253	1	7.15E-06
254	1	7.15E-06
255	1	7.15E-06
256	1	7.15E-06
257	1	7.15E-06
258	1	7.15E-06
259	1	7.15E-06
260	1	7.15E-06
261	1	7.15E-06
262	1	7.15E-06
263	1	7.15E-06
264	1	7.15E-06
265	1	7.15E-06
266	1	7.15E-06
267	1	7.15E-06
268	1	7.15E-06
269	1	7.15E-06
270	1	7.15E-06
271	1	7.15E-06
272	1	7.15E-06
273	1	7.15E-06
274	1	7.15E-06
275	1	7.15E-06
276	1	7.15E-06
277	1	7.15E-06
278	1	7.15E-06
279	1	7.15E-06
280	1	7.15E-06
281	1	7.15E-06
282	1	7.15E-06
283	1	7.15E-06
284	1	7.15E-06
285	1	7.15E-06
286	1	7.15E-06
287	1	7.15E-06
288	1	7.15E-06
289	1	7.15E-06
290	1	7.15E-06
291	1	7.15E-06
292	1	7.15E-06
293	1	7.15E-06
294	1	7.15E-06
295	1	7.15E-06
296	1	7.15E-06
297	1	7.15E-06
298	1	7.15E-06
299	1	7.15E-06
300	1	7.15E-06
301	1	6.78E-06
302	1	6.41E-06
303	1	6.03E-06
304	1	5.66E-06
305	1	5.29E-06
306	1	4.91E-06
307	1	4.54E-06
308	1	4.17E-06
309	1	3.79E-06
310	1	3.42E-06
311	1	3.24E-06
312	1	3.07E-06
313	1	2.89E-06
314	1	2.72E-06
315	1	2.54E-06
316	1	2.37E-06
317	1	2.19E-06
318	1	2.02E-06
319	1	1.84E-06
320	1	1.67E-06
321	1	1.59E-06
322	1	1.52E-06
323	1	1.45E-06
324	1	1.38E-06
325	1	1.31E-06
326	1	1.23E-06
327	1	1.16E-06
328	1	1.09E-06
329	1	1.02E-06
330	1	9.47E-07
331	1	8.85E-07
332	1	8.22E-07
333	1	7.59E-07
334	1	6.96E-07
335	1	6.34E-07
336	1	6.07E-07
337	1	5.80E-07
338	1	5.53E-07
339	1	5.27E-07
340	1	5.00E-07
341	1	4.73E-07
342	1	4.46E-07
343	1	4.20E-07
344	1	3.93E-07
345	1	3.66E-07
346	1	3.39E-07
347	1	3.13E-07
348	1	2.86E-07
349	1	2.59E-07
350	1	2.32E-07
351	1	2.22E-07
352	1	2.13E-07
353	1	2.03E-07
354	1	1.93E-07
355	1	1.83E-07
356	1	1.74E-07
357	1	1.64E-07
358	1	1.54E-07
359	1	1.44E-07
360	1	1.34E-07
361	1	1.25E-07
362	1	1.15E-07
363	1	1.05E-07
364	1	9.53E-08
365	1	8.55E-08
366	1	8.21E-08
367	1	7.87E-08
368	1	7.53E-08
369	1	7.19E-08
370	1	6.85E-08
371	1	6.68E-08
372	1	6.52E-08
373	1	6.35E-08
374	1	6.18E-08
375	1	6.02E-08
376	1	5.85E-08
377	1	5.68E-08
378	1	5.52E-08
379	1	5.35E-08
380	1	5.18E-08
381	1	5.01E-08
382	1	4.83E-08
383	1	4.66E-08
384	1	4.48E-08
385	1	4.31E-08
386	1	4.13E-08
387	1	3.96E-08
388	1	3.78E-08
389	1	3.61E-08
390	1	3.43E-08
391	1	3.35E-08
392	1	3.26E-08
393	1	3.17E-08
394	1	3.08E-08
395	1	2.99E-08
396	1	2.91E-08
397	1	2.82E-08
398	1	2.73E-08
399	1	2.64E-08
400	1	2.56E-08
401	1	2.50E-08
402	1	2.44E-08
403	1	2.38E-08
404	1	2.32E-08
405	1	2.26E-08
406	1	2.27E-08
407	1	2.28E-08
408	1	2.28E-08
409	1	2.29E-08
410	1	2.29E-08
411	1	2.30E-08
412	1	2.30E-08
413	1	2.31E-08
414	1	2.31E-08
415	1	2.32E-08
416	1	2.33E-08
417	1	2.33E-08
418	1	2.34E-08
419	1	2.34E-08
420	1	2.35E-08
421	1	2.38E-08
422	1	2.40E-08
423	1	2.43E-08
424	1	2.46E-08
425	1	2.48E-08
426	1	2.51E-08
427	1	2.54E-08
428	1	2.57E-08
429	1	2.59E-08
430	1	2.62E-08
431	1	2.65E-08
432	1	2.68E-08
433	1	2.70E-08
434	1	2.73E-08
435	1	2.76E-08
436	1	2.76E-08
437	1	2.76E-08
438	1	2.75E-08
439	1	2.75E-08
440	1	2.75E-08
441	1	2.74E-08
442	1	2.73E-08
443	1	2.72E-08
444	1	2.71E-08
445	1	2.71E-08
446	1	2.70E-08
447	1	2.69E-08
448	1	2.68E-08
449	1	2.67E-08
450	1	2.66E-08
451	1	2.65E-08
452	1	2.64E-08
453	1	2.63E-08
454	1	2.63E-08
455	1	2.62E-08
456	1	2.61E-08
457	1	2.60E-08
458	1	2.59E-08
459	1	2.58E-08
460	1	2.57E-08
461	1	2.57E-08
462	1	2.56E-08
463	1	2.56E-08
464	1	2.55E-08
465	1	2.55E-08
466	1	2.54E-08
467	1	2.54E-08
468	1	2.54E-08
469	1	2.53E-08
470	1	2.53E-08
471	1	2.52E-08
472	1	2.52E-08
473	1	2.51E-08
474	1	2.51E-08
475	1	2.51E-08
476	1	2.50E-08
477	1	2.50E-08
478	1	2.49E-08
479	1	2.49E-08
480	1	2.48E-08
481	1	2.48E-08
482	1	2.47E-08
483	1	2.47E-08
484	1	2.47E-08
485	1	2.46E-08
486	1	2.46E-08
487	1	2.45E-08
488	1	2.45E-08
489	1	2.44E-08
490	1	2.44E-08
491	1	2.43E-08
492	1	2.43E-08
493	1	2.43E-08
494	1	2.42E-08
495	1	2.42E-08
496	1	2.41E-08
497	1	2.41E-08
498	1	2.40E-08
499	1	2.40E-08
500	1	2.39E-08
501	1	2.38E-08
502	1	2.37E-08
503	1	2.35E-08
504	1	2.34E-08
505	1	2.32E-08
506	1	2.31E-08
507	1	2.30E-08
508	1	2.28E-08
509	1	2.27E-08
510	1	2.25E-08
511	1	2.24E-08
512	1	2.22E-08
513	1	2.21E-08
514	1	2.20E-08
515	1	2.18E-08
516	1	2.17E-08
517	1	2.15E-08
518	1	2.14E-08
519	1	2.12E-08
520	1	2.11E-08
521	1	2.10E-08
522	1	2.08E-08
523	1	2.07E-08
524	1	2.05E-08
525	1	2.04E-08
526	1	2.03E-08
527	1	2.01E-08
528	1	2.00E-08
529	1	1.98E-08
530	1	1.97E-08
531	1	1.95E-08
532	1	1.94E-08
533	1	1.93E-08
534	1	1.91E-08
535	1	1.90E-08
536	1	1.88E-08
537	1	1.87E-08
538	1	1.86E-08
539	1	1.84E-08
540	1	1.83E-08
541	1	1.81E-08
542	1	1.80E-08
543	1	1.78E-08
544	1	1.77E-08
545	1	1.76E-08
546	1	1.77E-08
547	1	1.78E-08
548	1	1.79E-08
549	1	1.80E-08
550	1	1.81E-08
551	1	1.83E-08
552	1	1.84E-08
553	1	1.86E-08
554	1	1.88E-08
555	1	1.89E-08
556	1	1.91E-08
557	1	1.93E-08
558	1	1.94E-08
559	1	1.96E-08
560	1	1.98E-08
561	1	1.99E-08
562	1	2.01E-08
563	1	2.03E-08
564	1	2.04E-08
565	1	2.06E-08
566	1	2.08E-08
567	1	2.09E-08
568	1	2.11E-08
569	1	2.13E-08
570	1	2.15E-08
571	1	2.16E-08
572	1	2.18E-08
573	1	2.20E-08
574	1	2.21E-08
575	1	2.23E-08
576	1	2.25E-08
577	1	2.26E-08
578	1	2.28E-08
579	1	2.30E-08
580	1	2.31E-08
581	1	2.33E-08
582	1	2.35E-08
583	1	2.36E-08
584	1	2.38E-08
585	1	2.40E-08
586	1	2.41E-08
587	1	2.43E-08
588	1	2.44E-08
589	1	2.46E-08
590	1	2.48E-08
591	1	2.49E-08
592	1	2.51E-08
593	1	2.53E-08
594	1	2.54E-08
595	1	2.56E-08
596	1	2.58E-08
597	1	2.59E-08
598	1	2.61E-08
599	1	2.62E-08
600	1	2.64E-08
601	1	2.66E-08
602	1	2.67E-08
603	1	2.69E-08
604	1	2.71E-08
605	1	2.72E-08
606	1	2.74E-08
607	1	2.76E-08
608	1	2.77E-08
609	1	2.79E-08
610	1	2.81E-08
611	1	2.82E-08
612	1	2.84E-08
613	1	2.85E-08
614	1	2.87E-08
615	1	2.89E-08
616	1	2.90E-08
617	1	2.92E-08
618	1	2.94E-08
619	1	2.95E-08
620	1	2.97E-08
621	1	2.97E-08
622	1	2.98E-08
623	1	2.98E-08
624	1	2.99E-08
625	1	2.99E-08
626	1	3.00E-08
627	1	3.00E-08
628	1	3.01E-08
629	1	3.01E-08
630	1	3.02E-08
631	1	3.02E-08
632	1	3.03E-08
633	1	3.03E-08
634	1	3.04E-08
635	1	3.04E-08
636	1	3.05E-08
637	1	3.05E-08
638	1	3.06E-08
639	1	3.06E-08
640	1	3.07E-08
641	1	3.07E-08
642	1	3.07E-08
643	1	3.08E-08
644	1	3.08E-08
645	1	3.09E-08
646	1	3.09E-08
647	1	3.10E-08
648	1	3.10E-08
649	1	3.11E-08
650	1	3.11E-08
651	1	3.12E-08
652	1	3.12E-08
653	1	3.13E-08
654	1	3.13E-08
655	1	3.14E-08
656	1	3.14E-08
657	1	3.15E-08
658	1	3.15E-08
659	1	3.16E-08
660	1	3.16E-08
661	1	3.14E-08
662	1	3.11E-08
663	1	3.09E-08
664	1	3.07E-08
665	1	3.04E-08
666	1	3.02E-08
667	1	3.00E-08
668	1	2.98E-08
669	1	2.95E-08
670	1	2.93E-08
671	1	2.91E-08
672	1	2.88E-08
673	1	2.86E-08
674	1	2.84E-08
675	1	2.81E-08
676	1	2.79E-08
677	1	2.77E-08
678	1	2.74E-08
679	1	2.72E-08
680	1	2.70E-08
681	1	2.67E-08
682	1	2.65E-08
683	1	2.63E-08
684	1	2.60E-08
685	1	2.58E-08
686	1	2.56E-08
687	1	2.53E-08
688	1	2.51E-08
689	1	2.49E-08
690	1	2.46E-08
691	1	2.44E-08
692	1	2.42E-08
693	1	2.40E-08
694	1	2.37E-08
695	1	2.35E-08
696	1	2.33E-08
697	1	2.30E-08
698	1	2.28E-08
699	1	2.26E-08
700	1	2.23E-08
701	1	2.23E-08
702	1	2.23E-08
703	1	2.24E-08
704	1	2.24E-08
705	1	2.24E-08
706	1	2.24E-08
707	1	2.24E-08
708	1	2.24E-08
709	1	2.24E-08
710	1	2.24E-08
711	1	2.24E-08
712	1	2.24E-08
713	1	2.24E-08
714	1	2.24E-08
715	1	2.25E-08
716	1	2.25E-08
717	1	2.25E-08
718	1	2.25E-08
719	1	2.25E-08
720	1	2.25E-08
721	1	2.25E-08
722	1	2.25E-08
723	1	2.25E-08
724	1	2.25E-08
725	1	2.25E-08
726	1	2.25E-08
727	1	2.26E-08
728	1	2.26E-08
729	1	2.26E-08
730	1	2.26E-08
731	1	2.26E-08
732	1	2.26E-08
733	1	2.26E-08
734	1	2.26E-08
735	1	2.26E-08
736	1	2.26E-08
737	1	2.26E-08
738	1	2.26E-08
739	1	2.27E-08
740	1	2.27E-08
741	1	2.27E-08
742	1	2.27E-08
743	1	2.27E-08
744	1	2.27E-08
745	1	2.27E-08
746	1	2.27E-08
747	1	2.27E-08
748	1	2.27E-08
749	1	2.27E-08
750	1	2.27E-08
751	1	2.28E-08
752	1	2.28E-08
753	1	2.28E-08
754	1	2.28E-08
755	1	2.28E-08
756	1	2.28E-08
757	1	2.28E-08
758	1	2.28E-08
759	1	2.28E-08
760	1	2.28E-08
761	1	2.28E-08
762	1	2.28E-08
763	1	2.29E-08
764	1	2.29E-08
765	1	2.29E-08
766	1	2.29E-08
767	1	2.29E-08
768	1	2.29E-08
769	1	2.29E-08
770	1	2.29E-08
771	1	2.29E-08
772	1	2.29E-08
773	1	2.29E-08
774	1	2.29E-08
775	1	2.30E-08
776	1	2.30E-08
777	1	2.30E-08
778	1	2.30E-08
779	1	2.30E-08
780	1	2.30E-08
781	1	2.30E-08
782	1	2.30E-08
783	1	2.30E-08
784	1	2.30E-08
785	1	2.30E-08
786	1	2.30E-08
787	1	2.31E-08
788	1	2.31E-08
789	1	2.31E-08
790	1	2.31E-08
791	1	2.31E-08
792	1	2.31E-08
793	1	2.31E-08
794	1	2.31E-08
795	1	2.31E-08
796	1	2.31E-08
797	1	2.31E-08
798	1	2.31E-08
799	1	2.32E-08
800	1	2.32E-08
801	1	2.32E-08
802	1	2.32E-08
803	1	2.32E-08
804	1	2.32E-08
805	1	2.32E-08
806	1	2.32E-08
807	1	2.32E-08
808	1	2.32E-08
809	1	2.32E-08
810	1	2.32E-08
811	1	2.33E-08
812	1	2.33E-08
813	1	2.33E-08
814	1	2.33E-08
815	1	2.33E-08
816	1	2.33E-08
817	1	2.33E-08
818	1	2.33E-08
819	1	2.33E-08
820	1	2.33E-08
821	1	2.33E-08
822	1	2.33E-08
823	1	2.34E-08
824	1	2.34E-08
825	1	2.34E-08
826	1	2.34E-08
827	1	2.34E-08
828	1	2.34E-08
829	1	2.34E-08
830	1	2.34E-08
831	1	2.34E-08
832	1	2.34E-08
833	1	2.34E-08
834	1	2.34E-08
835	1	2.35E-08
836	1	2.35E-08
837	1	2.35E-08
838	1	2.35E-08
839	1	2.35E-08
840	1	2.35E-08
841	1	2.35E-08
842	1	2.35E-08
843	1	2.35E-08
844	1	2.35E-08
845	1	2.35E-08
846	1	2.36E-08
847	1	2.36E-08
848	1	2.36E-08
849	1	2.36E-08
850	1	2.36E-08
851	1	2.36E-08
852	1	2.36E-08
853	1	2.36E-08
854	1	2.36E-08
855	1	2.36E-08
856	1	2.36E-08
857	1	2.36E-08
858	1	2.37E-08
859	1	2.37E-08
860	1	2.37E-08
861	1	2.37E-08
862	1	2.37E-08
863	1	2.37E-08
864	1	2.37E-08
865	1	2.37E-08
866	1	2.37E-08
867	1	2.37E-08
868	1	2.37E-08
869	1	2.37E-08
870	1	2.38E-08
871	1	2.38E-08
872	1	2.38E-08
873	1	2.38E-08
874	1	2.38E-08
875	1	2.38E-08
876	1	2.38E-08
877	1	2.38E-08
878	1	2.38E-08
879	1	2.38E-08
880	1	2.38E-08
881	1	2.38E-08
882	1	2.39E-08
883	1	2.39E-08
884	1	2.39E-08
885	1	2.39E-08
886	1	2.39E-08
887	1	2.39E-08
888	1	2.39E-08
889	1	2.39E-08
890	1	2.39E-08
891	1	2.39E-08
892	1	2.39E-08
893	1	2.39E-08
894	1	2.40E-08
895	1	2.40E-08
896	1	2.40E-08
897	1	2.40E-08
898	1	2.40E-08
899	1	2.40E-08
900	1	2.40E-08
901	1	2.40E-08
902	1	2.40E-08
903	1	2.40E-08
904	1	2.40E-08
905	1	2.40E-08
906	1	2.41E-08
907	1	2.41E-08
908	1	2.41E-08
909	1	2.41E-08
910	1	2.41E-08
911	1	2.41E-08
912	1	2.41E-08
913	1	2.41E-08
914	1	2.41E-08
915	1	2.41E-08
916	1	2.41E-08
917	1	2.41E-08
918	1	2.42E-08
919	1	2.42E-08
920	1	2.42E-08
921	1	2.42E-08
922	1	2.42E-08
923	1	2.42E-08
924	1	2.42E-08
925	1	2.42E-08
926	1	2.42E-08
927	1	2.42E-08
928	1	2.42E-08
929	1	2.42E-08
930	1	2.43E-08
931	1	2.43E-08
932	1	2.43E-08
933	1	2.43E-08
934	1	2.43E-08
935	1	2.43E-08
936	1	2.43E-08
937	1	2.43E-08
938	1	2.43E-08
939	1	2.43E-08
940	1	2.43E-08
941	1	2.43E-08
942	1	2.44E-08
943	1	2.44E-08
944	1	2.44E-08
945	1	2.44E-08
946	1	2.44E-08
947	1	2.44E-08
948	1	2.44E-08
949	1	2.44E-08
950	1	2.44E-08
951	1	2.44E-08
952	1	2.44E-08
953	1	2.44E-08
954	1	2.45E-08
955	1	2.45E-08
956	1	2.45E-08
957	1	2.45E-08
958	1	2.45E-08
959	1	2.45E-08
960	1	2.45E-08
961	1	2.45E-08
962	1	2.45E-08
963	1	2.45E-08
964	1	2.45E-08
965	1	2.45E-08
966	1	2.46E-08
967	1	2.46E-08
968	1	2.46E-08
969	1	2.46E-08
970	1	2.46E-08
971	1	2.46E-08
972	1	2.46E-08
973	1	2.46E-08
974	1	2.46E-08
975	1	2.46E-08
976	1	2.46E-08
977	1	2.46E-08
978	1	2.47E-08
979	1	2.47E-08
980	1	2.47E-08
981	1	2.47E-08
982	1	2.47E-08
983	1	2.47E-08
984	1	2.47E-08
985	1	2.47E-08
986	1	2.47E-08
987	1	2.47E-08
988	1	2.47E-08
989	1	2.47E-08
990	1	2.48E-08
991	1	2.48E-08
992	1	2.48E-08
993	1	2.48E-08
994	1	2.48E-08
995	1	2.48E-08
996	1	2.48E-08
997	1	2.48E-08
998	1	2.48E-08
999	1	2.48E-08
1000	1	2.48E-08
1001	1	2.48E-08
1002	1	2.49E-08
1003	1	2.49E-08
1004	1	2.49E-08
1005	1	2.49E-08
1006	1	2.49E-08
1007	1	2.49E-08
1008	1	2.49E-08
1009	1	2.49E-08
1010	1	2.49E-08
1011	1	2.49E-08
1012	1	2.49E-08
1013	1	2.50E-08
1014	1	2.50E-08
1015	1	2.50E-08
1016	1	2.50E-08
1017	1	2.50E-08
1018	1	2.50E-08
1019	1	2.50E-08
1020	1	2.50E-08
1021	1	2.50E-08
1022	1	2.50E-08
1023	1	2.50E-08
1024	1	2.50E-08
1025	1	2.51E-08
1026	1	2.51E-08
1027	1	2.51E-08
1028	1	2.51E-08
1029	1	2.51E-08
1030	1	2.51E-08
1031	1	2.51E-08
1032	1	2.51E-08
1033	1	2.51E-08
1034	1	2.51E-08
1035	1	2.51E-08
1036	1	2.51E-08
1037	1	2.52E-08
1038	1	2.52E-08
1039	1	2.52E-08
1040	1	2.52E-08
1041	1	2.52E-08
1042	1	2.52E-08
1043	1	2.52E-08
1044	1	2.52E-08
1045	1	2.52E-08
1046	1	2.52E-08
1047	1	2.52E-08
1048	1	2.52E-08
1049	1	2.53E-08
1050	1	2.53E-08
1051	1	2.53E-08
1052	1	2.53E-08
1053	1	2.53E-08
1054	1	2.53E-08
1055	1	2.53E-08
1056	1	2.53E-08
1057	1	2.53E-08
1058	1	2.53E-08
1059	1	2.53E-08
1060	1	2.53E-08
1061	1	2.58E-08
1062	1	2.63E-08
1063	1	2.68E-08
1064	1	2.72E-08
1065	1	2.77E-08
1066	1	2.82E-08
1067	1	2.86E-08
1068	1	2.91E-08
1069	1	2.96E-08
1070	1	3.00E-08
1071	1	3.05E-08
1072	1	3.10E-08
1073	1	3.14E-08
1074	1	3.19E-08
1075	1	3.24E-08
1076	1	3.29E-08
1077	1	3.33E-08
1078	1	3.38E-08
1079	1	3.43E-08
1080	1	3.47E-08
1081	1	3.52E-08
1082	1	3.57E-08
1083	1	3.61E-08
1084	1	3.66E-08
1085	1	3.71E-08
1086	1	3.75E-08
1087	1	3.80E-08
1088	1	3.85E-08
1089	1	3.90E-08
1090	1	3.94E-08
1091	1	3.99E-08
1092	1	4.04E-08
1093	1	4.08E-08
1094	1	4.13E-08
1095	1	4.18E-08
1096	1	4.22E-08
1097	1	4.27E-08
1098	1	4.32E-08
1099	1	4.37E-08
1100	1	4.41E-08
1101	1	4.46E-08
1102	1	4.51E-08
1103	1	4.55E-08
1104	1	4.60E-08
1105	1	4.65E-08
1106	1	4.69E-08
1107	1	4.74E-08
1108	1	4.79E-08
1109	1	4.83E-08
1110	1	4.88E-08
1111	1	4.93E-08
1112	1	4.98E-08
1113	1	5.02E-08
1114	1	5.07E-08
1115	1	5.12E-08
1116	1	5.16E-08
1117	1	5.21E-08
1118	1	5.26E-08
1119	1	5.30E-08
1120	1	5.35E-08
1121	1	5.40E-08
1122	1	5.44E-08
1123	1	5.49E-08
1124	1	5.54E-08
1125	1	5.59E-08
1126	1	5.63E-08
1127	1	5.68E-08
1128	1	5.73E-08
1129	1	5.77E-08
1130	1	5.82E-08
1131	1	5.87E-08
1132	1	5.91E-08
1133	1	5.96E-08
1134	1	6.01E-08
1135	1	6.06E-08
1136	1	6.10E-08
1137	1	6.15E-08
1138	1	6.20E-08
1139	1	6.24E-08
1140	1	6.29E-08
1141	1	6.34E-08
1142	1	6.38E-08
1143	1	6.43E-08
1144	1	6.48E-08
1145	1	6.52E-08
1146	1	6.57E-08
1147	1	6.62E-08
1148	1	6.67E-08
1149	1	6.71E-08
1150	1	6.76E-08
1151	1	6.81E-08
1152	1	6.85E-08
1153	1	6.90E-08
1154	1	6.95E-08
1155	1	6.99E-08
1156	1	7.04E-08
1157	1	7.09E-08
1158	1	7.13E-08
1159	1	7.18E-08
1160	1	7.23E-08
1161	1	7.28E-08
1162	1	7.32E-08
1163	1	7.37E-08
1164	1	7.42E-08
1165	1	7.46E-08
1166	1	7.51E-08
1167	1	7.56E-08
1168	1	7.60E-08
1169	1	7.65E-08
1170	1	7.70E-08
1171	1	7.75E-08
1172	1	7.79E-08
1173	1	7.84E-08
1174	1	7.89E-08
1175	1	7.93E-08
1176	1	7.98E-08
1177	1	8.03E-08
1178	1	8.07E-08
1179	1	8.12E-08
1180	1	8.17E-08
1181	1	8.21E-08
1182	1	8.26E-08
1183	1	8.31E-08
1184	1	8.36E-08
1185	1	8.40E-08
1186	1	8.45E-08
1187	1	8.50E-08
1188	1	8.54E-08
1189	1	8.59E-08
1190	1	8.64E-08
1191	1	8.68E-08
1192	1	8.73E-08
1193	1	8.78E-08
1194	1	8.82E-08
1195	1	8.87E-08
1196	1	8.92E-08
1197	1	8.97E-08
1198	1	9.01E-08
1199	1	9.06E-08
1200	1	9.11E-08
1201	1	9.15E-08
1202	1	9.20E-08
1203	1	9.25E-08
1204	1	9.29E-08
1205	1	9.34E-08
1206	1	9.39E-08
1207	1	9.44E-08
1208	1	9.48E-08
1209	1	9.53E-08
1210	1	9.58E-08
1211	1	9.62E-08
1212	1	9.67E-08
1213	1	9.72E-08
1214	1	9.76E-08
1215	1	9.81E-08
1216	1	9.86E-08
1217	1	9.90E-08
1218	1	9.95E-08
1219	1	1.00E-07
1220	1	1.00E-07
1221	1	1.01E-07
1222	1	1.01E-07
1223	1	1.02E-07
1224	1	1.02E-07
1225	1	1.03E-07
1226	1	1.03E-07
1227	1	1.04E-07
1228	1	1.04E-07
1229	1	1.05E-07
1230	1	1.05E-07
1231	1	1.06E-07
1232	1	1.06E-07
1233	1	1.07E-07
1234	1	1.07E-07
1235	1	1.07E-07
1236	1	1.08E-07
1237	1	1.08E-07
1238	1	1.09E-07
1239	1	1.09E-07
1240	1	1.10E-07
1241	1	1.10E-07
1242	1	1.11E-07
1243	1	1.11E-07
1244	1	1.12E-07
1245	1	1.12E-07
1246	1	1.13E-07
1247	1	1.13E-07
1248	1	1.14E-07
1249	1	1.14E-07
1250	1	1.15E-07
1251	1	1.15E-07
1252	1	1.15E-07
1253	1	1.16E-07
1254	1	1.16E-07
1255	1	1.17E-07
1256	1	1.17E-07
1257	1	1.18E-07
1258	1	1.18E-07
1259	1	1.19E-07
1260	1	1.19E-07
1261	1	1.20E-07
1262	1	1.20E-07
1263	1	1.21E-07
1264	1	1.21E-07
1265	1	1.22E-07
1266	1	1.22E-07
1267	1	1.23E-07
1268	1	1.23E-07
1269	1	1.23E-07
1270	1	1.24E-07
1271	1	1.24E-07
1272	1	1.25E-07
1273	1	1.25E-07
1274	1	1.26E-07
1275	1	1.26E-07
1276	1	1.27E-07
1277	1	1.27E-07
1278	1	1.28E-07
1279	1	1.28E-07
1280	1	1.29E-07
1281	1	1.29E-07
1282	1	1.30E-07
1283	1	1.30E-07
1284	1	1.31E-07
1285	1	1.31E-07
1286	1	1.31E-07
1287	1	1.32E-07
1288	1	1.32E-07
1289	1	1.33E-07
1290	1	1.33E-07
1291	1	1.34E-07
1292	1	1.34E-07
1293	1	1.35E-07
1294	1	1.35E-07
1295	1	1.36E-07
1296	1	1.36E-07
1297	1	1.37E-07
1298	1	1.37E-07
1299	1	1.38E-07
1300	1	1.38E-07
1301	1	1.38E-07
1302	1	1.39E-07
1303	1	1.39E-07
1304	1	1.40E-07
1305	1	1.40E-07
1306	1	1.41E-07
1307	1	1.41E-07
1308	1	1.42E-07
1309	1	1.42E-07
1310	1	1.43E-07
1311	1	1.43E-07
1312	1	1.44E-07
1313	1	1.44E-07
1314	1	1.45E-07
1315	1	1.45E-07
1316	1	1.46E-07
1317	1	1.46E-07
1318	1	1.46E-07
1319	1	1.47E-07
1320	1	1.47E-07
1321	1	1.48E-07
1322	1	1.48E-07
1323	1	1.49E-07
1324	1	1.49E-07
1325	1	1.50E-07
1326	1	1.50E-07
1327	1	1.51E-07
1328	1	1.51E-07
1329	1	1.52E-07
1330	1	1.52E-07
1331	1	1.53E-07
1332	1	1.53E-07
1333	1	1.53E-07
1334	1	1.54E-07
1335	1	1.54E-07
1336	1	1.55E-07
1337	1	1.55E-07
1338	1	1.56E-07
1339	1	1.56E-07
1340	1	1.57E-07
1341	1	1.57E-07
1342	1	1.58E-07
1343	1	1.58E-07
1344	1	1.59E-07
1345	1	1.59E-07
1346	1	1.60E-07
1347	1	1.60E-07
1348	1	1.61E-07
1349	1	1.61E-07
1350	1	1.61E-07
1351	1	1.62E-07
1352	1	1.62E-07
1353	1	1.63E-07
1354	1	1.63E-07
1355	1	1.64E-07
1356	1	1.64E-07
1357	1	1.65E-07
1358	1	1.65E-07
1359	1	1.66E-07
1360	1	1.66E-07
1361	1	1.67E-07
1362	1	1.67E-07
1363	1	1.68E-07
1364	1	1.68E-07
1365	1	1.69E-07
1366	1	1.69E-07
1367	1	1.69E-07
1368	1	1.70E-07
1369	1	1.70E-07
1370	1	1.71E-07
1371	1	1.71E-07
1372	1	1.72E-07
1373	1	1.72E-07
1374	1	1.73E-07
1375	1	1.73E-07
1376	1	1.74E-07
1377	1	1.74E-07
1378	1	1.75E-07
1379	1	1.75E-07
1380	1	1.76E-07
1381	1	1.76E-07
1382	1	1.77E-07
1383	1	1.77E-07
1384	1	1.77E-07
1385	1	1.78E-07
1386	1	1.78E-07
1387	1	1.79E-07
1388	1	1.79E-07
1389	1	1.80E-07
1390	1	1.80E-07
1391	1	1.81E-07
1392	1	1.81E-07
1393	1	1.82E-07
1394	1	1.82E-07
1395	1	1.83E-07
1396	1	1.83E-07
1397	1	1.84E-07
1398	1	1.84E-07
1399	1	1.84E-07
1400	1	1.85E-07
1401	1	1.85E-07
1402	1	1.86E-07
1403	1	1.86E-07
1404	1	1.87E-07
1405	1	1.87E-07
1406	1	1.88E-07
1407	1	1.88E-07
1408	1	1.89E-07
1409	1	1.89E-07
1410	1	1.90E-07
1411	1	1.90E-07
1412	1	1.91E-07
1413	1	1.91E-07
1414	1	1.92E-07
1415	1	1.92E-07
1416	1	1.92E-07
1417	1	1.93E-07
1418	1	1.93E-07
1419	1	1.94E-07
1420	1	1.94E-07
1421	1	1.95E-07
1422	1	1.95E-07
1423	1	1.96E-07
1424	1	1.96E-07
1425	1	1.97E-07
1426	1	1.97E-07
1427	1	1.98E-07
1428	1	1.98E-07
1429	1	1.99E-07
1430	1	1.99E-07
1431	1	2.00E-07
1432	1	2.00E-07
1433	1	2.00E-07
1434	1	2.01E-07
1435	1	2.01E-07
1436	1	2.02E-07
1437	1	2.02E-07
1438	1	2.03E-07
1439	1	2.03E-07
1440	1	2.04E-07
1441	1	2.04E-07
1442	1	2.05E-07
1443	1	2.05E-07
1444	1	2.06E-07
1445	1	2.06E-07
1446	1	2.07E-07
1447	1	2.07E-07
1448	1	2.07E-07
1449	1	2.08E-07
1450	1	2.08E-07
1451	1	2.09E-07
1452	1	2.09E-07
1453	1	2.10E-07
1454	1	2.10E-07
1455	1	2.11E-07
1456	1	2.11E-07
1457	1	2.12E-07
1458	1	2.12E-07
1459	1	2.13E-07
1460	1	2.13E-07
1461	1	2.14E-07
1462	1	2.14E-07
1463	1	2.15E-07
1464	1	2.15E-07
1465	1	2.15E-07
1466	1	2.16E-07
1467	1	2.16E-07
1468	1	2.17E-07
1469	1	2.17E-07
1470	1	2.18E-07
1471	1	2.18E-07
1472	1	2.19E-07
1473	1	2.19E-07
1474	1	2.20E-07
1475	1	2.20E-07
1476	1	2.21E-07
1477	1	2.21E-07
1478	1	2.22E-07
1479	1	2.22E-07
1480	1	2.23E-07
1481	1	2.23E-07
1482	1	2.23E-07
1483	1	2.24E-07
1484	1	2.24E-07
1485	1	2.25E-07
1486	1	2.25E-07
1487	1	2.26E-07
1488	1	2.26E-07
1489	1	2.27E-07
1490	1	2.27E-07
1491	1	2.28E-07
1492	1	2.28E-07
1493	1	2.29E-07
1494	1	2.29E-07
1495	1	2.30E-07
1496	1	2.30E-07
1497	1	2.30E-07
1498	1	2.31E-07
1499	1	2.31E-07
1500	1	2.32E-07
1501	1	2.32E-07
1502	1	2.33E-07
1503	1	2.33E-07
1504	1	2.34E-07
1505	1	2.34E-07
1506	1	2.35E-07
1507	1	2.35E-07
1508	1	2.36E-07
1509	1	2.36E-07
1510	1	2.37E-07
1511	1	2.37E-07
1512	1	2.38E-07
1513	1	2.38E-07
1514	1	2.38E-07
1515	1	2.39E-07
1516	1	2.39E-07
1517	1	2.40E-07
1518	1	2.40E-07
1519	1	2.41E-07
1520	1	2.41E-07
1521	1	2.42E-07
1522	1	2.42E-07
1523	1	2.43E-07
1524	1	2.43E-07
1525	1	2.44E-07
1526	1	2.44E-07
1527	1	2.45E-07
1528	1	2.45E-07
1529	1	2.46E-07
1530	1	2.46E-07
1531	1	2.52E-07
1532	1	2.57E-07
1533	1	2.63E-07
1534	1	2.69E-07
1535	1	2.74E-07
1536	1	2.80E-07
1537	1	2.86E-07
1538	1	2.91E-07
1539	1	2.97E-07
1540	1	3.03E-07
1541	1	3.08E-07
1542	1	3.14E-07
1543	1	3.19E-07
1544	1	3.25E-07
1545	1	3.31E-07
1546	1	3.36E-07
1547	1	3.42E-07
1548	1	3.48E-07
1549	1	3.53E-07
1550	1	3.59E-07
1551	1	3.65E-07
1552	1	3.70E-07
1553	1	3.76E-07
1554	1	3.82E-07
1555	1	3.87E-07
1556	1	3.93E-07
1557	1	3.99E-07
1558	1	4.04E-07
1559	1	4.10E-07
1560	1	4.16E-07
1561	1	4.21E-07
1562	1	4.27E-07
1563	1	4.33E-07
1564	1	4.38E-07
1565	1	4.44E-07
1566	1	4.49E-07
1567	1	4.55E-07
1568	1	4.61E-07
1569	1	4.66E-07
1570	1	4.72E-07
1571	1	4.78E-07
1572	1	4.83E-07
1573	1	4.89E-07
1574	1	4.95E-07
1575	1	5.00E-07
1576	1	5.06E-07
1577	1	5.12E-07
1578	1	5.17E-07
1579	1	5.23E-07
1580	1	5.29E-07
1581	1	5.34E-07
1582	1	5.40E-07
1583	1	5.46E-07
1584	1	5.51E-07
1585	1	5.57E-07
1586	1	5.63E-07
1587	1	5.68E-07
1588	1	5.74E-07
1589	1	5.80E-07
1590	1	5.85E-07
1591	1	5.91E-07
1592	1	5.96E-07
1593	1	6.02E-07
1594	1	6.08E-07
1595	1	6.13E-07
1596	1	6.19E-07
1597	1	6.25E-07
1598	1	6.30E-07
1599	1	6.36E-07
1600	1	6.42E-07
1601	1	6.47E-07
1602	1	6.53E-07
1603	1	6.59E-07
1604	1	6.64E-07
1605	1	6.70E-07
1606	1	6.76E-07
1607	1	6.81E-07
1608	1	6.87E-07
1609	1	6.93E-07
1610	1	6.98E-07
1611	1	7.04E-07
1612	1	7.10E-07
1613	1	7.15E-07
1614	1	7.21E-07
1615	1	7.26E-07
1616	1	7.32E-07
1617	1	7.38E-07
1618	1	7.43E-07
1619	1	7.49E-07
1620	1	7.55E-07
1621	1	7.60E-07
1622	1	7.66E-07
1623	1	7.72E-07
1624	1	7.77E-07
1625	1	7.83E-07
1626	1	7.89E-07
1627	1	7.94E-07
1628	1	8.00E-07
1629	1	8.06E-07
1630	1	8.11E-07
1631	1	8.17E-07
1632	1	8.23E-07
1633	1	8.28E-07
1634	1	8.34E-07
1635	1	8.40E-07
1636	1	8.45E-07
1637	1	8.51E-07
1638	1	8.57E-07
1639	1	8.62E-07
1640	1	8.68E-07
1641	1	8.73E-07
1642	1	8.79E-07
1643	1	8.85E-07
1644	1	8.90E-07
1645	1	8.96E-07
1646	1	9.02E-07
1647	1	9.07E-07
1648	1	9.13E-07
1649	1	9.19E-07
1650	1	9.24E-07
1651	1	9.30E-07
1652	1	9.36E-07
1653	1	9.41E-07
1654	1	9.47E-07
1655	1	9.53E-07
1656	1	9.58E-07
1657	1	9.64E-07
1658	1	9.70E-07
1659	1	9.75E-07
1660	1	9.81E-07
1661	1	9.87E-07
1662	1	9.92E-07
1663	1	9.98E-07
1664	1	1.00E-06
1665	1	1.01E-06
1666	1	1.01E-06
1667	1	1.02E-06
1668	1	1.03E-06
1669	1	1.03E-06
1670	1	1.04E-06
1671	1	1.04E-06
1672	1	1.05E-06
1673	1	1.05E-06
1674	1	1.06E-06
1675	1	1.07E-06
1676	1	1.07E-06
1677	1	1.08E-06
1678	1	1.08E-06
1679	1	1.09E-06
1680	1	1.09E-06
1681	1	1.10E-06
1682	1	1.11E-06
1683	1	1.11E-06
1684	1	1.12E-06
1685	1	1.12E-06
1686	1	1.13E-06
1687	1	1.13E-06
1688	1	1.14E-06
1689	1	1.14E-06
1690	1	1.15E-06
1691	1	1.16E-06
1692	1	1.16E-06
1693	1	1.17E-06
1694	1	1.17E-06
1695	1	1.18E-06
1696	1	1.18E-06
1697	1	1.19E-06
1698	1	1.20E-06
1699	1	1.20E-06
1700	1	1.21E-06
1701	1	1.21E-06
1702	1	1.22E-06
1703	1	1.22E-06
1704	1	1.23E-06
1705	1	1.24E-06
1706	1	1.24E-06
1707	1	1.25E-06
1708	1	1.25E-06
1709	1	1.26E-06
1710	1	1.26E-06
1711	1	1.27E-06
1712	1	1.27E-06
1713	1	1.28E-06
1714	1	1.29E-06
1715	1	1.29E-06
1716	1	1.30E-06
1717	1	1.30E-06
1718	1	1.31E-06
1719	1	1.31E-06
1720	1	1.32E-06
1721	1	1.33E-06
1722	1	1.33E-06
1723	1	1.34E-06
1724	1	1.34E-06
1725	1	1.35E-06
1726	1	1.35E-06
1727	1	1.36E-06
1728	1	1.37E-06
1729	1	1.37E-06
1730	1	1.38E-06
1731	1	1.38E-06
1732	1	1.39E-06
1733	1	1.39E-06
1734	1	1.40E-06
1735	1	1.40E-06
1736	1	1.41E-06
1737	1	1.42E-06
1738	1	1.42E-06
1739	1	1.43E-06
1740	1	1.43E-06
1741	1	1.44E-06
1742	1	1.44E-06
1743	1	1.45E-06
1744	1	1.46E-06
1745	1	1.46E-06
1746	1	1.47E-06
1747	1	1.47E-06
1748	1	1.48E-06
1749	1	1.48E-06
1750	1	1.49E-06
1751	1	1.50E-06
1752	1	1.50E-06
1753	1	1.51E-06
1754	1	1.51E-06
1755	1	1.52E-06
1756	1	1.52E-06
1757	1	1.53E-06
1758	1	1.53E-06
1759	1	1.54E-06
1760	1	1.55E-06
1761	1	1.55E-06
1762	1	1.56E-06
1763	1	1.56E-06
1764	1	1.57E-06
1765	1	1.57E-06
1766	1	1.58E-06
1767	1	1.59E-06
1768	1	1.59E-06
1769	1	1.60E-06
1770	1	1.60E-06
1771	1	1.61E-06
1772	1	1.61E-06
1773	1	1.62E-06
1774	1	1.63E-06
1775	1	1.63E-06
1776	1	1.64E-06
1777	1	1.64E-06
1778	1	1.65E-06
1779	1	1.65E-06
1780	1	1.66E-06
1781	1	1.66E-06
1782	1	1.67E-06
1783	1	1.68E-06
1784	1	1.68E-06
1785	1	1.69E-06
1786	1	1.69E-06
1787	1	1.70E-06
1788	1	1.70E-06
1789	1	1.71E-06
1790	1	1.72E-06
1791	1	1.72E-06
1792	1	1.73E-06
1793	1	1.73E-06
1794	1	1.74E-06
1795	1	1.74E-06
1796	1	1.75E-06
1797	1	1.76E-06
1798	1	1.76E-06
1799	1	1.77E-06
1800	1	1.77E-06
1801	1	1.78E-06
1802	1	1.78E-06
1803	1	1.79E-06
1804	1	1.79E-06
1805	1	1.80E-06
1806	1	1.81E-06
1807	1	1.81E-06
1808	1	1.82E-06
1809	1	1.82E-06
1810	1	1.83E-06
1811	1	1.83E-06
1812	1	1.84E-06
1813	1	1.85E-06
1814	1	1.85E-06
1815	1	1.86E-06
1816	1	1.86E-06
1817	1	1.87E-06
1818	1	1.87E-06
1819	1	1.88E-06
1820	1	1.89E-06
1821	1	1.89E-06
1822	1	1.90E-06
1823	1	1.90E-06
1824	1	1.91E-06
1825	1	1.91E-06
1826	1	1.92E-06
1827	1	1.92E-06
1828	1	1.93E-06
1829	1	1.94E-06
1830	1	1.94E-06
1831	1	1.95E-06
1832	1	1.95E-06
1833	1	1.96E-06
1834	1	1.96E-06
1835	1	1.97E-06
1836	1	1.98E-06
1837	1	1.98E-06
1838	1	1.99E-06
1839	1	1.99E-06
1840	1	2.00E-06
1841	1	2.00E-06
1842	1	2.01E-06
1843	1	2.02E-06
1844	1	2.02E-06
1845	1	2.03E-06
1846	1	2.03E-06
1847	1	2.04E-06
1848	1	2.04E-06
1849	1	2.05E-06
1850	1	2.05E-06
1851	1	2.06E-06
1852	1	2.07E-06
1853	1	2.07E-06
1854	1	2.08E-06
1855	1	2.08E-06
1856	1	2.09E-06
1857	1	2.09E-06
1858	1	2.10E-06
1859	1	2.11E-06
1860	1	2.11E-06
1861	1	2.12E-06
1862	1	2.12E-06
1863	1	2.13E-06
1864	1	2.13E-06
1865	1	2.14E-06
1866	1	2.15E-06
1867	1	2.15E-06
1868	1	2.16E-06
1869	1	2.16E-06
1870	1	2.17E-06
1871	1	2.17E-06
1872	1	2.18E-06
1873	1	2.18E-06
1874	1	2.19E-06
1875	1	2.20E-06
1876	1	2.20E-06
1877	1	2.21E-06
1878	1	2.21E-06
1879	1	2.22E-06
1880	1	2.22E-06
1881	1	2.23E-06
1882	1	2.24E-06
1883	1	2.24E-06
1884	1	2.25E-06
1885	1	2.25E-06
1886	1	2.26E-06
1887	1	2.26E-06
1888	1	2.27E-06
1889	1	2.28E-06
1890	1	2.28E-06
1891	1	2.29E-06
1892	1	2.29E-06
1893	1	2.30E-06
1894	1	2.30E-06
1895	1	2.31E-06
1896	1	2.31E-06
1897	1	2.32E-06
1898	1	2.33E-06
1899	1	2.33E-06
1900	1	2.34E-06
1901	1	2.34E-06
1902	1	2.35E-06
1903	1	2.35E-06
1904	1	2.36E-06
1905	1	2.37E-06
1906	1	2.37E-06
1907	1	2.38E-06
1908	1	2.38E-06
1909	1	2.39E-06
1910	1	2.39E-06
1911	1	2.40E-06
1912	1	2.41E-06
1913	1	2.41E-06
1914	1	2.42E-06
1915	1	2.42E-06
1916	1	2.43E-06
1917	1	2.43E-06
1918	1	2.44E-06
1919	1	2.44E-06
1920	1	2.45E-06
1921	1	2.46E-06
1922	1	2.46E-06
1923	1	2.47E-06
1924	1	2.47E-06
1925	1	2.48E-06
1926	1	2.48E-06
1927	1	2.49E-06
1928	1	2.50E-06
1929	1	2.50E-06
1930	1	2.51E-06
1931	1	2.51E-06
1932	1	2.52E-06
1933	1	2.52E-06
1934	1	2.53E-06
1935	1	2.54E-06
1936	1	2.54E-06
1937	1	2.55E-06
1938	1	2.55E-06
1939	1	2.56E-06
1940	1	2.56E-06
1941	1	2.57E-06
1942	1	2.58E-06
1943	1	2.58E-06
1944	1	2.59E-06
1945	1	2.59E-06
1946	1	2.60E-06
1947	1	2.60E-06
1948	1	2.61E-06
1949	1	2.61E-06
1950	1	2.62E-06
1951	1	2.63E-06
1952	1	2.63E-06
1953	1	2.64E-06
1954	1	2.64E-06
1955	1	2.65E-06
1956	1	2.65E-06
1957	1	2.66E-06
1958	1	2.67E-06
1959	1	2.67E-06
1960	1	2.68E-06
1961	1	2.68E-06
1962	1	2.69E-06
1963	1	2.69E-06
1964	1	2.70E-06
1965	1	2.70E-06
1966	1	2.71E-06
1967	1	2.72E-06
1968	1	2.72E-06
1969	1	2.73E-06
1970	1	2.73E-06
1971	1	2.76E-06
1972	1	2.78E-06
1973	1	2.80E-06
1974	1	2.82E-06
1975	1	2.85E-06
1976	1	2.87E-06
1977	1	2.89E-06
1978	1	2.91E-06
1979	1	2.94E-06
1980	1	2.96E-06
1981	1	2.98E-06
1982	1	3.00E-06
1983	1	3.03E-06
1984	1	3.05E-06
1985	1	3.07E-06
1986	1	3.09E-06
1987	1	3.12E-06
1988	1	3.14E-06
1989	1	3.16E-06
1990	1	3.18E-06
1991	1	3.21E-06
1992	1	3.23E-06
1993	1	3.25E-06
1994	1	3.27E-06
1995	1	3.30E-06
1996	1	3.32E-06
1997	1	3.34E-06
1998	1	3.36E-06
1999	1	3.39E-06
2000	1	3.41E-06
2001	1	3.43E-06
2002	1	3.45E-06
2003	1	3.48E-06
2004	1	3.50E-06
2005	1	3.52E-06
2006	1	3.54E-06
2007	1	3.57E-06
2008	1	3.59E-06
2009	1	3.61E-06
2010	1	3.63E-06
2011	1	3.66E-06
2012	1	3.68E-06
2013	1	3.70E-06
2014	1	3.72E-06
2015	1	3.75E-06
2016	1	3.77E-06
2017	1	3.79E-06
2018	1	3.81E-06
2019	1	3.84E-06
2020	1	3.86E-06
2021	1	3.88E-06
2022	1	3.90E-06
2023	1	3.93E-06
2024	1	3.95E-06
2025	1	3.97E-06
2026	1	3.99E-06
2027	1	4.02E-06
2028	1	4.04E-06
2029	1	4.06E-06
2030	1	4.08E-06
2031	1	4.11E-06
2032	1	4.13E-06
2033	1	4.15E-06
2034	1	4.17E-06
2035	1	4.20E-06
2036	1	4.22E-06
2037	1	4.24E-06
2038	1	4.26E-06
2039	1	4.29E-06
2040	1	4.31E-06
2041	1	4.33E-06
2042	1	4.35E-06
2043	1	4.38E-06
2044	1	4.40E-06
2045	1	4.42E-06
2046	1	4.44E-06
2047	1	4.47E-06
2048	1	4.49E-06
2049	1	4.51E-06
2050	1	4.53E-06
2051	1	4.56E-06
2052	1	4.58E-06
2053	1	4.60E-06
2054	1	4.62E-06
2055	1	4.65E-06
2056	1	4.67E-06
2057	1	4.69E-06
2058	1	4.72E-06
2059	1	4.74E-06
2060	1	4.76E-06
2061	1	4.78E-06
2062	1	4.81E-06
2063	1	4.83E-06
2064	1	4.85E-06
2065	1	4.87E-06
2066	1	4.90E-06
2067	1	4.92E-06
2068	1	4.94E-06
2069	1	4.96E-06
2070	1	4.99E-06
2071	1	5.01E-06
2072	1	5.03E-06
2073	1	5.05E-06
2074	1	5.08E-06
2075	1	5.10E-06
2076	1	5.12E-06
2077	1	5.14E-06
2078	1	5.17E-06
2079	1	5.19E-06
2080	1	5.21E-06
2081	1	5.23E-06
2082	1	5.26E-06
2083	1	5.28E-06
2084	1	5.30E-06
2085	1	5.32E-06
2086	1	5.35E-06
2087	1	5.37E-06
2088	1	5.39E-06
2089	1	5.41E-06
2090	1	5.44E-06
2091	1	5.46E-06
2092	1	5.48E-06
2093	1	5.50E-06
2094	1	5.53E-06
2095	1	5.55E-06
2096	1	5.57E-06
2097	1	5.59E-06
2098	1	5.62E-06
2099	1	5.64E-06
2100	1	5.66E-06
2101	1	5.68E-06
2102	1	5.71E-06
2103	1	5.73E-06
2104	1	5.75E-06
2105	1	5.77E-06
2106	1	5.80E-06
2107	1	5.82E-06
2108	1	5.84E-06
2109	1	5.86E-06
2110	1	5.89E-06
2111	1	5.91E-06
2112	1	5.93E-06
2113	1	5.95E-06
2114	1	5.98E-06
2115	1	6.00E-06
2116	1	6.02E-06
2117	1	6.04E-06
2118	1	6.07E-06
2119	1	6.09E-06
2120	1	6.11E-06
2121	1	6.13E-06
2122	1	6.16E-06
2123	1	6.18E-06
2124	1	6.20E-06
2125	1	6.22E-06
2126	1	6.25E-06
2127	1	6.27E-06
2128	1	6.29E-06
2129	1	6.31E-06
2130	1	6.34E-06
2131	1	6.36E-06
2132	1	6.38E-06
2133	1	6.40E-06
2134	1	6.43E-06
2135	1	6.45E-06
2136	1	6.47E-06
2137	1	6.49E-06
2138	1	6.52E-06
2139	1	6.54E-06
2140	1	6.56E-06
2141	1	6.58E-06
2142	1	6.61E-06
2143	1	6.63E-06
2144	1	6.65E-06
2145	1	6.67E-06
2146	1	6.70E-06
2147	1	6.72E-06
2148	1	6.74E-06
2149	1	6.76E-06
2150	1	6.79E-06
2151	1	6.81E-06
2152	1	6.83E-06
2153	1	6.85E-06
2154	1	6.88E-06
2155	1	6.90E-06
2156	1	6.92E-06
2157	1	6.94E-06
2158	1	6.97E-06
2159	1	6.99E-06
2160	1	7.01E-06
2161	1	7.03E-06
2162	1	7.06E-06
2163	1	7.08E-06
2164	1	7.10E-06
2165	1	7.12E-06
2166	1	7.15E-06
2167	1	7.17E-06
2168	1	7.19E-06
2169	1	7.21E-06
2170	1	7.24E-06
2171	1	7.26E-06
2172	1	7.28E-06
2173	1	7.30E-06
2174	1	7.33E-06
2175	1	7.35E-06
2176	1	7.37E-06
2177	1	7.40E-06
2178	1	7.42E-06
2179	1	7.44E-06
2180	1	7.46E-06
2181	1	7.49E-06
2182	1	7.51E-06
2183	1	7.53E-06
2184	1	7.55E-06
2185	1	7.58E-06
2186	1	7.60E-06
2187	1	7.62E-06
2188	1	7.64E-06
2189	1	7.67E-06
2190	1	7.69E-06
2191	1	7.71E-06
2192	1	7.73E-06
2193	1	7.76E-06
2194	1	7.78E-06
2195	1	7.80E-06
2196	1	7.82E-06
2197	1	7.85E-06
2198	1	7.87E-06
2199	1	7.89E-06
2200	1	7.91E-06
2201	1	7.94E-06
2202	1	7.96E-06
2203	1	7.98E-06
2204	1	8.00E-06
2205	1	8.03E-06
2206	1	8.05E-06
2207	1	8.07E-06
2208	1	8.09E-06
2209	1	8.12E-06
2210	1	8.14E-06
2211	1	8.16E-06
2212	1	8.18E-06
2213	1	8.21E-06
2214	1	8.23E-06
2215	1	8.25E-06
2216	1	8.27E-06
2217	1	8.30E-06
2218	1	8.32E-06
2219	1	8.34E-06
2220	1	8.36E-06
2221	1	8.39E-06
2222	1	8.41E-06
2223	1	8.43E-06
2224	1	8.45E-06
2225	1	8.48E-06
2226	1	8.50E-06
2227	1	8.52E-06
2228	1	8.54E-06
2229	1	8.57E-06
2230	1	8.59E-06
2231	1	8.61E-06
2232	1	8.63E-06
2233	1	8.66E-06
2234	1	8.68E-06
2235	1	8.70E-06
2236	1	8.72E-06
2237	1	8.75E-06
2238	1	8.77E-06
2239	1	8.79E-06
2240	1	8.81E-06
2241	1	8.84E-06
2242	1	8.86E-06
2243	1	8.88E-06
2244	1	8.90E-06
2245	1	8.93E-06
2246	1	8.95E-06
2247	1	8.97E-06
2248	1	8.99E-06
2249	1	9.02E-06
2250	1	9.04E-06
2251	1	9.06E-06
2252	1	9.08E-06
2253	1	9.11E-06
2254	1	9.13E-06
2255	1	9.15E-06
2256	1	9.17E-06
2257	1	9.20E-06
2258	1	9.22E-06
2259	1	9.24E-06
2260	1	9.26E-06
2261	1	9.29E-06
2262	1	9.31E-06
2263	1	9.33E-06
2264	1	9.35E-06
2265	1	9.38E-06
2266	1	9.40E-06
2267	1	9.42E-06
2268	1	9.44E-06
2269	1	9.47E-06
2270	1	9.49E-06
2271	1	9.51E-06
2272	1	9.53E-06
2273	1	9.56E-06
2274	1	9.58E-06
2275	1	9.60E-06
2276	1	9.62E-06
2277	1	9.65E-06
2278	1	9.67E-06
2279	1	9.69E-06
2280	1	9.71E-06
2281	1	9.74E-06
2282	1	9.76E-06
2283	1	9.78E-06
2284	1	9.80E-06
2285	1	9.83E-06
2286	1	9.85E-06
2287	1	9.87E-06
2288	1	9.89E-06
2289	1	9.92E-06
2290	1	9.94E-06
2291	1	9.96E-06
2292	1	9.98E-06
2293	1	1.00E-05
2294	1	1.00E-05
2295	1	1.01E-05
2296	1	1.01E-05
2297	1	1.01E-05
2298	1	1.01E-05
2299	1	1.01E-05
2300	1	1.02E-05
2301	1	1.02E-05
2302	1	1.02E-05
2303	1	1.02E-05
2304	1	1.03E-05
2305	1	1.03E-05
2306	1	1.03E-05
2307	1	1.03E-05
2308	1	1.03E-05
2309	1	1.04E-05
2310	1	1.04E-05
2311	1	1.04E-05
2312	1	1.04E-05
2313	1	1.05E-05
2314	1	1.05E-05
2315	1	1.05E-05
2316	1	1.05E-05
2317	1	1.05E-05
2318	1	1.06E-05
2319	1	1.06E-05
2320	1	1.06E-05
2321	1	1.06E-05
2322	1	1.07E-05
2323	1	1.07E-05
2324	1	1.07E-05
2325	1	1.07E-05
2326	1	1.08E-05
2327	1	1.08E-05
2328	1	1.09E-05
2329	1	1.09E-05
2330	1	1.10E-05
2331	1	1.11E-05
2332	1	1.11E-05
2333	1	1.12E-05
2334	1	1.12E-05
2335	1	1.13E-05
2336	1	1.13E-05
2337	1	1.14E-05
2338	1	1.14E-05
2339	1	1.15E-05
2340	1	1.16E-05
2341	1	1.16E-05
2342	1	1.17E-05
2343	1	1.17E-05
2344	1	1.18E-05
2345	1	1.18E-05
2346	1	1.19E-05
2347	1	1.19E-05
2348	1	1.20E-05
2349	1	1.20E-05
2350	1	1.21E-05
2351	1	1.22E-05
2352	1	1.22E-05
2353	1	1.23E-05
2354	1	1.23E-05
2355	1	1.24E-05
2356	1	1.24E-05
2357	1	1.25E-05
2358	1	1.25E-05
2359	1	1.26E-05
2360	1	1.26E-05
2361	1	1.27E-05
2362	1	1.28E-05
2363	1	1.28E-05
2364	1	1.29E-05
2365	1	1.29E-05
2366	1	1.30E-05
2367	1	1.30E-05
2368	1	1.31E-05
2369	1	1.31E-05
2370	1	1.32E-05
2371	1	1.33E-05
2372	1	1.33E-05
2373	1	1.34E-05
2374	1	1.34E-05
2375	1	1.35E-05
2376	1	1.35E-05
2377	1	1.36E-05
2378	1	1.36E-05
2379	1	1.37E-05
2380	1	1.37E-05
2381	1	1.38E-05
2382	1	1.39E-05
2383	1	1.39E-05
2384	1	1.40E-05
2385	1	1.40E-05
2386	1	1.41E-05
2387	1	1.41E-05
2388	1	1.42E-05
2389	1	1.42E-05
2390	1	1.43E-05
2391	1	1.43E-05
2392	1	1.44E-05
2393	1	1.45E-05
2394	1	1.45E-05
2395	1	1.46E-05
2396	1	1.46E-05
2397	1	1.47E-05
2398	1	1.47E-05
2399	1	1.48E-05
2400	1	1.48E-05
2401	1	1.49E-05
2402	1	1.50E-05
2403	1	1.50E-05
2404	1	1.51E-05
2405	1	1.51E-05
2406	1	1.52E-05
2407	1	1.52E-05
2408	1	1.53E-05
2409	1	1.53E-05
2410	1	1.54E-05
2411	1	1.54E-05
2412	1	1.55E-05
2413	1	1.56E-05
2414	1	1.56E-05
2415	1	1.57E-05
2416	1	1.57E-05
2417	1	1.58E-05
2418	1	1.58E-05
2419	1	1.59E-05
2420	1	1.59E-05
2421	1	1.60E-05
2422	1	1.60E-05
2423	1	1.61E-05
2424	1	1.62E-05
2425	1	1.62E-05
2426	1	1.63E-05
2427	1	1.63E-05
2428	1	1.64E-05
2429	1	1.64E-05
2430	1	1.65E-05
2431	1	1.65E-05
2432	1	1.66E-05
2433	1	1.67E-05
2434	1	1.67E-05
2435	1	1.68E-05
2436	1	1.68E-05
2437	1	1.69E-05
2438	1	1.69E-05
2439	1	1.70E-05
2440	1	1.70E-05
2441	1	1.71E-05
2442	1	1.71E-05
2443	1	1.72E-05
2444	1	1.73E-05
2445	1	1.73E-05
2446	1	1.74E-05
2447	1	1.74E-05
2448	1	1.75E-05
2449	1	1.75E-05
2450	1	1.76E-05
2451	1	1.76E-05
2452	1	1.77E-05
2453	1	1.77E-05
2454	1	1.78E-05
2455	1	1.79E-05
2456	1	1.79E-05
2457	1	1.80E-05
2458	1	1.80E-05
2459	1	1.81E-05
2460	1	1.81E-05
2461	1	1.82E-05
2462	1	1.82E-05
2463	1	1.83E-05
2464	1	1.84E-05
2465	1	1.84E-05
2466	1	1.85E-05
2467	1	1.85E-05
2468	1	1.86E-05
2469	1	1.86E-05
2470	1	1.87E-05
2471	1	1.87E-05
2472	1	1.88E-05
2473	1	1.88E-05
2474	1	1.89E-05
2475	1	1.90E-05
2476	1	1.90E-05
2477	1	1.91E-05
2478	1	1.91E-05
2479	1	1.92E-05
2480	1	1.92E-05
2481	1	1.93E-05
2482	1	1.93E-05
2483	1	1.94E-05
2484	1	1.94E-05
2485	1	1.95E-05
2486	1	1.96E-05
2487	1	1.96E-05
2488	1	1.97E-05
2489	1	1.97E-05
2490	1	1.98E-05
2491	1	1.98E-05
2492	1	1.99E-05
2493	1	1.99E-05
2494	1	2.00E-05
2495	1	2.01E-05
2496	1	2.01E-05
2497	1	2.02E-05
2498	1	2.02E-05
2499	1	2.03E-05
2500	1	2.03E-05
