280.0	1.750320434	4.1354E-6
285.0	1.740658574	4.1354E-6
290.0	1.732118222	4.1354E-6
295.0	1.724504001	4.1354E-6
300.0	1.717665044	4.1354E-6
305.0	1.711482789	4.1354E-6
310.0	1.705862604	4.1354E-6
315.0	1.700727913	4.1354E-6
320.0	1.696015997	4.1354E-6
325.0	1.691674915	4.1354E-6
330.0	1.687661228	4.1354E-6
335.0	1.683938287	3.92019E-6
340.0	1.680474916	2.84413E-6
345.0	1.677244404	1.76808E-6
350.0	1.674223707	6.9202E-7
355.0	1.671392824	5.41023E-7
360.0	1.668734299	3.90027E-7
365.0	1.666232812	2.3903E-7
370.0	1.663874858	1.8218E-7
375.0	1.661648476	1.48095E-7
380.0	1.65954303	1.1401E-7
385.0	1.657549022	9.31125E-8
390.0	1.655657945	7.2215E-8
395.0	1.65386215	6.01615E-8
400.0	1.65215474	4.8108E-8
405.0	1.650529475	4.2172E-8
410.0	1.648980697	3.81867E-8
415.0	1.647503261	3.42013E-8
420.0	1.646092474	3.0216E-8
425.0	1.64474405	2.83898E-8
430.0	1.643454064	2.65635E-8
435.0	1.642218914	2.47373E-8
440.0	1.641035287	2.39817E-8
445.0	1.639900133	2.34938E-8
450.0	1.638810634	2.30058E-8
455.0	1.637764189	2.25179E-8
460.0	1.636758386	2.203E-8
465.0	1.635790991	2.07706E-8
470.0	1.634859926	1.95113E-8
475.0	1.633963262	1.82519E-8
480.0	1.6330992	1.69925E-8
485.0	1.632266063	1.57331E-8
490.0	1.631462285	1.44738E-8
495.0	1.630686403	1.32144E-8
500.0	1.629937046	1.1955E-8
505.0	1.629212932	1.1601E-8
510.0	1.628512857	1.12471E-8
515.0	1.62783569	1.08931E-8
520.0	1.627180369	1.05392E-8
525.0	1.626545895	1.01852E-8
530.0	1.625931328	9.83126E-9
535.0	1.62533578	9.4773E-9
540.0	1.624758415	9.12335E-9
545.0	1.624198445	8.76939E-9
550.0	1.623655123	8.76232E-9
555.0	1.623127744	8.84196E-9
560.0	1.62261564	8.92161E-9
565.0	1.622118181	9.00126E-9
570.0	1.621634767	9.08091E-9
575.0	1.62116483	9.16055E-9
580.0	1.620707832	9.2402E-9
585.0	1.620263261	9.31986E-9
590.0	1.619830632	9.39952E-9
595.0	1.619409482	9.47919E-9
600.0	1.618999372	9.55885E-9
605.0	1.618599884	9.63851E-9
610.0	1.618210619	9.71817E-9
615.0	1.617831198	9.79784E-9
620.0	1.617461258	9.8775E-9
625.0	1.617100455	1.06153E-8
630.0	1.61674846	1.13531E-8
635.0	1.616404957	1.20909E-8
640.0	1.616069645	1.28287E-8
645.0	1.615742239	1.35666E-8
650.0	1.615422463	1.43044E-8
655.0	1.615110054	1.50422E-8
660.0	1.614804761	1.578E-8
665.0	1.614506343	1.52015E-8
670.0	1.614214569	1.4623E-8
675.0	1.613929219	1.40445E-8
680.0	1.61365008	1.3466E-8
685.0	1.613376949	1.28875E-8
690.0	1.613109631	1.2309E-8
695.0	1.612847939	1.17305E-8
700.0	1.612591693	1.1152E-8
705.0	1.61234072	1.12317E-8
710.0	1.612094855	1.13113E-8
715.0	1.611853938	1.1391E-8
720.0	1.611617815	1.14706E-8
725.0	1.61138634	1.15503E-8
730.0	1.61115937	1.16299E-8
735.0	1.610936768	1.17096E-8
740.0	1.610718404	1.17892E-8
745.0	1.610504149	1.18689E-8
750.0	1.610293883	1.19485E-8
755.0	1.610087488	1.20282E-8
760.0	1.609884849	1.21078E-8
765.0	1.609685859	1.21875E-8
770.0	1.609490411	1.22671E-8
775.0	1.609298403	1.23468E-8
780.0	1.609109737	1.24264E-8
785.0	1.608924319	1.25061E-8
790.0	1.608742057	1.25857E-8
795.0	1.608562861	1.26654E-8
800.0	1.608386648	1.27451E-8
805.0	1.608213334	1.28247E-8
810.0	1.608042839	1.29044E-8
815.0	1.607875086	1.2984E-8
820.0	1.607710001	1.30637E-8
825.0	1.607547511	1.31433E-8
830.0	1.607387546	1.3223E-8
835.0	1.607230039	1.33026E-8
840.0	1.607074923	1.33823E-8
845.0	1.606922137	1.34619E-8
850.0	1.606771617	1.35416E-8
855.0	1.606623305	1.36212E-8
860.0	1.606477144	1.37009E-8
865.0	1.606333076	1.37805E-8
870.0	1.606191048	1.38602E-8
875.0	1.606051008	1.39398E-8
880.0	1.605912905	1.40195E-8
885.0	1.605776688	1.40992E-8
890.0	1.605642311	1.41788E-8
895.0	1.605509726	1.42585E-8
900.0	1.605378889	1.43381E-8
905.0	1.605249756	1.44178E-8
910.0	1.605122283	1.44974E-8
915.0	1.604996431	1.45771E-8
920.0	1.604872158	1.46567E-8
925.0	1.604749427	1.47364E-8
930.0	1.604628198	1.4816E-8
935.0	1.604508435	1.48957E-8
940.0	1.604390102	1.49753E-8
945.0	1.604273165	1.5055E-8
950.0	1.60415759	1.51346E-8
955.0	1.604043344	1.52143E-8
960.0	1.603930394	1.52939E-8
965.0	1.603818711	1.53736E-8
970.0	1.603708263	1.54532E-8
975.0	1.60359902	1.55329E-8
980.0	1.603490956	1.56126E-8
985.0	1.60338404	1.56922E-8
990.0	1.603278248	1.57719E-8
995.0	1.60317355	1.58515E-8
1000.0	1.603069924	1.59312E-8
1005.0	1.602967342	1.60108E-8
1010.0	1.60286578	1.60905E-8
1015.0	1.602765216	1.61701E-8
1020.0	1.602665625	1.62498E-8
1025.0	1.602566985	1.63294E-8
1030.0	1.602469273	1.64091E-8
1035.0	1.60237247	1.64887E-8
1040.0	1.602276552	1.65684E-8
1045.0	1.602181501	1.6648E-8
1050.0	1.602087296	1.67277E-8
1055.0	1.601993917	1.68073E-8
1060.0	1.601901347	1.6887E-8
1065.0	1.601809565	1.814E-8
1070.0	1.601718555	1.9393E-8
1075.0	1.601628298	2.0646E-8
1080.0	1.601538777	2.1899E-8
1085.0	1.601449976	2.31521E-8
1090.0	1.601361879	2.44051E-8
1095.0	1.601274468	2.56581E-8
1100.0	1.601187729	2.69111E-8
1105.0	1.601101646	2.81641E-8
1110.0	1.601016205	2.94171E-8
1115.0	1.600931391	3.06701E-8
1120.0	1.600847189	3.19231E-8
1125.0	1.600763586	3.31761E-8
1130.0	1.600680568	3.44291E-8
1135.0	1.600598122	3.56822E-8
1140.0	1.600516234	3.69352E-8
1145.0	1.600434893	3.81882E-8
1150.0	1.600354086	3.94412E-8
1155.0	1.600273801	4.06942E-8
1160.0	1.600194025	4.19472E-8
1165.0	1.600114748	4.32002E-8
1170.0	1.600035957	4.44532E-8
1175.0	1.599957642	4.57062E-8
1180.0	1.599879792	4.69593E-8
1185.0	1.599802397	4.82123E-8
1190.0	1.599725445	4.94653E-8
1195.0	1.599648927	5.07183E-8
1200.0	1.599572833	5.19713E-8
1205.0	1.599497153	5.32243E-8
1210.0	1.599421878	5.44773E-8
1215.0	1.599346997	5.57303E-8
1220.0	1.599272503	5.69833E-8
1225.0	1.599198386	5.82364E-8
1230.0	1.599124637	5.94894E-8
1235.0	1.599051247	6.07424E-8
1240.0	1.59897821	6.19954E-8
1245.0	1.598905515	6.32484E-8
1250.0	1.598833155	6.45014E-8
1255.0	1.598761122	6.57544E-8
1260.0	1.598689409	6.70074E-8
1265.0	1.598618007	6.82604E-8
1270.0	1.598546909	6.95134E-8
1275.0	1.598476109	7.07665E-8
1280.0	1.598405598	7.20195E-8
1285.0	1.59833537	7.32725E-8
1290.0	1.598265418	7.45255E-8
1295.0	1.598195736	7.57785E-8
1300.0	1.598126316	7.70315E-8
1305.0	1.598057152	7.82845E-8
1310.0	1.597988237	7.95375E-8
1315.0	1.597919567	8.07905E-8
1320.0	1.597851133	8.20436E-8
1325.0	1.597782931	8.32966E-8
1330.0	1.597714955	8.45496E-8
1335.0	1.597647198	8.58026E-8
1340.0	1.597579655	8.70556E-8
1345.0	1.597512321	8.83086E-8
1350.0	1.597445189	8.95616E-8
1355.0	1.597378256	9.08146E-8
1360.0	1.597311515	9.20676E-8
1365.0	1.597244961	9.33206E-8
1370.0	1.597178589	9.45737E-8
1375.0	1.597112394	9.58267E-8
1380.0	1.597046371	9.70797E-8
1385.0	1.596980516	9.83327E-8
1390.0	1.596914824	9.95857E-8
1395.0	1.59684929	1.00839E-7
1400.0	1.596783909	1.02092E-7
1405.0	1.596718677	1.03345E-7
1410.0	1.596653591	1.04598E-7
1415.0	1.596588644	1.05851E-7
1420.0	1.596523834	1.07104E-7
1425.0	1.596459155	1.08357E-7
1430.0	1.596394604	1.0961E-7
1435.0	1.596330178	1.10863E-7
1440.0	1.596265871	1.12116E-7
1445.0	1.59620168	1.13369E-7
1450.0	1.596137601	1.14622E-7
1455.0	1.596073631	1.15875E-7
1460.0	1.596009765	1.17128E-7
1465.0	1.595946	1.18381E-7
1470.0	1.595882333	1.19634E-7
1475.0	1.59581876	1.20887E-7
1480.0	1.595755277	1.2214E-7
1485.0	1.595691882	1.23393E-7
1490.0	1.59562857	1.24646E-7
1495.0	1.595565339	1.25899E-7
1500.0	1.595502185	1.27152E-7
1505.0	1.595439105	1.28405E-7
1510.0	1.595376096	1.29658E-7
1515.0	1.595313155	1.30911E-7
1520.0	1.595250278	1.32164E-7
1525.0	1.595187463	1.33417E-7
1530.0	1.595124708	1.3467E-7
1535.0	1.595062008	1.56724E-7
1540.0	1.594999361	1.78777E-7
1545.0	1.594936765	2.00831E-7
1550.0	1.594874216	2.22885E-7
1555.0	1.594811712	2.44939E-7
1560.0	1.59474925	2.66992E-7
1565.0	1.594686828	2.89046E-7
1570.0	1.594624443	3.111E-7
1575.0	1.594562092	3.33154E-7
1580.0	1.594499773	3.55207E-7
1585.0	1.594437483	3.77261E-7
1590.0	1.59437522	3.99315E-7
1595.0	1.594312982	4.21369E-7
1600.0	1.594250766	4.43422E-7
1605.0	1.594188569	4.65476E-7
1610.0	1.59412639	4.8753E-7
1615.0	1.594064227	5.09584E-7
1620.0	1.594002076	5.31637E-7
1625.0	1.593939936	5.53691E-7
1630.0	1.593877805	5.75745E-7
1635.0	1.59381568	5.97799E-7
1640.0	1.59375356	6.19852E-7
1645.0	1.593691442	6.41906E-7
1650.0	1.593629324	6.6396E-7
1655.0	1.593567205	6.86014E-7
1660.0	1.593505081	7.08067E-7
1665.0	1.593442952	7.30121E-7
1670.0	1.593380815	7.52175E-7
1675.0	1.593318669	7.74229E-7
1680.0	1.593256511	7.96282E-7
1685.0	1.593194339	8.18336E-7
1690.0	1.593132153	8.4039E-7
1695.0	1.593069949	8.62444E-7
1700.0	1.593007727	8.84497E-7
1705.0	1.592945484	9.06551E-7
1710.0	1.592883219	9.28605E-7
1715.0	1.59282093	9.50659E-7
1720.0	1.592758615	9.72712E-7
1725.0	1.592696272	9.94766E-7
1730.0	1.592633901	1.01682E-6
1735.0	1.592571499	1.03887E-6
1740.0	1.592509065	1.06093E-6
1745.0	1.592446596	1.08298E-6
1750.0	1.592384093	1.10503E-6
1755.0	1.592321552	1.12709E-6
1760.0	1.592258973	1.14914E-6
1765.0	1.592196354	1.1712E-6
1770.0	1.592133693	1.19325E-6
1775.0	1.592070989	1.2153E-6
1780.0	1.592008241	1.23736E-6
1785.0	1.591945447	1.25941E-6
1790.0	1.591882606	1.28146E-6
1795.0	1.591819716	1.30352E-6
1800.0	1.591756776	1.32557E-6
1805.0	1.591693784	1.34763E-6
1810.0	1.59163074	1.36968E-6
1815.0	1.591567642	1.39173E-6
1820.0	1.591504488	1.41379E-6
1825.0	1.591441277	1.43584E-6
1830.0	1.591378008	1.45789E-6
1835.0	1.59131468	1.47995E-6
1840.0	1.591251291	1.502E-6
1845.0	1.591187841	1.52406E-6
1850.0	1.591124327	1.54611E-6
1855.0	1.591060749	1.56816E-6
1860.0	1.590997105	1.59022E-6
1865.0	1.590933395	1.61227E-6
1870.0	1.590869617	1.63432E-6
1875.0	1.59080577	1.65638E-6
1880.0	1.590741853	1.67843E-6
1885.0	1.590677864	1.70049E-6
1890.0	1.590613803	1.72254E-6
1895.0	1.590549669	1.74459E-6
1900.0	1.59048546	1.76665E-6
1905.0	1.590421174	1.7887E-6
1910.0	1.590356813	1.81075E-6
1915.0	1.590292373	1.83281E-6
1920.0	1.590227854	1.85486E-6
1925.0	1.590163255	1.87692E-6
1930.0	1.590098576	1.89897E-6
1935.0	1.590033814	1.92102E-6
1940.0	1.589968969	1.94308E-6
1945.0	1.58990404	1.96513E-6
1950.0	1.589839026	1.98718E-6
1955.0	1.589773926	2.00924E-6
1960.0	1.589708738	2.03129E-6
1965.0	1.589643463	2.05335E-6
1970.0	1.589578099	2.0754E-6
1975.0	1.589512645	2.14476E-6
1980.0	1.5894471	2.21412E-6
1985.0	1.589381463	2.28348E-6
1990.0	1.589315734	2.35284E-6
1995.0	1.589249911	2.4222E-6
2000.0	1.589183993	2.49155E-6
2005.0	1.58911798	2.56091E-6
2010.0	1.589051871	2.63027E-6
2015.0	1.588985664	2.69963E-6
2020.0	1.58891936	2.76899E-6
2025.0	1.588852957	2.83835E-6
2030.0	1.588786454	2.90771E-6
2035.0	1.58871985	2.97707E-6
2040.0	1.588653145	3.04643E-6
2045.0	1.588586337	3.11579E-6
2050.0	1.588519427	3.18515E-6
2055.0	1.588452412	3.25451E-6
2060.0	1.588385293	3.32386E-6
2065.0	1.588318068	3.39322E-6
2070.0	1.588250737	3.46258E-6
2075.0	1.588183299	3.53194E-6
2080.0	1.588115753	3.6013E-6
2085.0	1.588048099	3.67066E-6
2090.0	1.587980335	3.74002E-6
2095.0	1.58791246	3.80938E-6
2100.0	1.587844475	3.87874E-6
2105.0	1.587776378	3.9481E-6
2110.0	1.587708168	4.01746E-6
2115.0	1.587639846	4.08682E-6
2120.0	1.587571409	4.15617E-6
2125.0	1.587502858	4.22553E-6
2130.0	1.587434191	4.29489E-6
2135.0	1.587365408	4.36425E-6
2140.0	1.587296508	4.43361E-6
2145.0	1.587227491	4.50297E-6
2150.0	1.587158356	4.57233E-6
2155.0	1.587089101	4.64169E-6
2160.0	1.587019727	4.71105E-6
2165.0	1.586950233	4.78041E-6
2170.0	1.586880617	4.84977E-6
2175.0	1.58681088	4.91913E-6
2180.0	1.586741021	4.98848E-6
2185.0	1.586671038	5.05784E-6
2190.0	1.586600932	5.1272E-6
2195.0	1.586530702	5.19656E-6
2200.0	1.586460346	5.26592E-6
2205.0	1.586389865	5.33528E-6
2210.0	1.586319258	5.40464E-6
2215.0	1.586248523	5.474E-6
2220.0	1.586177661	5.54336E-6
2225.0	1.586106671	5.61272E-6
2230.0	1.586035552	5.68208E-6
2235.0	1.585964304	5.75144E-6
2240.0	1.585892925	5.82079E-6
2245.0	1.585821416	5.89015E-6
2250.0	1.585749775	5.95951E-6
2255.0	1.585678003	6.02887E-6
2260.0	1.585606097	6.09823E-6
2265.0	1.585534059	6.16759E-6
2270.0	1.585461887	6.23695E-6
2275.0	1.585389581	6.30631E-6
2280.0	1.585317139	6.37567E-6
2285.0	1.585244562	6.44503E-6
2290.0	1.585171849	6.51439E-6
2295.0	1.585099	6.58375E-6
2300.0	1.585026013	6.6531E-6
2305.0	1.584952888	6.72246E-6
2310.0	1.584879624	6.79182E-6
2315.0	1.584806222	6.86118E-6
2320.0	1.58473268	6.93054E-6
2325.0	1.584658998	6.9999E-6
2330.0	1.584585175	7.10079E-6
2335.0	1.584511211	7.20168E-6
2340.0	1.584437105	7.30257E-6
2345.0	1.584362857	7.40345E-6
2350.0	1.584288466	7.50434E-6
2355.0	1.584213931	7.60523E-6
2360.0	1.584139252	7.70612E-6
2365.0	1.584064429	7.80701E-6
2370.0	1.58398946	7.9079E-6
2375.0	1.583914346	8.00879E-6
2380.0	1.583839085	8.10967E-6
2385.0	1.583763678	8.21056E-6
2390.0	1.583688124	8.31145E-6
2395.0	1.583612422	8.41234E-6
2400.0	1.583536571	8.51323E-6
2405.0	1.583460572	8.61412E-6
2410.0	1.583384423	8.71501E-6
2415.0	1.583308124	8.81589E-6
2420.0	1.583231675	8.91678E-6
2425.0	1.583155075	9.01767E-6
2430.0	1.583078323	9.11856E-6
2435.0	1.58300142	9.21945E-6
2440.0	1.582924364	9.32034E-6
2445.0	1.582847155	9.42123E-6
2450.0	1.582769792	9.52211E-6
2455.0	1.582692276	9.623E-6
2460.0	1.582614604	9.72389E-6
2465.0	1.582536778	9.82478E-6
2470.0	1.582458797	9.92567E-6
2475.0	1.582380659	1.00266E-5
2480.0	1.582302365	1.01274E-5
2485.0	1.582223914	1.02283E-5
2490.0	1.582145305	1.03292E-5
2495.0	1.582066538	1.04301E-5
2500.0	1.581987613	1.0531E-5
