0.12398	0.99999	1.32E-6
0.12984	0.99998	1.57E-6
0.13599	0.99998	1.86E-6
0.14241	0.99998	2.19E-6
0.14914	0.99998	2.59E-6
0.15621	0.99998	3.04E-6
0.16358	0.99998	3.58E-6
0.16741	0.99997	3.88E-6
0.17131	0.99997	4.2E-6
0.17534	0.99997	5.7E-7
0.17942	0.99997	6.21E-7
0.18362	0.99997	6.77E-7
0.1879	0.99997	7.38E-7
0.19679	0.99996	8.77E-7
0.20612	0.99996	1.04E-6
0.21584	0.99996	1.24E-6
0.22608	0.99995	1.47E-6
0.23674	0.99995	1.75E-6
0.24796	0.99994	2.08E-6
0.25964	0.99994	2.48E-6
0.27195	0.99993	2.94E-6
0.28481	0.99992	3.5E-6
0.29824	0.99991	4.16E-6
0.31237	0.99991	4.95E-6
0.32712	0.9999	5.88E-6
0.34258	0.99989	6.99E-6
0.35884	0.99987	8.3E-6
0.37581	0.99986	9.86E-6
0.39359	0.99985	1.17E-5
0.41217	0.99983	1.39E-5
0.43168	0.99982	1.65E-5
0.45215	0.9998	1.96E-5
0.47339	0.99978	2.32E-5
0.49592	0.99976	2.76E-5
0.5194	0.99973	3.27E-5
0.54377	0.99971	3.87E-5
0.5695	0.99968	4.58E-5
0.59663	0.99965	5.42E-5
0.62458	0.99961	6.41E-5
0.65425	0.99958	7.57E-5
0.68535	0.99954	8.94E-5
0.71748	0.99949	1.06E-4
0.75139	0.99945	1.24E-4
0.78717	0.99939	1.46E-4
0.82434	0.99934	1.72E-4
0.86337	0.99928	2.03E-4
0.9043	0.99921	2.38E-4
0.94713	0.99915	2.79E-4
0.99184	0.99908	3.28E-4
1.03836	0.999	3.84E-4
1.08754	0.99892	4.49E-4
1.13952	0.99884	5.26E-4
1.19326	0.99876	6.15E-4
1.24942	0.99869	7.19E-4
1.3085	0.99862	8.38E-4
1.3704	0.99857	9.8E-4
1.40233	0.99856	0.00106
1.43512	0.99858	0.00115
1.46861	0.99863	0.0011
1.50297	0.99857	0.00119
1.53821	0.99856	0.00128
1.57395	0.99858	0.00138
1.61076	0.99864	0.0015
1.64845	0.99875	0.00162
1.68703	0.99897	0.00175
1.7265	0.99958	0.00189
1.76685	0.99976	2.4E-4
1.80808	0.9991	2.57E-4
1.85045	0.99876	2.76E-4
1.89369	0.99851	2.98E-4
1.93779	0.99831	3.22E-4
2.02946	0.99794	3.71E-4
2.12549	0.99759	4.29E-4
2.22585	0.99724	4.99E-4
2.33133	0.99687	5.8E-4
2.44151	0.99649	6.75E-4
2.55682	0.99608	7.85E-4
2.67775	0.99564	9.13E-4
2.80434	0.99517	0.00106
2.93722	0.99465	0.00123
3.07643	0.99411	0.00143
3.22193	0.99351	0.00165
3.37361	0.99286	0.00193
3.5332	0.99218	0.00225
3.7009	0.99147	0.00263
3.87559	0.99072	0.00301
4.05827	0.9899	0.00344
4.25026	0.989	0.00394
4.45171	0.9881	0.00451
4.66266	0.9872	0.00507
4.88302	0.9862	0.00568
5.11258	0.985	0.00635
5.35551	0.9838	0.00711
5.60742	0.9823	0.0080
5.87305	0.9809	0.00909
6.15285	0.9794	0.0103
6.44387	0.9779	0.0118
6.74905	0.9765	0.0131
7.06439	0.9749	0.0145
7.40179	0.9732	0.0161
7.74875	0.9713	0.0178
8.11919	0.9694	0.0197
8.50343	0.9674	0.0218
8.90022	0.9653	0.024
9.3218	0.9631	0.0264
9.7622	0.9609	0.0291
10.2294	0.9587	0.0317
10.7064	0.9561	0.0345
11.2199	0.9534	0.0375
11.7517	0.9505	0.0408
12.2996	0.9474	0.0443
12.5906	0.9457	0.0461
12.8851	0.944	0.0481
13.1852	0.9422	0.0501
13.4937	0.9403	0.0522
13.8093	0.9383	0.0544
14.132	0.9363	0.0567
14.4617	0.9341	0.0592
15.1472	0.9295	0.0644
15.8623	0.9243	0.0702
16.6126	0.9172	0.077
17.3983	0.9102	0.0877
18.2216	0.9034	0.1
19.0827	0.8969	0.121
19.9839	0.9013	0.149
20.9284	0.9252	0.179
21.9201	0.9751	0.191
22.4317	1.012	0.185
22.955	1.109	0.175
23.4944	1.004	0.0536
24.0411	0.9695	0.0544
47.6846	0.89	0.376
48.0543	0.887	0.383
48.4297	0.886	0.395
48.811	0.884	0.402
49.1984	0.881	0.408
49.592	0.877	0.411
49.9919	0.874	0.418
50.3984	0.876	0.434
50.8115	0.872	0.436
51.2314	0.87	0.443
51.6583	0.867	0.45
52.0924	0.865	0.468
52.5339	0.859	0.477
52.9829	0.861	0.482
53.4397	0.862	0.493
53.9043	0.863	0.504
54.3772	0.861	0.511
54.8584	0.863	0.515
55.3482	0.862	0.522
55.8468	0.865	0.537
56.3545	0.872	0.556
56.8716	0.874	0.561
57.3981	0.875	0.571
57.9346	0.875	0.571
58.4811	0.878	0.575
59.0381	0.882	0.59
59.6058	0.892	0.605
60.1845	0.898	0.613
60.7745	0.903	0.62
61.3762	0.905	0.624
61.99	0.91	0.632
62.6162	0.919	0.636
63.2551	0.924	0.644
63.9072	0.927	0.647
64.5729	0.933	0.648
65.2526	0.936	0.652
65.9468	0.938	0.656
66.6559	0.938	0.656
67.3804	0.941	0.659
68.1209	0.941	0.659
68.8778	0.939	0.665
69.6517	0.944	0.672
70.4432	0.946	0.682
71.2529	0.945	0.688
72.0814	0.947	0.697
72.9294	0.948	0.707
73.7976	0.952	0.719
74.6867	0.955	0.723
75.5976	0.951	0.731
76.5309	0.944	0.742
77.4875	0.94	0.75
78.4684	0.941	0.765
79.4744	0.943	0.774
80.5065	0.945	0.783
81.5658	0.949	0.791
82.6533	0.952	0.798
83.7703	0.959	0.824
84.9178	0.974	0.847
86.0972	0.988	0.87
87.3099	0.993	0.881
88.5571	1.0	0.889
89.8406	1.0	0.898
91.1618	1.01	0.911
92.5224	1.02	0.925
93.9242	1.03	0.935
95.3692	1.05	0.951
96.8594	1.06	0.964
98.3968	1.08	0.972
99.9839	1.09	0.968
101.623	1.1	0.971
103.317	1.1	0.969
105.068	1.11	0.967
106.879	1.12	0.968
108.754	1.11	0.958
110.696	1.11	0.953
112.709	1.11	0.95
114.796	1.1	0.959
116.962	1.07	0.991
119.212	1.07	1.02
121.549	1.06	1.06
123.98	1.05	1.09
126.51	1.08	1.13
129.146	1.09	1.15
131.894	1.1	1.17
134.761	1.12	1.19
137.756	1.12	1.2
140.886	1.13	1.22
144.163	1.13	1.24
147.595	1.13	1.26
151.195	1.13	1.28
154.975	1.13	1.32
158.949	1.15	1.32
163.132	1.15	1.37
167.541	1.15	1.4
172.194	1.13	1.45
177.114	1.15	1.49
182.324	1.2	1.54
187.848	1.22	1.61
193.719	1.23	1.67
199.968	1.28	1.71
206.633	1.3	1.73
213.759	1.32	1.75
221.393	1.32	1.78
229.593	1.31	1.82
238.423	1.32	1.88
247.96	1.31	1.95
999.839	3.23	4.35
1110.93	3.32	4.65
1249.92	3.42	5.04
1428.51	3.53	5.54
1666.62	3.67	6.21
2000.0	3.84	7.16
2105.28	3.92	7.5
2222.26	3.98	7.8
2353.01	4.04	8.18
2500.1	4.13	8.59
2666.81	4.22	9.02
2857.34	4.3	9.55
3076.43	4.39	10.1
3332.8	4.45	10.8
3635.78	4.51	11.6
3999.35	4.54	12.6
4443.73	4.59	13.8
4999.19	4.59	15.4
5262.31	4.6	16.2
5554.66	4.63	17.1
5881.4	4.66	18.1
6665.59	4.75	20.5
7141.7	4.89	22.0
7691.07	5.1	23.7
8331.99	5.37	25.6
9089.44	5.59	27.8
9998.39	5.81	30.4
10524.6	5.95	32.0
11109.3	6.12	33.7
11762.8	6.31	35.7
12499.2	6.48	37.7
13332.6	6.88	40.3
14285.1	7.3	43.2
15384.0	7.71	46.5
16666.2	8.38	50.3
18181.6	9.04	54.7
20000.0	9.87	60.1
20833.5	10.3	62.6
21739.4	10.7	65.4
22727.8	11.3	68.6
23810.3	12.0	71.9
25001.0	13.0	75.7
26317.1	14.2	79.8
27779.5	15.7	84.5
29414.0	17.7	89.3
31245.0	19.9	94.0
33328.0	22.5	100.0
35708.5	25.2	106.0
38455.3	29.1	114.0
41659.9	33.6	122.0
45447.2	38.6	130.0
49991.9	45.7	141.0
57133.6	51.2	126.0
66655.9	61.3	140.0
79987.1	75.2	158.0
99983.9	95.4	182.0
124992.0	120.0	207.0
153840.0	147.0	230.0
200000.0	183.0	260.0
285734.0	238.0	306.0
