280	1.554352208	3.7357E-06
285	1.551357463	3.7357E-06
290	1.548600695	3.7357E-06
295	1.546053041	3.7357E-06
300	1.543690464	3.7357E-06
305	1.541492728	2.87445E-06
310	1.539442636	2.0132E-06
315	1.537525448	1.6031E-06
320	1.535728431	0.000001193
325	1.534040514	8.91661E-07
330	1.532452008	5.90321E-07
335	1.530954387	3.33989E-07
340	1.529540109	2.57683E-07
345	1.528202473	1.81376E-07
350	1.526935498	1.0507E-07
355	1.525733824	8.66637E-08
360	1.524592633	6.82573E-08
365	1.523507577	4.9851E-08
370	1.522474721	4.074E-08
375	1.521490491	3.6924E-08
380	1.520551638	3.3108E-08
385	1.519655195	2.78285E-08
390	1.518798448	2.2549E-08
395	1.517978911	2.025E-08
400	1.517194299	1.7951E-08
405	1.516442509	1.6869E-08
410	1.515721602	1.6626E-08
415	1.515029788	1.6383E-08
420	1.51436541	1.614E-08
425	1.513726932	1.63322E-08
430	1.513112928	1.65244E-08
435	1.512522075	1.67166E-08
440	1.511953138	1.64152E-08
445	1.51140497	1.59904E-08
450	1.510876497	1.55656E-08
455	1.510366718	1.51408E-08
460	1.509874697	1.4716E-08
465	1.509399556	1.46751E-08
470	1.508940472	1.46343E-08
475	1.508496675	1.45934E-08
480	1.508067439	1.45525E-08
485	1.507652083	1.45116E-08
490	1.507249967	1.44708E-08
495	1.506860485	1.44299E-08
500	1.50648307	1.4389E-08
505	1.506117185	1.43424E-08
510	1.505762321	1.42957E-08
515	1.505418001	1.42491E-08
520	1.505083772	1.42025E-08
525	1.504759205	1.41558E-08
530	1.504443894	1.41092E-08
535	1.504137454	1.40626E-08
540	1.503839522	1.4016E-08
545	1.503549751	1.39693E-08
550	1.503267812	1.38434E-08
555	1.502993394	1.36977E-08
560	1.5027262	1.35519E-08
565	1.502465947	1.34062E-08
570	1.502212368	1.32605E-08
575	1.501965207	1.31147E-08
580	1.501724219	1.2969E-08
585	1.501489174	1.30807E-08
590	1.501259849	1.31925E-08
595	1.501036034	1.33042E-08
600	1.500817526	1.3416E-08
605	1.500604133	1.35277E-08
610	1.500395671	1.36395E-08
615	1.500191965	1.37512E-08
620	1.499992845	1.3863E-08
625	1.499798151	1.37105E-08
630	1.499607729	1.3558E-08
635	1.49942143	1.34055E-08
640	1.499239115	1.3253E-08
645	1.499060647	1.31005E-08
650	1.498885897	1.2948E-08
655	1.498714739	1.27955E-08
660	1.498547054	1.2643E-08
665	1.498382728	1.18995E-08
670	1.498221651	1.11559E-08
675	1.498063716	1.04124E-08
680	1.497908822	9.6688E-09
685	1.497756871	8.92525E-09
690	1.497607769	8.1817E-09
695	1.497461425	7.43815E-09
700	1.497317754	6.6946E-09
705	1.497176671	6.78944E-09
710	1.497038095	6.88428E-09
715	1.496901949	6.97912E-09
720	1.496768158	7.07396E-09
725	1.49663665	7.16879E-09
730	1.496507355	7.26363E-09
735	1.496380207	7.35847E-09
740	1.496255142	7.45331E-09
745	1.496132096	7.54815E-09
750	1.496011009	7.64299E-09
755	1.495891824	7.73783E-09
760	1.495774485	7.83267E-09
765	1.495658936	7.92751E-09
770	1.495545127	8.02234E-09
775	1.495433007	8.11718E-09
780	1.495322526	8.21202E-09
785	1.495213638	8.30686E-09
790	1.495106297	8.4017E-09
795	1.495000458	8.49654E-09
800	1.494896079	8.59138E-09
805	1.494793119	8.68622E-09
810	1.494691538	8.78106E-09
815	1.494591297	8.87589E-09
820	1.494492358	8.97073E-09
825	1.494394685	9.06557E-09
830	1.494298244	9.16041E-09
835	1.494202999	9.25525E-09
840	1.494108918	9.35009E-09
845	1.494015968	9.44493E-09
850	1.49392412	9.53977E-09
855	1.493833342	9.63461E-09
860	1.493743605	9.72944E-09
865	1.493654881	9.82428E-09
870	1.493567143	9.91912E-09
875	1.493480364	1.0014E-08
880	1.493394518	1.01088E-08
885	1.493309579	1.02036E-08
890	1.493225524	1.02985E-08
895	1.493142329	1.03933E-08
900	1.49305997	1.04882E-08
905	1.492978426	1.0583E-08
910	1.492897674	1.06778E-08
915	1.492817693	1.07727E-08
920	1.492738463	1.08675E-08
925	1.492659964	1.09623E-08
930	1.492582176	1.10572E-08
935	1.49250508	1.1152E-08
940	1.492428659	1.12469E-08
945	1.492352894	1.13417E-08
950	1.492277767	1.14365E-08
955	1.492203263	1.15314E-08
960	1.492129363	1.16262E-08
965	1.492056053	1.17211E-08
970	1.491983317	1.18159E-08
975	1.491911139	1.19107E-08
980	1.491839505	1.20056E-08
985	1.4917684	1.21004E-08
990	1.491697809	1.21953E-08
995	1.491627721	1.22901E-08
1000	1.49155812	1.23849E-08
1005	1.491488994	1.24798E-08
1010	1.491420331	1.25746E-08
1015	1.491352117	1.26694E-08
1020	1.491284341	1.27643E-08
1025	1.491216992	1.28591E-08
1030	1.491150057	1.2954E-08
1035	1.491083525	1.30488E-08
1040	1.491017386	1.31436E-08
1045	1.490951628	1.32385E-08
1050	1.490886242	1.33333E-08
1055	1.490821218	1.34282E-08
1060	1.490756544	1.3523E-08
1065	1.490692212	1.42675E-08
1070	1.490628212	1.5012E-08
1075	1.490564536	1.57564E-08
1080	1.490501173	1.65009E-08
1085	1.490438115	1.72454E-08
1090	1.490375354	1.79899E-08
1095	1.490312881	1.87344E-08
1100	1.490250688	1.94788E-08
1105	1.490188767	2.02233E-08
1110	1.49012711	2.09678E-08
1115	1.490065709	2.17123E-08
1120	1.490004557	2.24567E-08
1125	1.489943647	2.32012E-08
1130	1.489882971	2.39457E-08
1135	1.489822523	2.46902E-08
1140	1.489762295	2.54347E-08
1145	1.48970228	2.61791E-08
1150	1.489642474	2.69236E-08
1155	1.489582868	2.76681E-08
1160	1.489523456	2.84126E-08
1165	1.489464233	2.91571E-08
1170	1.489405193	2.99015E-08
1175	1.489346329	3.0646E-08
1180	1.489287635	3.13905E-08
1185	1.489229107	3.2135E-08
1190	1.489170739	3.28794E-08
1195	1.489112524	3.36239E-08
1200	1.489054459	3.43684E-08
1205	1.488996537	3.51129E-08
1210	1.488938754	3.58574E-08
1215	1.488881104	3.66018E-08
1220	1.488823584	3.73463E-08
1225	1.488766187	3.80908E-08
1230	1.48870891	3.88353E-08
1235	1.488651747	3.95798E-08
1240	1.488594695	4.03242E-08
1245	1.488537748	4.10687E-08
1250	1.488480903	4.18132E-08
1255	1.488424155	4.25577E-08
1260	1.4883675	4.33021E-08
1265	1.488310934	4.40466E-08
1270	1.488254453	4.47911E-08
1275	1.488198053	4.55356E-08
1280	1.488141731	4.62801E-08
1285	1.488085482	4.70245E-08
1290	1.488029302	4.7769E-08
1295	1.487973189	4.85135E-08
1300	1.487917139	4.9258E-08
1305	1.487861147	5.00025E-08
1310	1.487805211	5.07469E-08
1315	1.487749328	5.14914E-08
1320	1.487693493	5.22359E-08
1325	1.487637704	5.29804E-08
1330	1.487581957	5.37249E-08
1335	1.48752625	5.44693E-08
1340	1.487470579	5.52138E-08
1345	1.487414942	5.59583E-08
1350	1.487359335	5.67028E-08
1355	1.487303755	5.74472E-08
1360	1.487248199	5.81917E-08
1365	1.487192666	5.89362E-08
1370	1.487137151	5.96807E-08
1375	1.487081653	6.04252E-08
1380	1.487026168	6.11696E-08
1385	1.486970694	6.19141E-08
1390	1.486915229	6.26586E-08
1395	1.486859769	6.34031E-08
1400	1.486804313	6.41476E-08
1405	1.486748857	6.4892E-08
1410	1.4866934	6.56365E-08
1415	1.486637939	6.6381E-08
1420	1.486582472	6.71255E-08
1425	1.486526997	6.78699E-08
1430	1.48647151	6.86144E-08
1435	1.486416011	6.93589E-08
1440	1.486360496	7.01034E-08
1445	1.486304964	7.08479E-08
1450	1.486249413	7.15923E-08
1455	1.48619384	7.23368E-08
1460	1.486138244	7.30813E-08
1465	1.486082622	7.38258E-08
1470	1.486026972	7.45703E-08
1475	1.485971293	7.53147E-08
1480	1.485915583	7.60592E-08
1485	1.485859839	7.68037E-08
1490	1.48580406	7.75482E-08
1495	1.485748244	7.82926E-08
1500	1.485692389	7.90371E-08
1505	1.485636494	7.97816E-08
1510	1.485580556	8.05261E-08
1515	1.485524574	8.12706E-08
1520	1.485468546	8.2015E-08
1525	1.485412471	8.27595E-08
1530	1.485356347	8.3504E-08
1535	1.485300172	9.41358E-08
1540	1.485243945	1.04768E-07
1545	1.485187664	1.15399E-07
1550	1.485131327	1.26031E-07
1555	1.485074933	1.36663E-07
1560	1.485018481	1.47295E-07
1565	1.484961969	1.57926E-07
1570	1.484905395	1.68558E-07
1575	1.484848758	1.7919E-07
1580	1.484792057	1.89822E-07
1585	1.48473529	2.00453E-07
1590	1.484678456	2.11085E-07
1595	1.484621553	2.21717E-07
1600	1.484564581	2.32349E-07
1605	1.484507537	2.42981E-07
1610	1.48445042	2.53612E-07
1615	1.48439323	2.64244E-07
1620	1.484335965	2.74876E-07
1625	1.484278623	2.85508E-07
1630	1.484221203	2.96139E-07
1635	1.484163705	3.06771E-07
1640	1.484106126	3.17403E-07
1645	1.484048466	3.28035E-07
1650	1.483990724	3.38667E-07
1655	1.483932898	3.49298E-07
1660	1.483874987	3.5993E-07
1665	1.48381699	3.70562E-07
1670	1.483758906	3.81194E-07
1675	1.483700733	3.91825E-07
1680	1.483642471	4.02457E-07
1685	1.483584119	4.13089E-07
1690	1.483525676	4.23721E-07
1695	1.483467139	4.34352E-07
1700	1.483408509	4.44984E-07
1705	1.483349785	4.55616E-07
1710	1.483290964	4.66248E-07
1715	1.483232047	4.7688E-07
1720	1.483173033	4.87511E-07
1725	1.483113919	4.98143E-07
1730	1.483054706	5.08775E-07
1735	1.482995392	5.19407E-07
1740	1.482935976	5.30038E-07
1745	1.482876458	5.4067E-07
1750	1.482816837	5.51302E-07
1755	1.482757111	5.61934E-07
1760	1.482697279	5.72566E-07
1765	1.482637342	5.83197E-07
1770	1.482577297	5.93829E-07
1775	1.482517144	6.04461E-07
1780	1.482456882	6.15093E-07
1785	1.48239651	6.25724E-07
1790	1.482336028	6.36356E-07
1795	1.482275434	6.46988E-07
1800	1.482214728	6.5762E-07
1805	1.482153908	6.68251E-07
1810	1.482092975	6.78883E-07
1815	1.482031926	6.89515E-07
1820	1.481970762	7.00147E-07
1825	1.481909482	7.10779E-07
1830	1.481848084	7.2141E-07
1835	1.481786568	7.32042E-07
1840	1.481724933	7.42674E-07
1845	1.481663179	7.53306E-07
1850	1.481601304	7.63937E-07
1855	1.481539309	7.74569E-07
1860	1.481477191	7.85201E-07
1865	1.48141495	7.95833E-07
1870	1.481352587	8.06465E-07
1875	1.481290099	8.17096E-07
1880	1.481227486	8.27728E-07
1885	1.481164748	8.3836E-07
1890	1.481101883	8.48992E-07
1895	1.481038892	8.59623E-07
1900	1.480975773	8.70255E-07
1905	1.480912525	8.80887E-07
1910	1.480849148	8.91519E-07
1915	1.480785642	9.0215E-07
1920	1.480722005	9.12782E-07
1925	1.480658237	9.23414E-07
1930	1.480594338	9.34046E-07
1935	1.480530306	9.44678E-07
1940	1.48046614	9.55309E-07
1945	1.480401841	9.65941E-07
1950	1.480337408	9.76573E-07
1955	1.48027284	9.87205E-07
1960	1.480208136	9.97836E-07
1965	1.480143295	1.00847E-06
1970	1.480078318	1.0191E-06
1975	1.480013203	1.05291E-06
1980	1.47994795	1.08671E-06
1985	1.479882558	1.12052E-06
1990	1.479817027	1.15433E-06
1995	1.479751356	1.18814E-06
2000	1.479685544	1.22194E-06
2005	1.479619591	1.25575E-06
2010	1.479553496	1.28956E-06
2015	1.479487258	1.32336E-06
2020	1.479420878	1.35717E-06
2025	1.479354354	1.39098E-06
2030	1.479287686	1.42478E-06
2035	1.479220874	1.45859E-06
2040	1.479153916	1.4924E-06
2045	1.479086812	1.52621E-06
2050	1.479019561	1.56001E-06
2055	1.478952164	1.59382E-06
2060	1.478884619	1.62763E-06
2065	1.478816926	1.66143E-06
2070	1.478749085	1.69524E-06
2075	1.478681094	1.72905E-06
2080	1.478612953	1.76285E-06
2085	1.478544662	1.79666E-06
2090	1.47847622	1.83047E-06
2095	1.478407627	1.86428E-06
2100	1.478338882	1.89808E-06
2105	1.478269985	1.93189E-06
2110	1.478200935	1.9657E-06
2115	1.478131731	1.9995E-06
2120	1.478062373	2.03331E-06
2125	1.47799286	2.06712E-06
2130	1.477923193	2.10093E-06
2135	1.47785337	2.13473E-06
2140	1.47778339	2.16854E-06
2145	1.477713255	2.20235E-06
2150	1.477642962	2.23615E-06
2155	1.477572511	2.26996E-06
2160	1.477501903	2.30377E-06
2165	1.477431135	2.33757E-06
2170	1.477360209	2.37138E-06
2175	1.477289123	2.40519E-06
2180	1.477217877	2.439E-06
2185	1.47714647	2.4728E-06
2190	1.477074903	2.50661E-06
2195	1.477003173	2.54042E-06
2200	1.476931282	2.57422E-06
2205	1.476859228	2.60803E-06
2210	1.476787011	2.64184E-06
2215	1.47671463	2.67565E-06
2220	1.476642085	2.70945E-06
2225	1.476569376	2.74326E-06
2230	1.476496502	2.77707E-06
2235	1.476423463	2.81087E-06
2240	1.476350257	2.84468E-06
2245	1.476276885	2.87849E-06
2250	1.476203347	2.91229E-06
2255	1.476129641	2.9461E-06
2260	1.476055767	2.97991E-06
2265	1.475981725	3.01372E-06
2270	1.475907514	3.04752E-06
2275	1.475833134	3.08133E-06
2280	1.475758584	3.11514E-06
2285	1.475683864	3.14894E-06
2290	1.475608974	3.18275E-06
2295	1.475533913	3.21656E-06
2300	1.47545868	3.25036E-06
2305	1.475383275	3.28417E-06
2310	1.475307697	3.31798E-06
2315	1.475231947	3.35179E-06
2320	1.475156024	3.38559E-06
2325	1.475079926	3.4194E-06
2330	1.475003655	3.47038E-06
2335	1.474927209	3.52137E-06
2340	1.474850587	3.57235E-06
2345	1.474773791	3.62333E-06
2350	1.474696818	3.67431E-06
2355	1.474619668	3.7253E-06
2360	1.474542342	3.77628E-06
2365	1.474464838	3.82726E-06
2370	1.474387157	3.87825E-06
2375	1.474309297	3.92923E-06
2380	1.474231259	3.98021E-06
2385	1.474153041	4.03119E-06
2390	1.474074644	4.08218E-06
2395	1.473996067	4.13316E-06
2400	1.47391731	4.18414E-06
2405	1.473838371	4.23513E-06
2410	1.473759251	4.28611E-06
2415	1.47367995	4.33709E-06
2420	1.473600466	4.38807E-06
2425	1.4735208	4.43906E-06
2430	1.47344095	4.49004E-06
2435	1.473360917	4.54102E-06
2440	1.4732807	4.59201E-06
2445	1.473200299	4.64299E-06
2450	1.473119712	4.69397E-06
2455	1.473038941	4.74495E-06
2460	1.472957984	4.79594E-06
2465	1.472876841	4.84692E-06
2470	1.472795511	4.8979E-06
2475	1.472713994	4.94889E-06
2480	1.47263229	4.99987E-06
2485	1.472550397	5.05085E-06
2490	1.472468317	5.10183E-06
2495	1.472386048	5.15282E-06
2500	1.47230359	5.2038E-06
