280.0	1.628866411	1.1361E-5
285.0	1.62365373	1.1361E-5
290.0	1.618942887	1.1361E-5
295.0	1.614660648	1.1361E-5
300.0	1.610748063	1.1361E-5
305.0	1.607157047	1.1361E-5
310.0	1.603847914	1.1361E-5
315.0	1.600787558	7.21345E-6
320.0	1.597948103	3.0659E-6
325.0	1.595305872	2.17096E-6
330.0	1.5928406	1.27602E-6
335.0	1.590534818	5.33081E-7
340.0	1.588373369	3.98134E-7
345.0	1.586343028	2.63187E-7
350.0	1.584432191	1.2824E-7
355.0	1.582630626	1.04066E-7
360.0	1.580929267	7.9892E-8
365.0	1.579320053	5.5718E-8
370.0	1.577795781	4.7491E-8
375.0	1.576349998	4.1999E-8
380.0	1.574976896	3.6507E-8
385.0	1.573671238	3.07175E-8
390.0	1.572428284	2.4928E-8
395.0	1.57124373	2.32115E-8
400.0	1.570113664	2.1495E-8
405.0	1.569034515	1.9233E-8
410.0	1.568003018	1.84063E-8
415.0	1.567016183	1.75797E-8
420.0	1.566071263	1.6753E-8
425.0	1.565165734	1.58633E-8
430.0	1.564297266	1.49736E-8
435.0	1.56346371	1.40839E-8
440.0	1.562663078	1.40337E-8
445.0	1.561893528	1.41932E-8
450.0	1.561153352	1.43528E-8
455.0	1.560440962	1.45124E-8
460.0	1.559754881	1.4672E-8
465.0	1.559093733	1.48314E-8
470.0	1.558456235	1.49907E-8
475.0	1.557841188	1.51501E-8
480.0	1.557247471	1.53095E-8
485.0	1.556674035	1.54689E-8
490.0	1.556119896	1.56282E-8
495.0	1.555584132	1.57876E-8
500.0	1.555065875	1.5947E-8
505.0	1.554564313	1.56325E-8
510.0	1.554078679	1.53181E-8
515.0	1.553608251	1.50036E-8
520.0	1.553152349	1.46892E-8
525.0	1.552710332	1.43747E-8
530.0	1.552281594	1.40603E-8
535.0	1.551865563	1.37458E-8
540.0	1.551461697	1.34313E-8
545.0	1.551069485	1.31169E-8
550.0	1.550688442	1.31496E-8
555.0	1.550318108	1.32692E-8
560.0	1.549958047	1.33888E-8
565.0	1.549607847	1.35083E-8
570.0	1.549267114	1.36279E-8
575.0	1.548935475	1.37474E-8
580.0	1.548612577	1.3867E-8
585.0	1.548298081	1.46055E-8
590.0	1.547991666	1.5344E-8
595.0	1.547693027	1.60825E-8
600.0	1.547401873	1.6821E-8
605.0	1.547117926	1.75595E-8
610.0	1.546840921	1.8298E-8
615.0	1.546570605	1.90365E-8
620.0	1.546306736	1.9775E-8
625.0	1.546049085	1.99345E-8
630.0	1.545797431	2.0094E-8
635.0	1.545551562	2.02535E-8
640.0	1.545311279	2.0413E-8
645.0	1.545076387	2.05725E-8
650.0	1.544846702	2.0732E-8
655.0	1.544622047	2.08915E-8
660.0	1.544402253	2.1051E-8
665.0	1.544187156	2.05116E-8
670.0	1.543976603	1.99723E-8
675.0	1.543770442	1.94329E-8
680.0	1.54356853	1.88935E-8
685.0	1.54337073	1.83541E-8
690.0	1.543176909	1.78148E-8
695.0	1.542986941	1.72754E-8
700.0	1.542800702	1.6736E-8
705.0	1.542618077	1.69731E-8
710.0	1.542438951	1.72102E-8
715.0	1.542263215	1.74474E-8
720.0	1.542090767	1.76845E-8
725.0	1.541921503	1.79216E-8
730.0	1.541755329	1.81587E-8
735.0	1.54159215	1.83959E-8
740.0	1.541431876	1.8633E-8
745.0	1.54127442	1.88701E-8
750.0	1.5411197	1.91072E-8
755.0	1.540967633	1.93444E-8
760.0	1.540818143	1.95815E-8
765.0	1.540671154	1.98186E-8
770.0	1.540526593	2.00557E-8
775.0	1.540384392	2.02929E-8
780.0	1.540244481	2.053E-8
785.0	1.540106796	2.07671E-8
790.0	1.539971273	2.10042E-8
795.0	1.539837852	2.12414E-8
800.0	1.539706474	2.14785E-8
805.0	1.539577081	2.17156E-8
810.0	1.539449618	2.19527E-8
815.0	1.539324033	2.21899E-8
820.0	1.539200273	2.2427E-8
825.0	1.539078288	2.26641E-8
830.0	1.53895803	2.29012E-8
835.0	1.538839452	2.31384E-8
840.0	1.538722509	2.33755E-8
845.0	1.538607157	2.36126E-8
850.0	1.538493352	2.38497E-8
855.0	1.538381055	2.40869E-8
860.0	1.538270224	2.4324E-8
865.0	1.538160821	2.45611E-8
870.0	1.538052809	2.47982E-8
875.0	1.53794615	2.50354E-8
880.0	1.537840809	2.52725E-8
885.0	1.537736753	2.55096E-8
890.0	1.537633946	2.57467E-8
895.0	1.537532358	2.59839E-8
900.0	1.537431957	2.6221E-8
905.0	1.537332712	2.64581E-8
910.0	1.537234593	2.66952E-8
915.0	1.537137572	2.69324E-8
920.0	1.537041621	2.71695E-8
925.0	1.536946712	2.74066E-8
930.0	1.536852819	2.76437E-8
935.0	1.536759916	2.78809E-8
940.0	1.536667978	2.8118E-8
945.0	1.536576981	2.83551E-8
950.0	1.536486902	2.85922E-8
955.0	1.536397716	2.88294E-8
960.0	1.536309403	2.90665E-8
965.0	1.53622194	2.93036E-8
970.0	1.536135305	2.95407E-8
975.0	1.536049478	2.97779E-8
980.0	1.53596444	3.0015E-8
985.0	1.53588017	3.02521E-8
990.0	1.53579665	3.04892E-8
995.0	1.53571386	3.07264E-8
1000.0	1.535631784	3.09635E-8
1005.0	1.535550402	3.12006E-8
1010.0	1.535469699	3.14377E-8
1015.0	1.535389656	3.16749E-8
1020.0	1.535310259	3.1912E-8
1025.0	1.535231491	3.21491E-8
1030.0	1.535153336	3.23862E-8
1035.0	1.53507578	3.26234E-8
1040.0	1.534998807	3.28605E-8
1045.0	1.534922404	3.30976E-8
1050.0	1.534846556	3.33347E-8
1055.0	1.53477125	3.35719E-8
1060.0	1.534696471	3.3809E-8
1065.0	1.534622208	3.47511E-8
1070.0	1.534548448	3.56933E-8
1075.0	1.534475177	3.66354E-8
1080.0	1.534402384	3.75776E-8
1085.0	1.534330057	3.85197E-8
1090.0	1.534258185	3.94618E-8
1095.0	1.534186756	4.0404E-8
1100.0	1.534115759	4.13461E-8
1105.0	1.534045183	4.22882E-8
1110.0	1.533975018	4.32304E-8
1115.0	1.533905254	4.41725E-8
1120.0	1.53383588	4.51147E-8
1125.0	1.533766887	4.60568E-8
1130.0	1.533698265	4.69989E-8
1135.0	1.533630004	4.79411E-8
1140.0	1.533562096	4.88832E-8
1145.0	1.533494531	4.98254E-8
1150.0	1.533427301	5.07675E-8
1155.0	1.533360397	5.17096E-8
1160.0	1.533293811	5.26518E-8
1165.0	1.533227534	5.35939E-8
1170.0	1.533161559	5.4536E-8
1175.0	1.533095877	5.54782E-8
1180.0	1.533030481	5.64203E-8
1185.0	1.532965363	5.73625E-8
1190.0	1.532900516	5.83046E-8
1195.0	1.532835933	5.92467E-8
1200.0	1.532771606	6.01889E-8
1205.0	1.532707529	6.1131E-8
1210.0	1.532643695	6.20731E-8
1215.0	1.532580097	6.30153E-8
1220.0	1.532516729	6.39574E-8
1225.0	1.532453585	6.48996E-8
1230.0	1.532390657	6.58417E-8
1235.0	1.532327941	6.67838E-8
1240.0	1.53226543	6.7726E-8
1245.0	1.532203118	6.86681E-8
1250.0	1.532140999	6.96103E-8
1255.0	1.532079068	7.05524E-8
1260.0	1.53201732	7.14945E-8
1265.0	1.531955748	7.24367E-8
1270.0	1.531894347	7.33788E-8
1275.0	1.531833114	7.43209E-8
1280.0	1.531772041	7.52631E-8
1285.0	1.531711124	7.62052E-8
1290.0	1.531650359	7.71474E-8
1295.0	1.531589741	7.80895E-8
1300.0	1.531529264	7.90316E-8
1305.0	1.531468924	7.99738E-8
1310.0	1.531408717	8.09159E-8
1315.0	1.531348638	8.18581E-8
1320.0	1.531288682	8.28002E-8
1325.0	1.531228846	8.37423E-8
1330.0	1.531169126	8.46845E-8
1335.0	1.531109516	8.56266E-8
1340.0	1.531050013	8.65687E-8
1345.0	1.530990614	8.75109E-8
1350.0	1.530931313	8.8453E-8
1355.0	1.530872108	8.93952E-8
1360.0	1.530812995	9.03373E-8
1365.0	1.530753969	9.12794E-8
1370.0	1.530695027	9.22216E-8
1375.0	1.530636166	9.31637E-8
1380.0	1.530577381	9.41059E-8
1385.0	1.530518671	9.5048E-8
1390.0	1.53046003	9.59901E-8
1395.0	1.530401457	9.69323E-8
1400.0	1.530342947	9.78744E-8
1405.0	1.530284497	9.88165E-8
1410.0	1.530226105	9.97587E-8
1415.0	1.530167767	1.00701E-7
1420.0	1.530109479	1.01643E-7
1425.0	1.53005124	1.02585E-7
1430.0	1.529993046	1.03527E-7
1435.0	1.529934894	1.04469E-7
1440.0	1.529876781	1.05412E-7
1445.0	1.529818705	1.06354E-7
1450.0	1.529760663	1.07296E-7
1455.0	1.529702651	1.08238E-7
1460.0	1.529644668	1.0918E-7
1465.0	1.529586711	1.10122E-7
1470.0	1.529528777	1.11064E-7
1475.0	1.529470863	1.12006E-7
1480.0	1.529412967	1.12949E-7
1485.0	1.529355087	1.13891E-7
1490.0	1.529297221	1.14833E-7
1495.0	1.529239365	1.15775E-7
1500.0	1.529181517	1.16717E-7
1505.0	1.529123676	1.17659E-7
1510.0	1.529065838	1.18601E-7
1515.0	1.529008002	1.19544E-7
1520.0	1.528950166	1.20486E-7
1525.0	1.528892327	1.21428E-7
1530.0	1.528834482	1.2237E-7
1535.0	1.528776631	1.5204E-7
1540.0	1.528718771	1.81709E-7
1545.0	1.5286609	2.11379E-7
1550.0	1.528603015	2.41049E-7
1555.0	1.528545116	2.70718E-7
1560.0	1.528487199	3.00388E-7
1565.0	1.528429263	3.30058E-7
1570.0	1.528371307	3.59727E-7
1575.0	1.528313327	3.89397E-7
1580.0	1.528255323	4.19067E-7
1585.0	1.528197293	4.48736E-7
1590.0	1.528139234	4.78406E-7
1595.0	1.528081145	5.08076E-7
1600.0	1.528023025	5.37745E-7
1605.0	1.527964871	5.67415E-7
1610.0	1.527906682	5.97085E-7
1615.0	1.527848456	6.26754E-7
1620.0	1.527790192	6.56424E-7
1625.0	1.527731888	6.86094E-7
1630.0	1.527673542	7.15763E-7
1635.0	1.527615153	7.45433E-7
1640.0	1.527556719	7.75102E-7
1645.0	1.527498238	8.04772E-7
1650.0	1.52743971	8.34442E-7
1655.0	1.527381133	8.64111E-7
1660.0	1.527322504	8.93781E-7
1665.0	1.527263824	9.23451E-7
1670.0	1.527205089	9.5312E-7
1675.0	1.5271463	9.8279E-7
1680.0	1.527087454	1.01246E-6
1685.0	1.52702855	1.04213E-6
1690.0	1.526969587	1.0718E-6
1695.0	1.526910563	1.10147E-6
1700.0	1.526851477	1.13114E-6
1705.0	1.526792328	1.16081E-6
1710.0	1.526733114	1.19048E-6
1715.0	1.526673835	1.22015E-6
1720.0	1.526614488	1.24982E-6
1725.0	1.526555073	1.27949E-6
1730.0	1.526495589	1.30916E-6
1735.0	1.526436033	1.33883E-6
1740.0	1.526376406	1.3685E-6
1745.0	1.526316706	1.39817E-6
1750.0	1.526256931	1.42783E-6
1755.0	1.52619708	1.4575E-6
1760.0	1.526137153	1.48717E-6
1765.0	1.526077148	1.51684E-6
1770.0	1.526017064	1.54651E-6
1775.0	1.5259569	1.57618E-6
1780.0	1.525896655	1.60585E-6
1785.0	1.525836328	1.63552E-6
1790.0	1.525775918	1.66519E-6
1795.0	1.525715423	1.69486E-6
1800.0	1.525654842	1.72453E-6
1805.0	1.525594176	1.7542E-6
1810.0	1.525533421	1.78387E-6
1815.0	1.525472579	1.81354E-6
1820.0	1.525411647	1.84321E-6
1825.0	1.525350624	1.87288E-6
1830.0	1.52528951	1.90255E-6
1835.0	1.525228304	1.93222E-6
1840.0	1.525167004	1.96189E-6
1845.0	1.52510561	1.99156E-6
1850.0	1.52504412	2.02123E-6
1855.0	1.524982535	2.0509E-6
1860.0	1.524920852	2.08057E-6
1865.0	1.524859071	2.11024E-6
1870.0	1.524797192	2.13991E-6
1875.0	1.524735212	2.16958E-6
1880.0	1.524673132	2.19925E-6
1885.0	1.52461095	2.22892E-6
1890.0	1.524548666	2.25859E-6
1895.0	1.524486278	2.28826E-6
1900.0	1.524423787	2.31792E-6
1905.0	1.52436119	2.34759E-6
1910.0	1.524298487	2.37726E-6
1915.0	1.524235678	2.40693E-6
1920.0	1.524172762	2.4366E-6
1925.0	1.524109737	2.46627E-6
1930.0	1.524046603	2.49594E-6
1935.0	1.523983359	2.52561E-6
1940.0	1.523920004	2.55528E-6
1945.0	1.523856538	2.58495E-6
1950.0	1.52379296	2.61462E-6
1955.0	1.523729269	2.64429E-6
1960.0	1.523665464	2.67396E-6
1965.0	1.523601544	2.70363E-6
1970.0	1.523537509	2.7333E-6
1975.0	1.523473358	2.82361E-6
1980.0	1.523409091	2.91392E-6
1985.0	1.523344706	3.00423E-6
1990.0	1.523280202	3.09455E-6
1995.0	1.52321558	3.18486E-6
2000.0	1.523150838	3.27517E-6
2005.0	1.523085976	3.36548E-6
2010.0	1.523020993	3.45579E-6
2015.0	1.522955888	3.5461E-6
2020.0	1.522890661	3.63641E-6
2025.0	1.52282531	3.72672E-6
2030.0	1.522759836	3.81704E-6
2035.0	1.522694238	3.90735E-6
2040.0	1.522628514	3.99766E-6
2045.0	1.522562664	4.08797E-6
2050.0	1.522496688	4.17828E-6
2055.0	1.522430585	4.26859E-6
2060.0	1.522364354	4.3589E-6
2065.0	1.522297995	4.44921E-6
2070.0	1.522231506	4.53953E-6
2075.0	1.522164888	4.62984E-6
2080.0	1.52209814	4.72015E-6
2085.0	1.522031261	4.81046E-6
2090.0	1.52196425	4.90077E-6
2095.0	1.521897107	4.99108E-6
2100.0	1.521829831	5.08139E-6
2105.0	1.521762422	5.1717E-6
2110.0	1.521694879	5.26202E-6
2115.0	1.521627201	5.35233E-6
2120.0	1.521559388	5.44264E-6
2125.0	1.521491439	5.53295E-6
2130.0	1.521423354	5.62326E-6
2135.0	1.521355131	5.71357E-6
2140.0	1.521286772	5.80388E-6
2145.0	1.521218274	5.89419E-6
2150.0	1.521149637	5.98451E-6
2155.0	1.521080861	6.07482E-6
2160.0	1.521011945	6.16513E-6
2165.0	1.520942889	6.25544E-6
2170.0	1.520873692	6.34575E-6
2175.0	1.520804353	6.43606E-6
2180.0	1.520734872	6.52637E-6
2185.0	1.520665248	6.61668E-6
2190.0	1.520595481	6.707E-6
2195.0	1.520525571	6.79731E-6
2200.0	1.520455516	6.88762E-6
2205.0	1.520385316	6.97793E-6
2210.0	1.520314971	7.06824E-6
2215.0	1.52024448	7.15855E-6
2220.0	1.520173842	7.24886E-6
2225.0	1.520103057	7.33917E-6
2230.0	1.520032125	7.42949E-6
2235.0	1.519961045	7.5198E-6
2240.0	1.519889816	7.61011E-6
2245.0	1.519818438	7.70042E-6
2250.0	1.51974691	7.79073E-6
2255.0	1.519675232	7.88104E-6
2260.0	1.519603404	7.97135E-6
2265.0	1.519531424	8.06166E-6
2270.0	1.519459293	8.15198E-6
2275.0	1.519387009	8.24229E-6
2280.0	1.519314573	8.3326E-6
2285.0	1.519241984	8.42291E-6
2290.0	1.51916924	8.51322E-6
2295.0	1.519096343	8.60353E-6
2300.0	1.519023291	8.69384E-6
2305.0	1.518950084	8.78415E-6
2310.0	1.51887672	8.87447E-6
2315.0	1.518803201	8.96478E-6
2320.0	1.518729525	9.05509E-6
2325.0	1.518655692	9.1454E-6
2330.0	1.518581701	9.2781E-6
2335.0	1.518507552	9.41081E-6
2340.0	1.518433245	9.54351E-6
2345.0	1.518358778	9.67621E-6
2350.0	1.518284152	9.80891E-6
2355.0	1.518209365	9.94162E-6
2360.0	1.518134418	1.00743E-5
2365.0	1.51805931	1.0207E-5
2370.0	1.517984041	1.03397E-5
2375.0	1.517908609	1.04724E-5
2380.0	1.517833015	1.06051E-5
2385.0	1.517757258	1.07378E-5
2390.0	1.517681338	1.08705E-5
2395.0	1.517605253	1.10032E-5
2400.0	1.517529005	1.11359E-5
2405.0	1.517452591	1.12686E-5
2410.0	1.517376013	1.14013E-5
2415.0	1.517299268	1.15341E-5
2420.0	1.517222358	1.16668E-5
2425.0	1.517145281	1.17995E-5
2430.0	1.517068036	1.19322E-5
2435.0	1.516990624	1.20649E-5
2440.0	1.516913044	1.21976E-5
2445.0	1.516835296	1.23303E-5
2450.0	1.516757378	1.2463E-5
2455.0	1.516679292	1.25957E-5
2460.0	1.516601035	1.27284E-5
2465.0	1.516522608	1.28611E-5
2470.0	1.51644401	1.29938E-5
2475.0	1.516365241	1.31265E-5
2480.0	1.516286301	1.32592E-5
2485.0	1.516207188	1.33919E-5
2490.0	1.516127903	1.35246E-5
2495.0	1.516048444	1.36573E-5
2500.0	1.515968812	1.379E-5
