280.0	1.5268	1.0628E-5
285.0	1.5268	1.0628E-5
290.0	1.5268	1.0628E-5
295.0	1.5255	9.1563E-6
300.0	1.5242	7.6845E-6
305.0	1.5229	6.4575E-6
310.0	1.5216	5.2305E-6
315.0	1.5205	4.1482E-6
320.0	1.5195	3.0659E-6
325.0	1.5184	2.4095E-6
330.0	1.5174	1.7531E-6
335.0	1.5164	1.1735E-6
340.0	1.5156	9.0102E-7
345.0	1.5148	6.2853E-7
350.0	1.514	3.5604E-7
355.0	1.5132	2.6685E-7
360.0	1.5125	1.7766E-7
365.0	1.5118	8.8471E-8
370.0	1.5112	5.9484E-8
375.0	1.5105	4.6466E-8
380.0	1.5099	3.3448E-8
385.0	1.5093	2.9188E-8
390.0	1.5088	2.4928E-8
395.0	1.5082	2.5247E-8
400.0	1.5077	2.5567E-8
405.0	1.5072	2.5887E-8
410.0	1.5067	2.8455E-8
415.0	1.5063	3.1023E-8
420.0	1.5058	3.3591E-8
425.0	1.5054	3.3991E-8
430.0	1.505	3.439E-8
435.0	1.5046	3.479E-8
440.0	1.5042	3.3959E-8
445.0	1.5038	3.282E-8
450.0	1.5035	3.168E-8
455.0	1.5032	3.0541E-8
460.0	1.5028	2.9402E-8
465.0	1.5025	2.772E-8
470.0	1.5022	2.6038E-8
475.0	1.5019	2.4356E-8
480.0	1.5016	2.2675E-8
485.0	1.5013	2.0993E-8
490.0	1.501	1.9311E-8
495.0	1.5008	1.7629E-8
500.0	1.5005	1.5947E-8
505.0	1.5003	1.5633E-8
510.0	1.5	1.5318E-8
515.0	1.4998	1.5004E-8
520.0	1.4996	1.4689E-8
525.0	1.4993	1.4375E-8
530.0	1.4991	1.406E-8
535.0	1.4989	1.3746E-8
540.0	1.4987	1.3431E-8
545.0	1.4985	1.3117E-8
550.0	1.4983	1.315E-8
555.0	1.4981	1.3269E-8
560.0	1.4979	1.3389E-8
565.0	1.4978	1.3508E-8
570.0	1.4976	1.3628E-8
575.0	1.4974	1.3747E-8
580.0	1.4972	1.3867E-8
585.0	1.4971	1.5225E-8
590.0	1.4969	1.6583E-8
595.0	1.4968	1.7941E-8
600.0	1.4966	1.9299E-8
605.0	1.4965	2.0657E-8
610.0	1.4963	2.2015E-8
615.0	1.4962	2.3373E-8
620.0	1.4961	2.4731E-8
625.0	1.4959	2.6251E-8
630.0	1.4958	2.7772E-8
635.0	1.4957	2.9292E-8
640.0	1.4955	3.0812E-8
645.0	1.4954	3.2333E-8
650.0	1.4953	3.3853E-8
655.0	1.4952	3.5374E-8
660.0	1.4951	3.6894E-8
665.0	1.4949	3.7173E-8
670.0	1.4948	3.7453E-8
675.0	1.4947	3.7732E-8
680.0	1.4946	3.8012E-8
685.0	1.4945	3.8291E-8
690.0	1.4944	3.8571E-8
695.0	1.4943	3.885E-8
700.0	1.4942	3.913E-8
705.0	1.4941	3.9292E-8
710.0	1.494	3.9453E-8
715.0	1.4939	3.9615E-8
720.0	1.4938	3.9776E-8
725.0	1.4937	3.9938E-8
730.0	1.4936	4.0099E-8
735.0	1.4936	4.0261E-8
740.0	1.4935	4.0423E-8
745.0	1.4934	4.0584E-8
750.0	1.4933	4.0746E-8
755.0	1.4932	4.0907E-8
760.0	1.4931	4.1069E-8
765.0	1.4931	4.1231E-8
770.0	1.493	4.1392E-8
775.0	1.4929	4.1554E-8
780.0	1.4928	4.1715E-8
785.0	1.4928	4.1877E-8
790.0	1.4927	4.2038E-8
795.0	1.4926	4.22E-8
800.0	1.4925	4.2362E-8
805.0	1.4925	4.2523E-8
810.0	1.4924	4.2685E-8
815.0	1.4923	4.2846E-8
820.0	1.4923	4.3008E-8
825.0	1.4922	4.317E-8
830.0	1.4921	4.3331E-8
835.0	1.4921	4.3493E-8
840.0	1.492	4.3654E-8
845.0	1.4919	4.3816E-8
850.0	1.4919	4.3977E-8
855.0	1.4918	4.4139E-8
860.0	1.4917	4.4301E-8
865.0	1.4917	4.4462E-8
870.0	1.4916	4.4624E-8
875.0	1.4916	4.4785E-8
880.0	1.4915	4.4947E-8
885.0	1.4914	4.5109E-8
890.0	1.4914	4.527E-8
895.0	1.4913	4.5432E-8
900.0	1.4913	4.5593E-8
905.0	1.4912	4.5755E-8
910.0	1.4912	4.5916E-8
915.0	1.4911	4.6078E-8
920.0	1.4911	4.624E-8
925.0	1.491	4.6401E-8
930.0	1.4909	4.6563E-8
935.0	1.4909	4.6724E-8
940.0	1.4908	4.6886E-8
945.0	1.4908	4.7048E-8
950.0	1.4907	4.7209E-8
955.0	1.4907	4.7371E-8
960.0	1.4906	4.7532E-8
965.0	1.4906	4.7694E-8
970.0	1.4905	4.7855E-8
975.0	1.4905	4.8017E-8
980.0	1.4904	4.8179E-8
985.0	1.4904	4.834E-8
990.0	1.4903	4.8502E-8
995.0	1.4903	4.8663E-8
1000.0	1.4903	4.8825E-8
1005.0	1.4902	4.8987E-8
1010.0	1.4902	4.9148E-8
1015.0	1.4901	4.931E-8
1020.0	1.4901	4.9471E-8
1025.0	1.49	4.9633E-8
1030.0	1.49	4.9794E-8
1035.0	1.4899	4.9956E-8
1040.0	1.4899	5.0118E-8
1045.0	1.4898	5.0279E-8
1050.0	1.4898	5.0441E-8
1055.0	1.4898	5.0602E-8
1060.0	1.4897	5.0764E-8
1065.0	1.4897	5.1003E-8
1070.0	1.4896	5.1243E-8
1075.0	1.4896	5.1482E-8
1080.0	1.4895	5.1722E-8
1085.0	1.4895	5.1961E-8
1090.0	1.4895	5.2201E-8
1095.0	1.4894	5.244E-8
1100.0	1.4894	5.268E-8
1105.0	1.4893	5.2919E-8
1110.0	1.4893	5.3158E-8
1115.0	1.4892	5.3398E-8
1120.0	1.4892	5.3637E-8
1125.0	1.4892	5.3877E-8
1130.0	1.4891	5.4116E-8
1135.0	1.4891	5.4356E-8
1140.0	1.489	5.4595E-8
1145.0	1.489	5.4835E-8
1150.0	1.489	5.5074E-8
1155.0	1.4889	5.5313E-8
1160.0	1.4889	5.5553E-8
1165.0	1.4888	5.5792E-8
1170.0	1.4888	5.6032E-8
1175.0	1.4888	5.6271E-8
1180.0	1.4887	5.6511E-8
1185.0	1.4887	5.675E-8
1190.0	1.4887	5.699E-8
1195.0	1.4886	5.7229E-8
1200.0	1.4886	5.7469E-8
1205.0	1.4885	5.7708E-8
1210.0	1.4885	5.7947E-8
1215.0	1.4885	5.8187E-8
1220.0	1.4884	5.8426E-8
1225.0	1.4884	5.8666E-8
1230.0	1.4883	5.8905E-8
1235.0	1.4883	5.9145E-8
1240.0	1.4883	5.9384E-8
1245.0	1.4882	5.9624E-8
1250.0	1.4882	5.9863E-8
1255.0	1.4882	6.0102E-8
1260.0	1.4881	6.0342E-8
1265.0	1.4881	6.0581E-8
1270.0	1.488	6.0821E-8
1275.0	1.488	6.106E-8
1280.0	1.488	6.13E-8
1285.0	1.4879	6.1539E-8
1290.0	1.4879	6.1779E-8
1295.0	1.4879	6.2018E-8
1300.0	1.4878	6.2257E-8
1305.0	1.4878	6.2497E-8
1310.0	1.4878	6.2736E-8
1315.0	1.4877	6.2976E-8
1320.0	1.4877	6.3215E-8
1325.0	1.4876	6.3455E-8
1330.0	1.4876	6.3694E-8
1335.0	1.4876	6.3934E-8
1340.0	1.4875	6.4173E-8
1345.0	1.4875	6.4412E-8
1350.0	1.4875	6.4652E-8
1355.0	1.4874	6.4891E-8
1360.0	1.4874	6.5131E-8
1365.0	1.4873	6.537E-8
1370.0	1.4873	6.561E-8
1375.0	1.4873	6.5849E-8
1380.0	1.4872	6.6089E-8
1385.0	1.4872	6.6328E-8
1390.0	1.4872	6.6567E-8
1395.0	1.4871	6.6807E-8
1400.0	1.4871	6.7046E-8
1405.0	1.4871	6.7286E-8
1410.0	1.487	6.7525E-8
1415.0	1.487	6.7765E-8
1420.0	1.487	6.8004E-8
1425.0	1.4869	6.8244E-8
1430.0	1.4869	6.8483E-8
1435.0	1.4868	6.8723E-8
1440.0	1.4868	6.8962E-8
1445.0	1.4868	6.9201E-8
1450.0	1.4867	6.9441E-8
1455.0	1.4867	6.968E-8
1460.0	1.4867	6.992E-8
1465.0	1.4866	7.0159E-8
1470.0	1.4866	7.0399E-8
1475.0	1.4866	7.0638E-8
1480.0	1.4865	7.0878E-8
1485.0	1.4865	7.1117E-8
1490.0	1.4864	7.1356E-8
1495.0	1.4864	7.1596E-8
1500.0	1.4864	7.1835E-8
1505.0	1.4863	7.2075E-8
1510.0	1.4863	7.2314E-8
1515.0	1.4863	7.2554E-8
1520.0	1.4862	7.2793E-8
1525.0	1.4862	7.3033E-8
1530.0	1.4862	7.3272E-8
1535.0	1.4861	7.423E-8
1540.0	1.4861	7.5188E-8
1545.0	1.486	7.6145E-8
1550.0	1.486	7.7103E-8
1555.0	1.486	7.8061E-8
1560.0	1.4859	7.9019E-8
1565.0	1.4859	7.9977E-8
1570.0	1.4859	8.0935E-8
1575.0	1.4858	8.1892E-8
1580.0	1.4858	8.285E-8
1585.0	1.4858	8.3808E-8
1590.0	1.4857	8.4766E-8
1595.0	1.4857	8.5724E-8
1600.0	1.4856	8.6681E-8
1605.0	1.4856	8.7639E-8
1610.0	1.4856	8.8597E-8
1615.0	1.4855	8.9555E-8
1620.0	1.4855	9.0513E-8
1625.0	1.4855	9.1471E-8
1630.0	1.4854	9.2428E-8
1635.0	1.4854	9.3386E-8
1640.0	1.4854	9.4344E-8
1645.0	1.4853	9.5302E-8
1650.0	1.4853	9.626E-8
1655.0	1.4852	9.7217E-8
1660.0	1.4852	9.8175E-8
1665.0	1.4852	9.9133E-8
1670.0	1.4851	1.0009E-7
1675.0	1.4851	1.0105E-7
1680.0	1.4851	1.0201E-7
1685.0	1.485	1.0296E-7
1690.0	1.485	1.0392E-7
1695.0	1.4849	1.0488E-7
1700.0	1.4849	1.0584E-7
1705.0	1.4849	1.068E-7
1710.0	1.4848	1.0775E-7
1715.0	1.4848	1.0871E-7
1720.0	1.4848	1.0967E-7
1725.0	1.4847	1.1063E-7
1730.0	1.4847	1.1158E-7
1735.0	1.4846	1.1254E-7
1740.0	1.4846	1.135E-7
1745.0	1.4846	1.1446E-7
1750.0	1.4845	1.1542E-7
1755.0	1.4845	1.1637E-7
1760.0	1.4845	1.1733E-7
1765.0	1.4844	1.1829E-7
1770.0	1.4844	1.1925E-7
1775.0	1.4843	1.2021E-7
1780.0	1.4843	1.2116E-7
1785.0	1.4843	1.2212E-7
1790.0	1.4842	1.2308E-7
1795.0	1.4842	1.2404E-7
1800.0	1.4841	1.2499E-7
1805.0	1.4841	1.2595E-7
1810.0	1.4841	1.2691E-7
1815.0	1.484	1.2787E-7
1820.0	1.484	1.2883E-7
1825.0	1.484	1.2978E-7
1830.0	1.484	1.3074E-7
1835.0	1.484	1.317E-7
1840.0	1.484	1.3266E-7
1845.0	1.484	1.3361E-7
1850.0	1.4838	1.3457E-7
1855.0	1.4837	1.3553E-7
1860.0	1.4837	1.3649E-7
1865.0	1.4836	1.3745E-7
1870.0	1.4836	1.384E-7
1875.0	1.4836	1.3936E-7
1880.0	1.4835	1.4032E-7
1885.0	1.4835	1.4128E-7
1890.0	1.4834	1.4223E-7
1895.0	1.4834	1.4319E-7
1900.0	1.4834	1.4415E-7
1905.0	1.4833	1.4511E-7
1910.0	1.4833	1.4607E-7
1915.0	1.4832	1.4702E-7
1920.0	1.4832	1.4798E-7
1925.0	1.4832	1.4894E-7
1930.0	1.4831	1.499E-7
1935.0	1.4831	1.5086E-7
1940.0	1.483	1.5181E-7
1945.0	1.483	1.5277E-7
1950.0	1.483	1.5373E-7
1955.0	1.4829	1.5469E-7
1960.0	1.4829	1.5564E-7
1965.0	1.4828	1.566E-7
1970.0	1.4828	1.5756E-7
1975.0	1.4828	1.6114E-7
1980.0	1.4827	1.6472E-7
1985.0	1.4827	1.6829E-7
1990.0	1.4826	1.7187E-7
1995.0	1.4826	1.7545E-7
2000.0	1.4826	1.7903E-7
2005.0	1.4825	1.826E-7
2010.0	1.4825	1.8618E-7
2015.0	1.4824	1.8976E-7
2020.0	1.4824	1.9334E-7
2025.0	1.4823	1.9692E-7
2030.0	1.4823	2.0049E-7
2035.0	1.4823	2.0407E-7
2040.0	1.4822	2.0765E-7
2045.0	1.4822	2.1123E-7
2050.0	1.4821	2.148E-7
2055.0	1.4821	2.1838E-7
2060.0	1.482	2.2196E-7
2065.0	1.482	2.2554E-7
2070.0	1.482	2.2911E-7
2075.0	1.4819	2.3269E-7
2080.0	1.4819	2.3627E-7
2085.0	1.4818	2.3985E-7
2090.0	1.4818	2.4343E-7
2095.0	1.4818	2.47E-7
2100.0	1.4817	2.5058E-7
2105.0	1.4817	2.5416E-7
2110.0	1.4816	2.5774E-7
2115.0	1.4816	2.6131E-7
2120.0	1.4815	2.6489E-7
2125.0	1.4815	2.6847E-7
2130.0	1.4814	2.7205E-7
2135.0	1.4814	2.7563E-7
2140.0	1.4814	2.792E-7
2145.0	1.4813	2.8278E-7
2150.0	1.4813	2.8636E-7
2155.0	1.4812	2.8994E-7
2160.0	1.4812	2.9351E-7
2165.0	1.4811	2.9709E-7
2170.0	1.4811	3.0067E-7
2175.0	1.481	3.0425E-7
2180.0	1.481	3.0783E-7
2185.0	1.481	3.114E-7
2190.0	1.4809	3.1498E-7
2195.0	1.4809	3.1856E-7
2200.0	1.4808	3.2214E-7
2205.0	1.4808	3.2571E-7
2210.0	1.4807	3.2929E-7
2215.0	1.4807	3.3287E-7
2220.0	1.4806	3.3645E-7
2225.0	1.4806	3.4003E-7
2230.0	1.4806	3.436E-7
2235.0	1.4805	3.4718E-7
2240.0	1.4805	3.5076E-7
2245.0	1.4804	3.5434E-7
2250.0	1.4804	3.5791E-7
2255.0	1.4803	3.6149E-7
2260.0	1.4803	3.6507E-7
2265.0	1.4802	3.6865E-7
2270.0	1.4802	3.7222E-7
2275.0	1.4802	3.758E-7
2280.0	1.4801	3.7938E-7
2285.0	1.48	3.8296E-7
2290.0	1.48	3.8654E-7
2295.0	1.48	3.9011E-7
2300.0	1.4799	3.9369E-7
2305.0	1.4799	3.9727E-7
2310.0	1.4798	4.0085E-7
2315.0	1.4798	4.0442E-7
2320.0	1.4797	4.08E-7
2325.0	1.4797	4.1158E-7
2330.0	1.4796	4.1889E-7
2335.0	1.4796	4.2621E-7
2340.0	1.4795	4.3352E-7
2345.0	1.4795	4.4084E-7
2350.0	1.4794	4.4815E-7
2355.0	1.4794	4.5547E-7
2360.0	1.4793	4.6278E-7
2365.0	1.4793	4.701E-7
2370.0	1.4792	4.7741E-7
2375.0	1.4792	4.8473E-7
2380.0	1.4792	4.9204E-7
2385.0	1.4791	4.9935E-7
2390.0	1.4791	5.0667E-7
2395.0	1.479	5.1398E-7
2400.0	1.479	5.213E-7
2405.0	1.4789	5.2861E-7
2410.0	1.4789	5.3593E-7
2415.0	1.4788	5.4324E-7
2420.0	1.4788	5.5056E-7
2425.0	1.4787	5.5787E-7
2430.0	1.4787	5.6519E-7
2435.0	1.4786	5.725E-7
2440.0	1.4786	5.7982E-7
2445.0	1.4785	5.8713E-7
2450.0	1.4785	5.9444E-7
2455.0	1.4784	6.0176E-7
2460.0	1.4784	6.0907E-7
2465.0	1.4783	6.1639E-7
2470.0	1.4783	6.237E-7
2475.0	1.4782	6.3102E-7
2480.0	1.4782	6.3833E-7
2485.0	1.4781	6.4565E-7
2490.0	1.4781	6.5296E-7
2495.0	1.478	6.6028E-7
2500.0	1.478	6.6759E-7
