280.0	1.663362606	8.9294E-6
285.0	1.662256374	8.9294E-6
290.0	1.661150142	8.9294E-6
295.0	1.660043909	8.9294E-6
300.0	1.658937677	8.9294E-6
305.0	1.657831445	8.9294E-6
310.0	1.656725213	8.9294E-6
315.0	1.65561898	8.9294E-6
320.0	1.654512748	8.9294E-6
325.0	1.652947321	7.26808E-6
330.0	1.651381894	5.60676E-6
335.0	1.649816467	4.12086E-6
340.0	1.648251039	3.33668E-6
345.0	1.646884563	2.55249E-6
350.0	1.645629996	1.7683E-6
355.0	1.64437543	1.41943E-6
360.0	1.643120863	1.07055E-6
365.0	1.641930843	7.2168E-7
370.0	1.640906799	5.4862E-7
375.0	1.639882756	4.3361E-7
380.0	1.638858712	3.186E-7
385.0	1.637834668	2.55315E-7
390.0	1.636971787	1.9203E-7
395.0	1.63612292	1.5437E-7
400.0	1.635274053	1.1671E-7
405.0	1.634425186	9.8167E-8
410.0	1.633652386	8.90897E-8
415.0	1.632939352	8.00123E-8
420.0	1.632226318	7.0935E-8
425.0	1.631513284	6.84619E-8
430.0	1.630821676	6.59888E-8
435.0	1.630215775	6.35156E-8
440.0	1.629609873	6.11192E-8
445.0	1.629003972	5.87419E-8
450.0	1.628398071	5.63646E-8
455.0	1.627864188	5.39873E-8
460.0	1.627344023	5.161E-8
465.0	1.626823858	4.91536E-8
470.0	1.626303693	4.66973E-8
475.0	1.625816881	4.42409E-8
480.0	1.6253662	4.17845E-8
485.0	1.62491552	3.93281E-8
490.0	1.62446484	3.68718E-8
495.0	1.624020993	3.44154E-8
500.0	1.623627253	3.1959E-8
505.0	1.623233514	3.08525E-8
510.0	1.622839774	2.9746E-8
515.0	1.622446034	2.86394E-8
520.0	1.622088105	2.75329E-8
525.0	1.621741483	2.64264E-8
530.0	1.621394862	2.53199E-8
535.0	1.62104824	2.42133E-8
540.0	1.620717351	2.31068E-8
545.0	1.62041006	2.20003E-8
550.0	1.62010277	2.24845E-8
555.0	1.619795479	2.33664E-8
560.0	1.619489512	2.42484E-8
565.0	1.619215307	2.51303E-8
570.0	1.618941102	2.60122E-8
575.0	1.618666897	2.68941E-8
580.0	1.618392693	2.7776E-8
585.0	1.618137546	2.92576E-8
590.0	1.617891369	3.07392E-8
595.0	1.617645192	3.22209E-8
600.0	1.617399015	3.37025E-8
605.0	1.617160483	3.51841E-8
610.0	1.616938198	3.66657E-8
615.0	1.616715912	3.81474E-8
620.0	1.616493627	3.9629E-8
625.0	1.616271342	3.92871E-8
630.0	1.61606872	3.89453E-8
635.0	1.615866918	3.86034E-8
640.0	1.615665116	3.82615E-8
645.0	1.615463314	3.79196E-8
650.0	1.615272102	3.75778E-8
655.0	1.61508795	3.72359E-8
660.0	1.614903799	3.6894E-8
665.0	1.614719647	3.64726E-8
670.0	1.614539163	3.60513E-8
675.0	1.614370293	3.56299E-8
680.0	1.614201422	3.52085E-8
685.0	1.614032552	3.47871E-8
690.0	1.613863681	3.43658E-8
695.0	1.613706503	3.39444E-8
700.0	1.613550918	3.3523E-8
705.0	1.613395333	3.37625E-8
710.0	1.613239749	3.40019E-8
715.0	1.613090194	3.42414E-8
720.0	1.612946205	3.44808E-8
725.0	1.612802215	3.47203E-8
730.0	1.612658226	3.49597E-8
735.0	1.612515862	3.51992E-8
740.0	1.612382028	3.54387E-8
745.0	1.612248193	3.56781E-8
750.0	1.612114359	3.59176E-8
755.0	1.611980525	3.6157E-8
760.0	1.611853828	3.63965E-8
765.0	1.611728916	3.6636E-8
770.0	1.611604003	3.68754E-8
775.0	1.611479091	3.71149E-8
780.0	1.611357636	3.73543E-8
785.0	1.611240584	3.75938E-8
790.0	1.611123531	3.78332E-8
795.0	1.611006479	3.80727E-8
800.0	1.610889981	3.83122E-8
805.0	1.610779871	3.85516E-8
810.0	1.61066976	3.87911E-8
815.0	1.61055965	3.90305E-8
820.0	1.610449539	3.927E-8
825.0	1.610343853	3.95095E-8
830.0	1.610239887	3.97489E-8
835.0	1.610135922	3.99884E-8
840.0	1.610031956	4.02278E-8
845.0	1.609929952	4.04673E-8
850.0	1.609831437	4.07067E-8
855.0	1.609732921	4.09462E-8
860.0	1.609634405	4.11857E-8
865.0	1.60953589	4.14251E-8
870.0	1.609442215	4.16646E-8
875.0	1.609348541	4.1904E-8
880.0	1.609254867	4.21435E-8
885.0	1.609161193	4.2383E-8
890.0	1.609070276	4.26224E-8
895.0	1.608980909	4.28619E-8
900.0	1.608891542	4.31013E-8
905.0	1.608802175	4.33408E-8
910.0	1.608713883	4.35802E-8
915.0	1.608628352	4.38197E-8
920.0	1.608542821	4.40592E-8
925.0	1.608457291	4.42986E-8
930.0	1.60837176	4.45381E-8
935.0	1.608289375	4.47775E-8
940.0	1.608207264	4.5017E-8
945.0	1.608125153	4.52565E-8
950.0	1.608043042	4.54959E-8
955.0	1.607962638	4.57354E-8
960.0	1.607883577	4.59748E-8
965.0	1.607804516	4.62143E-8
970.0	1.607725455	4.64537E-8
975.0	1.607646937	4.66932E-8
980.0	1.607570597	4.69327E-8
985.0	1.607494257	4.71721E-8
990.0	1.607417916	4.74116E-8
995.0	1.607341576	4.7651E-8
1000.0	1.607267292	4.78905E-8
1005.0	1.6071934	4.813E-8
1010.0	1.607119507	4.83694E-8
1015.0	1.607045615	4.86089E-8
1020.0	1.606972581	4.88483E-8
1025.0	1.606900833	4.90878E-8
1030.0	1.606829086	4.93272E-8
1035.0	1.606757338	4.95667E-8
1040.0	1.606685971	4.98062E-8
1045.0	1.606616127	5.00456E-8
1050.0	1.606546283	5.02851E-8
1055.0	1.606476439	5.05245E-8
1060.0	1.606406594	5.0764E-8
1065.0	1.606338138	5.60523E-8
1070.0	1.606270028	6.13405E-8
1075.0	1.606201919	6.66288E-8
1080.0	1.606133809	7.1917E-8
1085.0	1.606066316	7.72053E-8
1090.0	1.605999747	8.24935E-8
1095.0	1.605933177	8.77818E-8
1100.0	1.605866608	9.307E-8
1105.0	1.605800038	9.83583E-8
1110.0	1.605734833	1.03647E-7
1115.0	1.605669628	1.08935E-7
1120.0	1.605604423	1.14223E-7
1125.0	1.605539218	1.19511E-7
1130.0	1.605474721	1.248E-7
1135.0	1.605410695	1.30088E-7
1140.0	1.60534667	1.35376E-7
1145.0	1.605282645	1.40664E-7
1150.0	1.605219036	1.45953E-7
1155.0	1.605156051	1.51241E-7
1160.0	1.605093067	1.56529E-7
1165.0	1.605030082	1.61817E-7
1170.0	1.604967098	1.67106E-7
1175.0	1.604905049	1.72394E-7
1180.0	1.604843	1.77682E-7
1185.0	1.60478095	1.8297E-7
1190.0	1.604718901	1.88259E-7
1195.0	1.604657341	1.93547E-7
1200.0	1.604596108	1.98835E-7
1205.0	1.604534874	2.04123E-7
1210.0	1.60447364	2.09412E-7
1215.0	1.604412547	2.147E-7
1220.0	1.604352019	2.19988E-7
1225.0	1.604291491	2.25276E-7
1230.0	1.604230963	2.30565E-7
1235.0	1.604170435	2.35853E-7
1240.0	1.604110382	2.41141E-7
1245.0	1.604050447	2.46429E-7
1250.0	1.603990513	2.51718E-7
1255.0	1.603930578	2.57006E-7
1260.0	1.603870946	2.62294E-7
1265.0	1.603811516	2.67582E-7
1270.0	1.603752086	2.72871E-7
1275.0	1.603692657	2.78159E-7
1280.0	1.603633313	2.83447E-7
1285.0	1.603574317	2.88735E-7
1290.0	1.60351532	2.94024E-7
1295.0	1.603456324	2.99312E-7
1300.0	1.603397327	3.046E-7
1305.0	1.603338616	3.09889E-7
1310.0	1.603279975	3.15177E-7
1315.0	1.603221334	3.20465E-7
1320.0	1.603162693	3.25753E-7
1325.0	1.603104166	3.31042E-7
1330.0	1.603045809	3.3633E-7
1335.0	1.602987452	3.41618E-7
1340.0	1.602929095	3.46906E-7
1345.0	1.602870738	3.52195E-7
1350.0	1.602812595	3.57483E-7
1355.0	1.602754452	3.62771E-7
1360.0	1.602696309	3.68059E-7
1365.0	1.602638166	3.73348E-7
1370.0	1.602580147	3.78636E-7
1375.0	1.602522159	3.83924E-7
1380.0	1.602464171	3.89212E-7
1385.0	1.602406183	3.94501E-7
1390.0	1.602348236	3.99789E-7
1395.0	1.60229035	4.05077E-7
1400.0	1.602232465	4.10365E-7
1405.0	1.602174579	4.15654E-7
1410.0	1.602116694	4.20942E-7
1415.0	1.602058858	4.2623E-7
1420.0	1.602001023	4.31518E-7
1425.0	1.601943187	4.36807E-7
1430.0	1.601885352	4.42095E-7
1435.0	1.601827517	4.47383E-7
1440.0	1.601769682	4.52671E-7
1445.0	1.601711847	4.5796E-7
1450.0	1.601654013	4.63248E-7
1455.0	1.601596169	4.68536E-7
1460.0	1.601538292	4.73824E-7
1465.0	1.601480414	4.79113E-7
1470.0	1.601422536	4.84401E-7
1475.0	1.601364659	4.89689E-7
1480.0	1.601306697	4.94977E-7
1485.0	1.601248735	5.00266E-7
1490.0	1.601190774	5.05554E-7
1495.0	1.601132812	5.10842E-7
1500.0	1.601074775	5.1613E-7
1505.0	1.601016689	5.21419E-7
1510.0	1.600958602	5.26707E-7
1515.0	1.600900515	5.31995E-7
1520.0	1.600842396	5.37283E-7
1525.0	1.600784147	5.42572E-7
1530.0	1.600725898	5.4786E-7
1535.0	1.600667648	5.81387E-7
1540.0	1.600609399	6.14913E-7
1545.0	1.600550992	6.4844E-7
1550.0	1.600492546	6.81966E-7
1555.0	1.600434099	7.15493E-7
1560.0	1.600375653	7.4902E-7
1565.0	1.600317117	7.82546E-7
1570.0	1.600258446	8.16073E-7
1575.0	1.600199775	8.49599E-7
1580.0	1.600141105	8.83126E-7
1585.0	1.600082383	9.16652E-7
1590.0	1.600023458	9.50179E-7
1595.0	1.599964533	9.83706E-7
1600.0	1.599905608	1.01723E-6
1605.0	1.599846684	1.05076E-6
1610.0	1.599787528	1.08429E-6
1615.0	1.599728315	1.11781E-6
1620.0	1.599669101	1.15134E-6
1625.0	1.599609888	1.18487E-6
1630.0	1.599550548	1.21839E-6
1635.0	1.599491019	1.25192E-6
1640.0	1.599431489	1.28544E-6
1645.0	1.59937196	1.31897E-6
1650.0	1.599312431	1.3525E-6
1655.0	1.599252559	1.38602E-6
1660.0	1.599192688	1.41955E-6
1665.0	1.599132817	1.45308E-6
1670.0	1.599072946	1.4866E-6
1675.0	1.59901286	1.52013E-6
1680.0	1.598952631	1.55366E-6
1685.0	1.598892402	1.58718E-6
1690.0	1.598832173	1.62071E-6
1695.0	1.598771792	1.65424E-6
1700.0	1.598711183	1.68776E-6
1705.0	1.598650574	1.72129E-6
1710.0	1.598589965	1.75482E-6
1715.0	1.598529356	1.78834E-6
1720.0	1.598468336	1.82187E-6
1725.0	1.598407317	1.8554E-6
1730.0	1.598346297	1.88892E-6
1735.0	1.598285277	1.92245E-6
1740.0	1.598223998	1.95598E-6
1745.0	1.598162547	1.9895E-6
1750.0	1.598101096	2.02303E-6
1755.0	1.598039644	2.05656E-6
1760.0	1.597978103	2.09008E-6
1765.0	1.5979162	2.12361E-6
1770.0	1.597854297	2.15714E-6
1775.0	1.597792393	2.19066E-6
1780.0	1.59773049	2.22419E-6
1785.0	1.59766822	2.25772E-6
1790.0	1.597605857	2.29124E-6
1795.0	1.597543494	2.32477E-6
1800.0	1.597481131	2.3583E-6
1805.0	1.597418482	2.39182E-6
1810.0	1.597355642	2.42535E-6
1815.0	1.597292801	2.45888E-6
1820.0	1.597229961	2.4924E-6
1825.0	1.597229961	2.52593E-6
1830.0	1.597229961	2.55946E-6
1835.0	1.597229961	2.59298E-6
1840.0	1.597229961	2.62651E-6
1845.0	1.597229961	2.66004E-6
1850.0	1.596850291	2.69356E-6
1855.0	1.596786945	2.72709E-6
1860.0	1.596723599	2.76061E-6
1865.0	1.596660253	2.79414E-6
1870.0	1.596594504	2.82767E-6
1875.0	1.596530897	2.86119E-6
1880.0	1.59646729	2.89472E-6
1885.0	1.596403683	2.92825E-6
1890.0	1.596340076	2.96177E-6
1895.0	1.596272684	2.9953E-6
1900.0	1.59620881	3.02883E-6
1905.0	1.596144937	3.06235E-6
1910.0	1.596081063	3.09588E-6
1915.0	1.59601247	3.12941E-6
1920.0	1.595948337	3.16293E-6
1925.0	1.595884204	3.19646E-6
1930.0	1.595820072	3.22999E-6
1935.0	1.595749798	3.26351E-6
1940.0	1.595685389	3.29704E-6
1945.0	1.595620979	3.33057E-6
1950.0	1.59555657	3.36409E-6
1955.0	1.59549216	3.39762E-6
1960.0	1.595420093	3.43115E-6
1965.0	1.595355402	3.46467E-6
1970.0	1.595290711	3.4982E-6
1975.0	1.59522602	3.62439E-6
1980.0	1.595152395	3.75059E-6
1985.0	1.595087418	3.87678E-6
1990.0	1.59502244	4.00298E-6
1995.0	1.594957463	4.12917E-6
2000.0	1.594882242	4.25537E-6
2005.0	1.594816973	4.38156E-6
2010.0	1.594751705	4.50775E-6
2015.0	1.594686437	4.63395E-6
2020.0	1.594621168	4.76014E-6
2025.0	1.594544561	4.88634E-6
2030.0	1.594479011	5.01253E-6
2035.0	1.594413461	5.13873E-6
2040.0	1.59434791	5.26492E-6
2045.0	1.594269106	5.39112E-6
2050.0	1.594203256	5.51731E-6
2055.0	1.594137406	5.6435E-6
2060.0	1.594071556	5.7697E-6
2065.0	1.593991042	5.89589E-6
2070.0	1.593924888	6.02209E-6
2075.0	1.593858733	6.14828E-6
2080.0	1.593792579	6.27448E-6
2085.0	1.593726424	6.40067E-6
2090.0	1.593643858	6.52686E-6
2095.0	1.593577395	6.65306E-6
2100.0	1.593510932	6.77925E-6
2105.0	1.593444469	6.90545E-6
2110.0	1.593360121	7.03164E-6
2115.0	1.593293345	7.15784E-6
2120.0	1.59322657	7.28403E-6
2125.0	1.593159794	7.41023E-6
2130.0	1.593074518	7.53642E-6
2135.0	1.59300744	7.66261E-6
2140.0	1.592940362	7.78881E-6
2145.0	1.592873284	7.915E-6
2150.0	1.592806206	8.0412E-6
2155.0	1.592717903	8.16739E-6
2160.0	1.592650504	8.29359E-6
2165.0	1.592583106	8.41978E-6
2170.0	1.592515707	8.54597E-6
2175.0	1.592425523	8.67217E-6
2180.0	1.592357799	8.79836E-6
2185.0	1.592290076	8.92456E-6
2190.0	1.592222353	9.05075E-6
2195.0	1.59215463	9.17695E-6
2200.0	1.592062205	9.30314E-6
2205.0	1.591994154	9.42934E-6
2210.0	1.591926102	9.55553E-6
2215.0	1.59185805	9.68172E-6
2220.0	1.591763681	9.80792E-6
2225.0	1.591695297	9.93411E-6
2230.0	1.591626913	1.00603E-5
2235.0	1.591558529	1.01865E-5
2240.0	1.591463462	1.03127E-5
2245.0	1.591394757	1.04389E-5
2250.0	1.591326052	1.05651E-5
2255.0	1.591257348	1.06913E-5
2260.0	1.591188643	1.08175E-5
2265.0	1.591089984	1.09437E-5
2270.0	1.59102094	1.10699E-5
2275.0	1.590951896	1.11961E-5
2280.0	1.590882852	1.13223E-5
2285.0	1.590782157	1.14484E-5
2290.0	1.59071277	1.15746E-5
2295.0	1.590643382	1.17008E-5
2300.0	1.590573995	1.1827E-5
2305.0	1.590471237	1.19532E-5
2310.0	1.590401502	1.20794E-5
2315.0	1.590331768	1.22056E-5
2320.0	1.590262033	1.23318E-5
2325.0	1.590192299	1.2458E-5
2330.0	1.590087098	1.28057E-5
2335.0	1.590017013	1.31534E-5
2340.0	1.589946929	1.35011E-5
2345.0	1.589876844	1.38487E-5
2350.0	1.589771221	1.41964E-5
2355.0	1.589700798	1.45441E-5
2360.0	1.589630375	1.48918E-5
2365.0	1.589559952	1.52395E-5
2370.0	1.589450511	1.55872E-5
2375.0	1.589379731	1.59349E-5
2380.0	1.589308951	1.62825E-5
2385.0	1.589238171	1.66302E-5
2390.0	1.589167391	1.69779E-5
2395.0	1.589055412	1.73256E-5
2400.0	1.588984271	1.76733E-5
2405.0	1.58891313	1.8021E-5
2410.0	1.58884199	1.83687E-5
2415.0	1.588727802	1.87163E-5
2420.0	1.588656297	1.9064E-5
2425.0	1.588584792	1.94117E-5
2430.0	1.588513287	1.97594E-5
2435.0	1.588441782	2.01071E-5
2440.0	1.588324993	2.04548E-5
2445.0	1.58825312	2.08025E-5
2450.0	1.588181247	2.11501E-5
2455.0	1.588109375	2.14978E-5
2460.0	1.587992474	2.18455E-5
2465.0	1.587920247	2.21932E-5
2470.0	1.587848021	2.25409E-5
2475.0	1.587775794	2.28886E-5
2480.0	1.587654484	2.32363E-5
2485.0	1.587581883	2.35839E-5
2490.0	1.587509282	2.39316E-5
2495.0	1.587436682	2.42793E-5
2500.0	1.587364081	2.4627E-5
