280.0	2.176423096	1.3559E-5
285.0	2.13062341	1.3559E-5
290.0	2.094587339	1.3559E-5
295.0	2.065368322	1.3559E-5
300.0	2.041112938	1.3559E-5
305.0	2.020594622	1.3559E-5
310.0	2.002967802	1.3559E-5
315.0	1.987629617	1.3559E-5
320.0	1.974137952	1.3559E-5
325.0	1.9621607	1.3559E-5
330.0	1.951443173	1.3559E-5
335.0	1.941786506	1.3559E-5
340.0	1.933032944	1.3559E-5
345.0	1.925055574	1.3559E-5
350.0	1.91775102	1.3559E-5
355.0	1.911034122	1.3559E-5
360.0	1.90483402	1.3559E-5
365.0	1.899091212	1.3559E-5
370.0	1.893755315	1.3559E-5
375.0	1.888783345	9.5503E-6
380.0	1.884138376	5.5416E-6
385.0	1.879788481	4.15435E-6
390.0	1.875705897	2.7671E-6
395.0	1.871866346	2.17025E-6
400.0	1.868248498	1.5734E-6
405.0	1.864833516	1.2429E-6
410.0	1.861604703	1.06336E-6
415.0	1.85854719	8.8382E-7
420.0	1.855647692	7.0428E-7
425.0	1.852894296	6.35186E-7
430.0	1.850276282	5.66093E-7
435.0	1.847783975	4.96999E-7
440.0	1.845408618	4.6355E-7
445.0	1.843142263	4.39013E-7
450.0	1.840977676	4.14475E-7
455.0	1.838908259	3.89938E-7
460.0	1.836927979	3.654E-7
465.0	1.835031308	3.48915E-7
470.0	1.833213167	3.3243E-7
475.0	1.831468887	3.15945E-7
480.0	1.829794162	2.9946E-7
485.0	1.828185015	2.82975E-7
490.0	1.826637768	2.6649E-7
495.0	1.825149013	2.50005E-7
500.0	1.823715588	2.3352E-7
505.0	1.822334553	2.21549E-7
510.0	1.821003173	2.09579E-7
515.0	1.819718898	1.97608E-7
520.0	1.818479349	1.85637E-7
525.0	1.817282304	1.73667E-7
530.0	1.816125684	1.61696E-7
535.0	1.815007541	1.49725E-7
540.0	1.813926049	1.37755E-7
545.0	1.812879494	1.25784E-7
550.0	1.811866267	1.19844E-7
555.0	1.810884853	1.1541E-7
560.0	1.809933828	1.10977E-7
565.0	1.809011846	1.06544E-7
570.0	1.808117643	1.02111E-7
575.0	1.807250021	9.76781E-8
580.0	1.806407852	9.3245E-8
585.0	1.805590067	9.53094E-8
590.0	1.804795657	9.73737E-8
595.0	1.804023663	9.94381E-8
600.0	1.803273179	1.01502E-7
605.0	1.802543346	1.03567E-7
610.0	1.801833347	1.05631E-7
615.0	1.801142407	1.07696E-7
620.0	1.80046979	1.0976E-7
625.0	1.799814796	1.11989E-7
630.0	1.799176759	1.14217E-7
635.0	1.798555044	1.16446E-7
640.0	1.797949049	1.18675E-7
645.0	1.797358196	1.20904E-7
650.0	1.796781938	1.23132E-7
655.0	1.79621975	1.25361E-7
660.0	1.795671132	1.2759E-7
665.0	1.795135608	1.2358E-7
670.0	1.79461272	1.1957E-7
675.0	1.794102033	1.1556E-7
680.0	1.793603128	1.11551E-7
685.0	1.793115608	1.07541E-7
690.0	1.792639089	1.03531E-7
695.0	1.792173205	9.95209E-8
700.0	1.791717606	9.5511E-8
705.0	1.791271955	9.4654E-8
710.0	1.79083593	9.37971E-8
715.0	1.79040922	9.29401E-8
720.0	1.78999153	9.20831E-8
725.0	1.789582573	9.12261E-8
730.0	1.789182077	9.03692E-8
735.0	1.788789777	8.95122E-8
740.0	1.788405421	8.86552E-8
745.0	1.788028764	8.77983E-8
750.0	1.787659575	8.69413E-8
755.0	1.787297626	8.60843E-8
760.0	1.786942702	8.52273E-8
765.0	1.786594593	8.43704E-8
770.0	1.786253098	8.35134E-8
775.0	1.785918024	8.26564E-8
780.0	1.785589185	8.17994E-8
785.0	1.785266399	8.09425E-8
790.0	1.784949493	8.00855E-8
795.0	1.784638301	7.92285E-8
800.0	1.784332659	7.83716E-8
805.0	1.784032413	7.75146E-8
810.0	1.783737412	7.66576E-8
815.0	1.78344751	7.58006E-8
820.0	1.783162566	7.49437E-8
825.0	1.782882445	7.40867E-8
830.0	1.782607016	7.32297E-8
835.0	1.782336152	7.23728E-8
840.0	1.78206973	7.15158E-8
845.0	1.781807631	7.06588E-8
850.0	1.78154974	6.98018E-8
855.0	1.781295947	6.89449E-8
860.0	1.781046143	6.80879E-8
865.0	1.780800226	6.72309E-8
870.0	1.780558092	6.63739E-8
875.0	1.780319646	6.5517E-8
880.0	1.780084793	6.466E-8
885.0	1.779853439	6.3803E-8
890.0	1.779625498	6.29461E-8
895.0	1.779400882	6.20891E-8
900.0	1.779179508	6.12321E-8
905.0	1.778961294	6.03751E-8
910.0	1.778746163	5.95182E-8
915.0	1.778534037	5.86612E-8
920.0	1.778324843	5.78042E-8
925.0	1.778118509	5.69473E-8
930.0	1.777914965	5.60903E-8
935.0	1.777714143	5.52333E-8
940.0	1.777515977	5.43763E-8
945.0	1.777320403	5.35194E-8
950.0	1.77712736	5.26624E-8
955.0	1.776936787	5.18054E-8
960.0	1.776748625	5.09484E-8
965.0	1.776562817	5.00915E-8
970.0	1.776379307	4.92345E-8
975.0	1.776198042	4.83775E-8
980.0	1.776018969	4.75206E-8
985.0	1.775842038	4.66636E-8
990.0	1.775667197	4.58066E-8
995.0	1.7754944	4.49496E-8
1000.0	1.775323599	4.40927E-8
1005.0	1.775154749	4.32357E-8
1010.0	1.774987804	4.23787E-8
1015.0	1.774822721	4.15218E-8
1020.0	1.774659458	4.06648E-8
1025.0	1.774497975	3.98078E-8
1030.0	1.77433823	3.89508E-8
1035.0	1.774180184	3.80939E-8
1040.0	1.774023801	3.72369E-8
1045.0	1.773869042	3.63799E-8
1050.0	1.773715871	3.55229E-8
1055.0	1.773564253	3.4666E-8
1060.0	1.773414154	3.3809E-8
1065.0	1.77326554	3.63307E-8
1070.0	1.773118378	3.88524E-8
1075.0	1.772972637	4.13741E-8
1080.0	1.772828286	4.38959E-8
1085.0	1.772685293	4.64176E-8
1090.0	1.77254363	4.89393E-8
1095.0	1.772403267	5.1461E-8
1100.0	1.772264177	5.39827E-8
1105.0	1.772126332	5.65044E-8
1110.0	1.771989704	5.90261E-8
1115.0	1.771854268	6.15478E-8
1120.0	1.771719998	6.40696E-8
1125.0	1.771586869	6.65913E-8
1130.0	1.771454857	6.9113E-8
1135.0	1.771323937	7.16347E-8
1140.0	1.771194086	7.41564E-8
1145.0	1.771065282	7.66781E-8
1150.0	1.770937501	7.91998E-8
1155.0	1.770810724	8.17215E-8
1160.0	1.770684927	8.42433E-8
1165.0	1.77056009	8.6765E-8
1170.0	1.770436194	8.92867E-8
1175.0	1.770313217	9.18084E-8
1180.0	1.770191141	9.43301E-8
1185.0	1.770069946	9.68518E-8
1190.0	1.769949614	9.93735E-8
1195.0	1.769830127	1.01895E-7
1200.0	1.769711467	1.04417E-7
1205.0	1.769593616	1.06939E-7
1210.0	1.769476557	1.0946E-7
1215.0	1.769360274	1.11982E-7
1220.0	1.769244751	1.14504E-7
1225.0	1.76912997	1.17026E-7
1230.0	1.769015918	1.19547E-7
1235.0	1.768902578	1.22069E-7
1240.0	1.768789935	1.24591E-7
1245.0	1.768677975	1.27112E-7
1250.0	1.768566683	1.29634E-7
1255.0	1.768456045	1.32156E-7
1260.0	1.768346048	1.34678E-7
1265.0	1.768236677	1.37199E-7
1270.0	1.76812792	1.39721E-7
1275.0	1.768019764	1.42243E-7
1280.0	1.767912196	1.44764E-7
1285.0	1.767805203	1.47286E-7
1290.0	1.767698773	1.49808E-7
1295.0	1.767592895	1.52329E-7
1300.0	1.767487556	1.54851E-7
1305.0	1.767382746	1.57373E-7
1310.0	1.767278452	1.59895E-7
1315.0	1.767174664	1.62416E-7
1320.0	1.76707137	1.64938E-7
1325.0	1.766968561	1.6746E-7
1330.0	1.766866226	1.69981E-7
1335.0	1.766764355	1.72503E-7
1340.0	1.766662937	1.75025E-7
1345.0	1.766561963	1.77547E-7
1350.0	1.766461423	1.80068E-7
1355.0	1.766361307	1.8259E-7
1360.0	1.766261607	1.85112E-7
1365.0	1.766162313	1.87633E-7
1370.0	1.766063417	1.90155E-7
1375.0	1.765964909	1.92677E-7
1380.0	1.76586678	1.95199E-7
1385.0	1.765769024	1.9772E-7
1390.0	1.76567163	2.00242E-7
1395.0	1.765574591	2.02764E-7
1400.0	1.7654779	2.05285E-7
1405.0	1.765381547	2.07807E-7
1410.0	1.765285526	2.10329E-7
1415.0	1.765189828	2.12851E-7
1420.0	1.765094447	2.15372E-7
1425.0	1.764999375	2.17894E-7
1430.0	1.764904605	2.20416E-7
1435.0	1.76481013	2.22937E-7
1440.0	1.764715942	2.25459E-7
1445.0	1.764622036	2.27981E-7
1450.0	1.764528404	2.30503E-7
1455.0	1.76443504	2.33024E-7
1460.0	1.764341937	2.35546E-7
1465.0	1.764249089	2.38068E-7
1470.0	1.76415649	2.40589E-7
1475.0	1.764064133	2.43111E-7
1480.0	1.763972014	2.45633E-7
1485.0	1.763880124	2.48155E-7
1490.0	1.76378846	2.50676E-7
1495.0	1.763697015	2.53198E-7
1500.0	1.763605783	2.5572E-7
1505.0	1.763514759	2.58241E-7
1510.0	1.763423938	2.60763E-7
1515.0	1.763333314	2.63285E-7
1520.0	1.763242881	2.65807E-7
1525.0	1.763152636	2.68328E-7
1530.0	1.763062572	2.7085E-7
1535.0	1.762972684	2.9464E-7
1540.0	1.762882968	3.18431E-7
1545.0	1.762793419	3.42221E-7
1550.0	1.762704032	3.66011E-7
1555.0	1.762614802	3.89802E-7
1560.0	1.762525725	4.13592E-7
1565.0	1.762436796	4.37382E-7
1570.0	1.762348011	4.61173E-7
1575.0	1.762259365	4.84963E-7
1580.0	1.762170853	5.08753E-7
1585.0	1.762082473	5.32544E-7
1590.0	1.761994219	5.56334E-7
1595.0	1.761906087	5.80124E-7
1600.0	1.761818073	6.03915E-7
1605.0	1.761730174	6.27705E-7
1610.0	1.761642385	6.51495E-7
1615.0	1.761554702	6.75286E-7
1620.0	1.761467122	6.99076E-7
1625.0	1.76137964	7.22866E-7
1630.0	1.761292254	7.46657E-7
1635.0	1.761204959	7.70447E-7
1640.0	1.761117751	7.94237E-7
1645.0	1.761030628	8.18028E-7
1650.0	1.760943586	8.41818E-7
1655.0	1.760856621	8.65609E-7
1660.0	1.760769729	8.89399E-7
1665.0	1.760682909	9.13189E-7
1670.0	1.760596155	9.3698E-7
1675.0	1.760509466	9.6077E-7
1680.0	1.760422837	9.8456E-7
1685.0	1.760336266	1.00835E-6
1690.0	1.760249749	1.03214E-6
1695.0	1.760163284	1.05593E-6
1700.0	1.760076867	1.07972E-6
1705.0	1.759990496	1.10351E-6
1710.0	1.759904167	1.1273E-6
1715.0	1.759817878	1.15109E-6
1720.0	1.759731626	1.17488E-6
1725.0	1.759645407	1.19867E-6
1730.0	1.75955922	1.22246E-6
1735.0	1.759473061	1.24625E-6
1740.0	1.759386928	1.27004E-6
1745.0	1.759300817	1.29383E-6
1750.0	1.759214728	1.31762E-6
1755.0	1.759128656	1.34142E-6
1760.0	1.759042599	1.36521E-6
1765.0	1.758956555	1.389E-6
1770.0	1.758870521	1.41279E-6
1775.0	1.758784495	1.43658E-6
1780.0	1.758698475	1.46037E-6
1785.0	1.758612458	1.48416E-6
1790.0	1.758526441	1.50795E-6
1795.0	1.758440422	1.53174E-6
1800.0	1.7583544	1.55553E-6
1805.0	1.758268371	1.57932E-6
1810.0	1.758182334	1.60311E-6
1815.0	1.758096286	1.6269E-6
1820.0	1.758010225	1.65069E-6
1825.0	1.757924149	1.67448E-6
1830.0	1.757838056	1.69827E-6
1835.0	1.757751944	1.72206E-6
1840.0	1.757665811	1.74585E-6
1845.0	1.757579654	1.76964E-6
1850.0	1.757493472	1.79343E-6
1855.0	1.757407262	1.81722E-6
1860.0	1.757321023	1.84101E-6
1865.0	1.757234753	1.8648E-6
1870.0	1.757148449	1.88859E-6
1875.0	1.757062111	1.91238E-6
1880.0	1.756975735	1.93617E-6
1885.0	1.756889321	1.95996E-6
1890.0	1.756802866	1.98375E-6
1895.0	1.756716369	2.00754E-6
1900.0	1.756629827	2.03134E-6
1905.0	1.75654324	2.05513E-6
1910.0	1.756456604	2.07892E-6
1915.0	1.756369919	2.10271E-6
1920.0	1.756283184	2.1265E-6
1925.0	1.756196395	2.15029E-6
1930.0	1.756109551	2.17408E-6
1935.0	1.756022652	2.19787E-6
1940.0	1.755935695	2.22166E-6
1945.0	1.755848678	2.24545E-6
1950.0	1.755761601	2.26924E-6
1955.0	1.755674461	2.29303E-6
1960.0	1.755587257	2.31682E-6
1965.0	1.755499987	2.34061E-6
1970.0	1.75541265	2.3644E-6
1975.0	1.755325245	2.46859E-6
1980.0	1.755237769	2.57279E-6
1985.0	1.755150222	2.67698E-6
1990.0	1.755062602	2.78117E-6
1995.0	1.754974908	2.88536E-6
2000.0	1.754887138	2.98956E-6
2005.0	1.75479929	3.09375E-6
2010.0	1.754711364	3.19794E-6
2015.0	1.754623358	3.30214E-6
2020.0	1.75453527	3.40633E-6
2025.0	1.7544471	3.51052E-6
2030.0	1.754358846	3.61472E-6
2035.0	1.754270506	3.71891E-6
2040.0	1.75418208	3.8231E-6
2045.0	1.754093566	3.92729E-6
2050.0	1.754004962	4.03149E-6
2055.0	1.753916268	4.13568E-6
2060.0	1.753827483	4.23987E-6
2065.0	1.753738604	4.34407E-6
2070.0	1.753649632	4.44826E-6
2075.0	1.753560564	4.55245E-6
2080.0	1.753471399	4.65665E-6
2085.0	1.753382137	4.76084E-6
2090.0	1.753292776	4.86503E-6
2095.0	1.753203315	4.96922E-6
2100.0	1.753113752	5.07342E-6
2105.0	1.753024087	5.17761E-6
2110.0	1.752934319	5.2818E-6
2115.0	1.752844446	5.386E-6
2120.0	1.752754468	5.49019E-6
2125.0	1.752664382	5.59438E-6
2130.0	1.752574189	5.69857E-6
2135.0	1.752483887	5.80277E-6
2140.0	1.752393474	5.90696E-6
2145.0	1.752302951	6.01115E-6
2150.0	1.752212316	6.11535E-6
2155.0	1.752121567	6.21954E-6
2160.0	1.752030704	6.32373E-6
2165.0	1.751939726	6.42793E-6
2170.0	1.751848632	6.53212E-6
2175.0	1.751757421	6.63631E-6
2180.0	1.751666091	6.7405E-6
2185.0	1.751574643	6.8447E-6
2190.0	1.751483074	6.94889E-6
2195.0	1.751391384	7.05308E-6
2200.0	1.751299572	7.15728E-6
2205.0	1.751207637	7.26147E-6
2210.0	1.751115578	7.36566E-6
2215.0	1.751023395	7.46985E-6
2220.0	1.750931085	7.57405E-6
2225.0	1.750838649	7.67824E-6
2230.0	1.750746086	7.78243E-6
2235.0	1.750653394	7.88663E-6
2240.0	1.750560572	7.99082E-6
2245.0	1.75046762	8.09501E-6
2250.0	1.750374538	8.19921E-6
2255.0	1.750281323	8.3034E-6
2260.0	1.750187975	8.40759E-6
2265.0	1.750094494	8.51178E-6
2270.0	1.750000878	8.61598E-6
2275.0	1.749907127	8.72017E-6
2280.0	1.749813239	8.82436E-6
2285.0	1.749719215	8.92856E-6
2290.0	1.749625052	9.03275E-6
2295.0	1.749530751	9.13694E-6
2300.0	1.749436311	9.24114E-6
2305.0	1.74934173	9.34533E-6
2310.0	1.749247008	9.44952E-6
2315.0	1.749152144	9.55371E-6
2320.0	1.749057138	9.65791E-6
2325.0	1.748961988	9.7621E-6
2330.0	1.748866694	9.84407E-6
2335.0	1.748771255	9.92604E-6
2340.0	1.748675671	1.0008E-5
2345.0	1.748579939	1.009E-5
2350.0	1.748484061	1.01719E-5
2355.0	1.748388035	1.02539E-5
2360.0	1.74829186	1.03359E-5
2365.0	1.748195536	1.04178E-5
2370.0	1.748099061	1.04998E-5
2375.0	1.748002436	1.05818E-5
2380.0	1.747905659	1.06638E-5
2385.0	1.747808729	1.07457E-5
2390.0	1.747711647	1.08277E-5
2395.0	1.747614411	1.09097E-5
2400.0	1.74751702	1.09916E-5
2405.0	1.747419475	1.10736E-5
2410.0	1.747321774	1.11556E-5
2415.0	1.747223916	1.12375E-5
2420.0	1.747125901	1.13195E-5
2425.0	1.747027728	1.14015E-5
2430.0	1.746929397	1.14834E-5
2435.0	1.746830906	1.15654E-5
2440.0	1.746732256	1.16474E-5
2445.0	1.746633445	1.17293E-5
2450.0	1.746534473	1.18113E-5
2455.0	1.746435339	1.18933E-5
2460.0	1.746336043	1.19753E-5
2465.0	1.746236584	1.20572E-5
2470.0	1.746136961	1.21392E-5
2475.0	1.746037173	1.22212E-5
2480.0	1.745937221	1.23031E-5
2485.0	1.745837103	1.23851E-5
2490.0	1.745736819	1.24671E-5
2495.0	1.745636368	1.2549E-5
2500.0	1.745535749	1.2631E-5
