70.8457	0.426	0.255
71.8725	0.411	0.275
72.9294	0.397	0.296
73.7976	0.386	0.314
74.2395	0.379	0.323
74.6867	0.374	0.333
75.1394	0.369	0.342
76.2954	0.357	0.367
77.4875	0.345	0.394
78.7175	0.333	0.421
79.9871	0.323	0.45
81.2984	0.313	0.479
82.6533	0.304	0.51
84.0542	0.296	0.541
85.5034	0.288	0.573
87.0035	0.281	0.607
88.5571	0.275	0.641
90.1673	0.269	0.677
91.837	0.265	0.714
93.5698	0.261	0.752
95.3692	0.258	0.792
97.2392	0.256	0.833
99.184	0.255	0.875
101.208	0.256	0.918
103.317	0.257	0.963
105.515	0.259	1.01
107.809	0.263	1.06
110.204	0.267	1.11
112.709	0.272	1.16
115.33	0.278	1.21
118.076	0.286	1.26
120.956	0.295	1.32
123.98	0.306	1.38
127.159	0.318	1.45
130.505	0.332	1.51
134.032	0.348	1.58
137.756	0.367	1.66
141.691	0.389	1.73
145.859	0.414	1.82
150.279	0.444	1.9
154.975	0.478	2.0
159.974	0.517	2.1
165.307	0.563	2.21
171.007	0.618	2.32
177.114	0.682	2.45
183.674	0.756	2.58
190.738	0.847	2.73
198.368	0.968	2.89
206.633	1.01	2.909
207.324	1.036	2.928
208.02	1.046	2.944
208.721	1.066	2.937
209.426	1.07	2.963
210.136	1.083	2.982
210.85	1.088	2.987
211.57	1.102	3.005
212.295	1.109	3.015
213.024	1.119	3.025
213.759	1.133	3.045
214.498	1.139	3.061
215.243	1.155	3.073
215.993	1.164	3.086
216.748	1.175	3.102
217.509	1.18	3.112
218.275	1.195	3.135
219.046	1.211	3.15
219.823	1.222	3.169
220.605	1.235	3.19
221.393	1.247	3.206
222.186	1.265	3.228
222.986	1.28	3.245
223.791	1.299	3.267
224.601	1.319	3.285
225.418	1.34	3.302
226.241	1.362	3.319
227.07	1.389	3.334
227.904	1.416	3.35
228.745	1.445	3.359
229.593	1.471	3.366
230.446	1.502	3.368
231.306	1.526	3.368
232.172	1.548	3.364
233.045	1.566	3.358
233.925	1.579	3.353
234.811	1.585	3.346
235.703	1.59	3.344
236.603	1.591	3.344
237.51	1.592	3.347
238.423	1.589	3.354
239.344	1.586	3.363
240.271	1.582	3.376
241.206	1.579	3.389
242.148	1.573	3.408
243.098	1.571	3.429
244.055	1.57	3.451
245.02	1.569	3.477
245.992	1.568	3.504
246.972	1.569	3.533
247.96	1.57	3.565
248.956	1.575	3.598
249.96	1.58	3.632
250.972	1.584	3.67
251.992	1.591	3.709
253.02	1.597	3.749
254.057	1.608	3.789
255.103	1.618	3.835
256.157	1.629	3.88
257.22	1.643	3.928
258.292	1.658	3.979
259.372	1.673	4.031
260.462	1.692	4.088
261.561	1.713	4.149
262.67	1.737	4.211
263.787	1.764	4.278
264.915	1.794	4.35
266.052	1.831	4.426
267.198	1.874	4.506
268.355	1.927	4.59
269.522	1.988	4.678
270.699	2.059	4.764
271.886	2.14	4.849
273.084	2.234	4.933
274.292	2.339	5.011
275.511	2.451	5.082
276.741	2.572	5.148
277.982	2.7	5.206
279.234	2.833	5.257
280.498	2.974	5.304
281.773	3.12	5.344
283.059	3.277	5.381
284.358	3.444	5.414
285.668	3.634	5.435
286.991	3.849	5.439
288.326	4.086	5.395
289.673	4.318	5.301
291.033	4.525	5.158
292.406	4.686	4.989
293.791	4.805	4.812
295.19	4.888	4.639
296.603	4.941	4.48
298.029	4.977	4.335
299.469	4.999	4.204
300.922	5.012	4.086
302.39	5.02	3.979
303.873	5.021	3.885
305.369	5.02	3.798
306.881	5.018	3.72
308.408	5.015	3.65
309.95	5.01	3.587
311.508	5.009	3.529
313.081	5.01	3.477
314.67	5.009	3.429
316.276	5.012	3.386
317.897	5.016	3.346
319.536	5.021	3.31
321.192	5.029	3.275
322.865	5.04	3.242
324.555	5.052	3.211
326.263	5.065	3.182
327.989	5.079	3.154
329.734	5.095	3.128
331.497	5.115	3.103
333.28	5.134	3.079
335.081	5.156	3.058
336.902	5.179	3.039
338.743	5.204	3.021
340.604	5.231	3.007
342.486	5.261	2.995
344.389	5.296	2.987
346.313	5.336	2.983
348.258	5.383	2.984
350.226	5.442	2.989
352.216	5.515	2.999
354.229	5.61	3.014
356.264	5.733	3.026
358.324	5.894	3.023
360.407	6.089	2.982
362.515	6.308	2.881
364.647	6.522	2.705
366.805	6.695	2.456
368.988	6.796	2.169
371.198	6.829	1.87
373.434	6.799	1.577
375.697	6.709	1.321
377.988	6.585	1.11
380.307	6.452	0.945
382.654	6.316	0.815
385.031	6.185	0.714
387.438	6.062	0.63
389.874	5.948	0.561
392.342	5.842	0.505
394.841	5.744	0.456
397.372	5.654	0.416
399.935	5.57	0.387
402.532	5.493	0.355
405.163	5.42	0.329
407.829	5.349	0.313
410.53	5.284	0.291
413.267	5.222	0.269
416.04	5.164	0.255
418.851	5.109	0.244
421.701	5.058	0.228
424.589	5.009	0.211
427.517	4.961	0.203
430.486	4.916	0.194
433.497	4.872	0.185
436.549	4.831	0.185
439.645	4.791	0.17
442.786	4.753	0.163
445.971	4.718	0.149
449.203	4.682	0.149
452.482	4.648	0.133
455.809	4.615	0.131
459.185	4.583	0.13
462.612	4.553	0.131
466.09	4.522	0.134
469.621	4.495	0.12
473.206	4.466	0.12
476.846	4.442	0.09
480.543	4.416	0.094
484.297	4.391	0.083
488.11	4.367	0.079
491.984	4.343	0.077
495.92	4.32	0.073
499.919	4.298	0.073
503.984	4.277	0.066
508.115	4.255	0.072
512.314	4.235	0.06
516.583	4.215	0.06
520.924	4.196	0.056
525.339	4.177	0.053
529.829	4.159	0.043
534.397	4.14	0.045
539.044	4.123	0.048
543.772	4.106	0.044
548.584	4.089	0.044
553.482	4.073	0.032
558.468	4.057	0.038
563.545	4.042	0.032
568.716	4.026	0.034
573.981	4.012	0.03
579.346	3.997	0.027
584.811	3.983	0.03
590.381	3.969	0.03
596.058	3.956	0.027
601.845	3.943	0.025
607.745	3.931	0.025
613.762	3.918	0.024
619.9	3.906	0.022
626.162	3.893	0.022
632.551	3.882	0.019
639.072	3.87	0.018
645.729	3.858	0.017
652.526	3.847	0.016
659.468	3.837	0.016
666.559	3.826	0.015
673.804	3.815	0.014
681.209	3.805	0.013
688.778	3.796	0.013
696.517	3.787	0.013
704.432	3.778	0.012
712.529	3.768	0.011
720.814	3.761	0.011
729.294	3.752	0.01
737.976	3.745	0.01
746.867	3.736	0.0090
755.976	3.728	0.0090
765.309	3.721	0.0080
774.875	3.714	0.0080
784.684	3.705	0.0070
794.744	3.697	0.0070
805.065	3.688	0.0060
815.658	3.681	0.0060
826.533	3.673	0.0050
1119.96	3.536	0.0
1143.73	3.53	0.0
1200.19	3.519	0.0
1371.92	3.501	0.0
1399.95	3.488	0.0
1531.94	3.478	0.0
1599.95	3.471	0.0
1696.03	3.464	0.0
1799.94	3.458	0.0
2000.0	3.449	0.0
2437.19	3.443	0.0
2500.1	3.442	0.0
2714.1	3.439	0.0
2999.76	3.436	0.0
3303.49	3.434	0.0
3419.19	3.433	0.0
3500.28	3.432	0.0
3999.35	3.429	0.0
4999.19	3.426	0.0
6000.97	3.424	0.0
7000.56	3.423	0.0
7998.71	3.422	0.0
8997.1	3.422	0.0
9998.39	3.422	1.0E-4
13499.6	3.421	0.0
14500.6	3.421	0.0
15000.6	3.421	0.0
20000.0	3.42	3.0E-4
25001.0	3.42	1.0E-4
30298.1	3.42	0.0
49991.9	3.42	0.0
62489.9	3.42	2.0E-4
71417.0	3.419	2.0E-4
83319.9	3.419	2.0E-4
90894.4	3.419	0.0
99983.9	3.419	3.0E-4
124992.0	3.418	4.0E-4
166864.0	3.417	7.0E-4
200000.0	3.417	0.0010
250010.0	3.416	0.0014
333280.0	3.416	0.0
333285.0	3.416	0.0