280.0	1.692494952	3.8611E-6
285.0	1.688581485	3.8611E-6
290.0	1.684964445	3.8611E-6
295.0	1.681610837	3.8611E-6
300.0	1.6784926	3.8611E-6
305.0	1.675585675	3.8611E-6
310.0	1.672869295	3.8611E-6
315.0	1.670325413	3.8611E-6
320.0	1.667938261	3.8611E-6
325.0	1.665693982	3.8611E-6
330.0	1.663580346	3.8611E-6
335.0	1.661586505	3.8611E-6
340.0	1.659702799	3.8611E-6
345.0	1.657920594	3.8611E-6
350.0	1.656232145	3.8611E-6
355.0	1.654630479	2.9618E-6
360.0	1.653109303	2.0625E-6
365.0	1.65166292	1.1632E-6
370.0	1.650286155	8.4704E-7
375.0	1.648974303	6.5156E-7
380.0	1.647723066	4.5608E-7
385.0	1.646528518	3.5743E-7
390.0	1.645387062	2.5878E-7
395.0	1.644295394	2.0434E-7
400.0	1.643250475	1.499E-7
405.0	1.642249505	1.2151E-7
410.0	1.6412899	1.09213E-7
415.0	1.640369269	9.6916E-8
420.0	1.639485401	8.4619E-8
425.0	1.638636243	8.00803E-8
430.0	1.637819889	7.55415E-8
435.0	1.637034568	7.10028E-8
440.0	1.636278628	6.76332E-8
445.0	1.635550532	6.45559E-8
450.0	1.634848843	6.14786E-8
455.0	1.634172219	5.84013E-8
460.0	1.633519405	5.5324E-8
465.0	1.632889224	5.24034E-8
470.0	1.632280576	4.94828E-8
475.0	1.631692424	4.65621E-8
480.0	1.631123798	4.36415E-8
485.0	1.630573783	4.07209E-8
490.0	1.630041521	3.78003E-8
495.0	1.629526202	3.48796E-8
500.0	1.629027062	3.1959E-8
505.0	1.628543382	3.08525E-8
510.0	1.628074481	2.9746E-8
515.0	1.627619718	2.86394E-8
520.0	1.627178485	2.75329E-8
525.0	1.626750208	2.64264E-8
530.0	1.626334343	2.53199E-8
535.0	1.625930374	2.42133E-8
540.0	1.625537813	2.31068E-8
545.0	1.625156196	2.20003E-8
550.0	1.624785082	2.19385E-8
555.0	1.624424053	2.21379E-8
560.0	1.624072713	2.23374E-8
565.0	1.623730683	2.25368E-8
570.0	1.623397603	2.27362E-8
575.0	1.623073132	2.29356E-8
580.0	1.622756942	2.3135E-8
585.0	1.622448723	2.45754E-8
590.0	1.622148179	2.60157E-8
595.0	1.621855027	2.74561E-8
600.0	1.621568997	2.88965E-8
605.0	1.621289831	3.03369E-8
610.0	1.621017282	3.17772E-8
615.0	1.620751116	3.32176E-8
620.0	1.620491108	3.4658E-8
625.0	1.620237041	3.42768E-8
630.0	1.61998871	3.38955E-8
635.0	1.619745918	3.35143E-8
640.0	1.619508475	3.3133E-8
645.0	1.619276201	3.27518E-8
650.0	1.619048921	3.23705E-8
655.0	1.618826469	3.19893E-8
660.0	1.618608686	3.1608E-8
665.0	1.618395418	3.04478E-8
670.0	1.618186518	2.92875E-8
675.0	1.617981844	2.81273E-8
680.0	1.61778126	2.6967E-8
685.0	1.617584637	2.58068E-8
690.0	1.617391848	2.46465E-8
695.0	1.617202773	2.34863E-8
700.0	1.617017296	2.2326E-8
705.0	1.616835304	2.29569E-8
710.0	1.616656691	2.35879E-8
715.0	1.616481353	2.42188E-8
720.0	1.616309189	2.48497E-8
725.0	1.616140104	2.54807E-8
730.0	1.615974006	2.61116E-8
735.0	1.615810804	2.67425E-8
740.0	1.615650413	2.73734E-8
745.0	1.615492749	2.80044E-8
750.0	1.615337732	2.86353E-8
755.0	1.615185286	2.92662E-8
760.0	1.615035334	2.98972E-8
765.0	1.614887806	3.05281E-8
770.0	1.614742631	3.1159E-8
775.0	1.614599741	3.179E-8
780.0	1.614459073	3.24209E-8
785.0	1.614320562	3.30518E-8
790.0	1.614184149	3.36827E-8
795.0	1.614049774	3.43137E-8
800.0	1.61391738	3.49446E-8
805.0	1.613786913	3.55755E-8
810.0	1.613658318	3.62065E-8
815.0	1.613531545	3.68374E-8
820.0	1.613406543	3.74683E-8
825.0	1.613283265	3.80993E-8
830.0	1.613161663	3.87302E-8
835.0	1.613041691	3.93611E-8
840.0	1.612923306	3.99921E-8
845.0	1.612806466	4.0623E-8
850.0	1.612691128	4.12539E-8
855.0	1.612577253	4.18848E-8
860.0	1.612464803	4.25158E-8
865.0	1.612353738	4.31467E-8
870.0	1.612244023	4.37776E-8
875.0	1.612135622	4.44086E-8
880.0	1.6120285	4.50395E-8
885.0	1.611922625	4.56704E-8
890.0	1.611817963	4.63014E-8
895.0	1.611714484	4.69323E-8
900.0	1.611612156	4.75632E-8
905.0	1.611510949	4.81942E-8
910.0	1.611410836	4.88251E-8
915.0	1.611311787	4.9456E-8
920.0	1.611213775	5.00869E-8
925.0	1.611116774	5.07179E-8
930.0	1.611020759	5.13488E-8
935.0	1.610925702	5.19797E-8
940.0	1.610831582	5.26107E-8
945.0	1.610738373	5.32416E-8
950.0	1.610646052	5.38725E-8
955.0	1.610554597	5.45035E-8
960.0	1.610463987	5.51344E-8
965.0	1.610374199	5.57653E-8
970.0	1.610285213	5.63962E-8
975.0	1.610197009	5.70272E-8
980.0	1.610109567	5.76581E-8
985.0	1.610022867	5.8289E-8
990.0	1.609936892	5.892E-8
995.0	1.609851623	5.95509E-8
1000.0	1.609767042	6.01818E-8
1005.0	1.609683133	6.08128E-8
1010.0	1.609599877	6.14437E-8
1015.0	1.609517259	6.20746E-8
1020.0	1.609435262	6.27056E-8
1025.0	1.609353872	6.33365E-8
1030.0	1.609273073	6.39674E-8
1035.0	1.609192849	6.45983E-8
1040.0	1.609113187	6.52293E-8
1045.0	1.609034072	6.58602E-8
1050.0	1.608955491	6.64911E-8
1055.0	1.60887743	6.71221E-8
1060.0	1.608799876	6.7753E-8
1065.0	1.608722816	6.95169E-8
1070.0	1.608646237	7.12808E-8
1075.0	1.608570128	7.30447E-8
1080.0	1.608494476	7.48086E-8
1085.0	1.60841927	7.65725E-8
1090.0	1.608344498	7.83364E-8
1095.0	1.608270149	8.01003E-8
1100.0	1.608196213	8.18642E-8
1105.0	1.608122678	8.36281E-8
1110.0	1.608049534	8.5392E-8
1115.0	1.607976772	8.71559E-8
1120.0	1.607904381	8.89199E-8
1125.0	1.607832351	9.06838E-8
1130.0	1.607760673	9.24477E-8
1135.0	1.607689338	9.42116E-8
1140.0	1.607618337	9.59755E-8
1145.0	1.607547661	9.77394E-8
1150.0	1.6074773	9.95033E-8
1155.0	1.607407247	1.01267E-7
1160.0	1.607337494	1.03031E-7
1165.0	1.607268032	1.04795E-7
1170.0	1.607198853	1.06559E-7
1175.0	1.607129949	1.08323E-7
1180.0	1.607061314	1.10087E-7
1185.0	1.606992938	1.11851E-7
1190.0	1.606924816	1.13615E-7
1195.0	1.60685694	1.15378E-7
1200.0	1.606789302	1.17142E-7
1205.0	1.606721897	1.18906E-7
1210.0	1.606654717	1.2067E-7
1215.0	1.606587756	1.22434E-7
1220.0	1.606521007	1.24198E-7
1225.0	1.606454464	1.25962E-7
1230.0	1.606388121	1.27726E-7
1235.0	1.606321972	1.2949E-7
1240.0	1.606256011	1.31254E-7
1245.0	1.606190232	1.33017E-7
1250.0	1.606124629	1.34781E-7
1255.0	1.606059197	1.36545E-7
1260.0	1.60599393	1.38309E-7
1265.0	1.605928823	1.40073E-7
1270.0	1.60586387	1.41837E-7
1275.0	1.605799068	1.43601E-7
1280.0	1.605734409	1.45365E-7
1285.0	1.60566989	1.47129E-7
1290.0	1.605605505	1.48893E-7
1295.0	1.60554125	1.50656E-7
1300.0	1.60547712	1.5242E-7
1305.0	1.605413111	1.54184E-7
1310.0	1.605349217	1.55948E-7
1315.0	1.605285435	1.57712E-7
1320.0	1.605221761	1.59476E-7
1325.0	1.605158189	1.6124E-7
1330.0	1.605094715	1.63004E-7
1335.0	1.605031336	1.64768E-7
1340.0	1.604968048	1.66532E-7
1345.0	1.604904846	1.68296E-7
1350.0	1.604841727	1.70059E-7
1355.0	1.604778687	1.71823E-7
1360.0	1.604715722	1.73587E-7
1365.0	1.604652828	1.75351E-7
1370.0	1.604590001	1.77115E-7
1375.0	1.604527239	1.78879E-7
1380.0	1.604464538	1.80643E-7
1385.0	1.604401894	1.82407E-7
1390.0	1.604339303	1.84171E-7
1395.0	1.604276764	1.85935E-7
1400.0	1.604214271	1.87698E-7
1405.0	1.604151822	1.89462E-7
1410.0	1.604089415	1.91226E-7
1415.0	1.604027045	1.9299E-7
1420.0	1.60396471	1.94754E-7
1425.0	1.603902406	1.96518E-7
1430.0	1.603840131	1.98282E-7
1435.0	1.603777883	2.00046E-7
1440.0	1.603715657	2.0181E-7
1445.0	1.603653451	2.03574E-7
1450.0	1.603591263	2.05338E-7
1455.0	1.60352909	2.07101E-7
1460.0	1.603466928	2.08865E-7
1465.0	1.603404776	2.10629E-7
1470.0	1.603342631	2.12393E-7
1475.0	1.60328049	2.14157E-7
1480.0	1.603218351	2.15921E-7
1485.0	1.603156212	2.17685E-7
1490.0	1.603094069	2.19449E-7
1495.0	1.603031921	2.21213E-7
1500.0	1.602969765	2.22977E-7
1505.0	1.602907599	2.2474E-7
1510.0	1.60284542	2.26504E-7
1515.0	1.602783227	2.28268E-7
1520.0	1.602721016	2.30032E-7
1525.0	1.602658787	2.31796E-7
1530.0	1.602596537	2.3356E-7
1535.0	1.602534263	2.43834E-7
1540.0	1.602471964	2.54109E-7
1545.0	1.602409637	2.64383E-7
1550.0	1.602347281	2.74657E-7
1555.0	1.602284893	2.84932E-7
1560.0	1.602222472	2.95206E-7
1565.0	1.602160016	3.0548E-7
1570.0	1.602097522	3.15755E-7
1575.0	1.602034989	3.26029E-7
1580.0	1.601972415	3.36303E-7
1585.0	1.601909799	3.46577E-7
1590.0	1.601847138	3.56852E-7
1595.0	1.60178443	3.67126E-7
1600.0	1.601721674	3.774E-7
1605.0	1.601658868	3.87675E-7
1610.0	1.601596011	3.97949E-7
1615.0	1.601533101	4.08223E-7
1620.0	1.601470135	4.18498E-7
1625.0	1.601407113	4.28772E-7
1630.0	1.601344033	4.39046E-7
1635.0	1.601280893	4.49321E-7
1640.0	1.601217692	4.59595E-7
1645.0	1.601154428	4.69869E-7
1650.0	1.6010911	4.80144E-7
1655.0	1.601027706	4.90418E-7
1660.0	1.600964244	5.00692E-7
1665.0	1.600900714	5.10967E-7
1670.0	1.600837113	5.21241E-7
1675.0	1.60077344	5.31515E-7
1680.0	1.600709695	5.4179E-7
1685.0	1.600645875	5.52064E-7
1690.0	1.600581979	5.62338E-7
1695.0	1.600518005	5.72612E-7
1700.0	1.600453953	5.82887E-7
1705.0	1.600389821	5.93161E-7
1710.0	1.600325608	6.03435E-7
1715.0	1.600261313	6.1371E-7
1720.0	1.600196933	6.23984E-7
1725.0	1.600132469	6.34258E-7
1730.0	1.600067918	6.44533E-7
1735.0	1.600003279	6.54807E-7
1740.0	1.599938552	6.65081E-7
1745.0	1.599873735	6.75356E-7
1750.0	1.599808826	6.8563E-7
1755.0	1.599743826	6.95904E-7
1760.0	1.599678731	7.06179E-7
1765.0	1.599613542	7.16453E-7
1770.0	1.599548257	7.26727E-7
1775.0	1.599482876	7.37002E-7
1780.0	1.599417396	7.47276E-7
1785.0	1.599351817	7.5755E-7
1790.0	1.599286138	7.67825E-7
1795.0	1.599220357	7.78099E-7
1800.0	1.599154475	7.88373E-7
1805.0	1.599088488	7.98647E-7
1810.0	1.599022397	8.08922E-7
1815.0	1.598956201	8.19196E-7
1820.0	1.598889898	8.2947E-7
1825.0	1.598823488	8.39745E-7
1830.0	1.598756969	8.50019E-7
1835.0	1.598690341	8.60293E-7
1840.0	1.598623602	8.70568E-7
1845.0	1.598556752	8.80842E-7
1850.0	1.598489789	8.91116E-7
1855.0	1.598422713	9.01391E-7
1860.0	1.598355522	9.11665E-7
1865.0	1.598288217	9.21939E-7
1870.0	1.598220795	9.32214E-7
1875.0	1.598153256	9.42488E-7
1880.0	1.598085599	9.52762E-7
1885.0	1.598017823	9.63037E-7
1890.0	1.597949928	9.73311E-7
1895.0	1.597881912	9.83585E-7
1900.0	1.597813774	9.9386E-7
1905.0	1.597745514	1.00413E-6
1910.0	1.597677131	1.01441E-6
1915.0	1.597608623	1.02468E-6
1920.0	1.597539991	1.03496E-6
1925.0	1.597471233	1.04523E-6
1930.0	1.597402348	1.05551E-6
1935.0	1.597333336	1.06578E-6
1940.0	1.597264196	1.07605E-6
1945.0	1.597194927	1.08633E-6
1950.0	1.597125528	1.0966E-6
1955.0	1.597055998	1.10688E-6
1960.0	1.596986337	1.11715E-6
1965.0	1.596916544	1.12743E-6
1970.0	1.596846618	1.1377E-6
1975.0	1.596776558	1.20728E-6
1980.0	1.596706364	1.27686E-6
1985.0	1.596636035	1.34644E-6
1990.0	1.596565569	1.41602E-6
1995.0	1.596494967	1.4856E-6
2000.0	1.596424228	1.55518E-6
2005.0	1.59635335	1.62476E-6
2010.0	1.596282334	1.69434E-6
2015.0	1.596211178	1.76392E-6
2020.0	1.596139882	1.8335E-6
2025.0	1.596068444	1.90308E-6
2030.0	1.595996865	1.97266E-6
2035.0	1.595925144	2.04224E-6
2040.0	1.595853279	2.11182E-6
2045.0	1.595781271	2.1814E-6
2050.0	1.595709118	2.25098E-6
2055.0	1.59563682	2.32056E-6
2060.0	1.595564376	2.39015E-6
2065.0	1.595491786	2.45973E-6
2070.0	1.595419049	2.52931E-6
2075.0	1.595346164	2.59889E-6
2080.0	1.59527313	2.66847E-6
2085.0	1.595199947	2.73805E-6
2090.0	1.595126615	2.80763E-6
2095.0	1.595053132	2.87721E-6
2100.0	1.594979498	2.94679E-6
2105.0	1.594905712	3.01637E-6
2110.0	1.594831774	3.08595E-6
2115.0	1.594757683	3.15553E-6
2120.0	1.594683438	3.22511E-6
2125.0	1.59460904	3.29469E-6
2130.0	1.594534486	3.36427E-6
2135.0	1.594459777	3.43385E-6
2140.0	1.594384912	3.50343E-6
2145.0	1.59430989	3.57301E-6
2150.0	1.594234712	3.64259E-6
2155.0	1.594159375	3.71217E-6
2160.0	1.59408388	3.78175E-6
2165.0	1.594008226	3.85133E-6
2170.0	1.593932412	3.92091E-6
2175.0	1.593856438	3.99049E-6
2180.0	1.593780303	4.06007E-6
2185.0	1.593704007	4.12965E-6
2190.0	1.593627549	4.19923E-6
2195.0	1.593550928	4.26881E-6
2200.0	1.593474145	4.33839E-6
2205.0	1.593397197	4.40797E-6
2210.0	1.593320086	4.47755E-6
2215.0	1.593242809	4.54713E-6
2220.0	1.593165367	4.61671E-6
2225.0	1.59308776	4.68629E-6
2230.0	1.593009986	4.75587E-6
2235.0	1.592932044	4.82545E-6
2240.0	1.592853936	4.89504E-6
2245.0	1.592775659	4.96462E-6
2250.0	1.592697213	5.0342E-6
2255.0	1.592618598	5.10378E-6
2260.0	1.592539814	5.17336E-6
2265.0	1.592460859	5.24294E-6
2270.0	1.592381733	5.31252E-6
2275.0	1.592302436	5.3821E-6
2280.0	1.592222967	5.45168E-6
2285.0	1.592143325	5.52126E-6
2290.0	1.59206351	5.59084E-6
2295.0	1.591983522	5.66042E-6
2300.0	1.59190336	5.73E-6
2305.0	1.591823024	5.79958E-6
2310.0	1.591742512	5.86916E-6
2315.0	1.591661824	5.93874E-6
2320.0	1.591580961	6.00832E-6
2325.0	1.591499921	6.0779E-6
2330.0	1.591418703	6.29825E-6
2335.0	1.591337308	6.51859E-6
2340.0	1.591255735	6.73894E-6
2345.0	1.591173983	6.95928E-6
2350.0	1.591092052	7.17963E-6
2355.0	1.591009941	7.39997E-6
2360.0	1.590927649	7.62032E-6
2365.0	1.590845177	7.84067E-6
2370.0	1.590762524	8.06101E-6
2375.0	1.590679689	8.28136E-6
2380.0	1.590596672	8.5017E-6
2385.0	1.590513472	8.72205E-6
2390.0	1.590430088	8.94239E-6
2395.0	1.590346521	9.16274E-6
2400.0	1.59026277	9.38309E-6
2405.0	1.590178834	9.60343E-6
2410.0	1.590094712	9.82378E-6
2415.0	1.590010405	1.00441E-5
2420.0	1.589925912	1.02645E-5
2425.0	1.589841232	1.04848E-5
2430.0	1.589756364	1.07052E-5
2435.0	1.589671309	1.09255E-5
2440.0	1.589586066	1.11459E-5
2445.0	1.589500634	1.13662E-5
2450.0	1.589415012	1.15865E-5
2455.0	1.589329202	1.18069E-5
2460.0	1.5892432	1.20272E-5
2465.0	1.589157009	1.22476E-5
2470.0	1.589070626	1.24679E-5
2475.0	1.588984051	1.26883E-5
2480.0	1.588897285	1.29086E-5
2485.0	1.588810325	1.3129E-5
2490.0	1.588723173	1.33493E-5
2495.0	1.588635827	1.35697E-5
2500.0	1.588548288	1.379E-5
