200	1.519	1.089
200.65	1.514	1.088
201.3	1.51	1.088
201.95	1.505	1.087
202.61	1.501	1.087
203.28	1.496	1.087
203.95	1.491	1.088
204.62	1.487	1.088
205.3	1.482	1.089
205.98	1.477	1.09
206.67	1.472	1.091
207.36	1.468	1.092
208.05	1.463	1.093
208.75	1.458	1.095
209.46	1.454	1.097
210.17	1.449	1.099
210.88	1.445	1.101
211.6	1.44	1.103
212.33	1.436	1.106
213.06	1.431	1.108
213.79	1.427	1.111
214.53	1.423	1.114
215.28	1.418	1.118
216.03	1.414	1.121
216.78	1.41	1.124
217.54	1.406	1.128
218.31	1.402	1.132
219.08	1.399	1.136
219.86	1.395	1.14
220.64	1.391	1.144
221.43	1.388	1.148
222.22	1.384	1.152
223.02	1.381	1.157
223.83	1.378	1.161
224.64	1.374	1.166
225.45	1.371	1.17
226.28	1.368	1.175
227.11	1.365	1.18
227.94	1.362	1.185
228.78	1.359	1.19
229.63	1.356	1.195
230.48	1.354	1.2
231.34	1.351	1.205
232.21	1.348	1.21
233.08	1.345	1.215
233.96	1.343	1.221
234.85	1.34	1.226
235.74	1.337	1.231
236.64	1.334	1.237
237.55	1.332	1.243
238.46	1.329	1.248
239.38	1.326	1.254
240.31	1.324	1.26
241.25	1.321	1.266
242.19	1.318	1.273
243.14	1.315	1.279
244.09	1.312	1.286
245.06	1.309	1.292
246.03	1.307	1.299
247.01	1.304	1.306
248	1.301	1.313
249	1.298	1.321
250	1.295	1.329
251.01	1.292	1.337
252.03	1.289	1.345
253.06	1.286	1.353
254.1	1.283	1.362
255.14	1.281	1.371
256.2	1.278	1.38
257.26	1.275	1.389
258.33	1.273	1.399
259.41	1.27	1.409
260.5	1.268	1.42
261.6	1.266	1.43
262.71	1.264	1.441
263.83	1.262	1.453
264.96	1.261	1.464
266.09	1.26	1.476
267.24	1.259	1.488
268.4	1.258	1.5
269.57	1.257	1.513
270.74	1.257	1.526
271.93	1.257	1.539
273.13	1.257	1.552
274.34	1.258	1.566
275.56	1.259	1.579
276.79	1.261	1.593
278.03	1.262	1.607
279.28	1.264	1.622
280.54	1.267	1.636
281.82	1.27	1.65
283.11	1.273	1.665
284.4	1.277	1.679
285.71	1.281	1.694
287.04	1.285	1.708
288.37	1.29	1.723
289.72	1.295	1.738
291.08	1.3	1.752
292.45	1.306	1.767
293.84	1.312	1.781
295.24	1.319	1.796
296.65	1.325	1.81
298.08	1.332	1.825
299.52	1.34	1.839
300.97	1.347	1.853
302.44	1.355	1.867
303.92	1.363	1.881
305.42	1.371	1.895
306.93	1.38	1.909
308.46	1.389	1.923
310	1.398	1.936
311.56	1.407	1.95
313.13	1.416	1.964
314.72	1.425	1.977
316.33	1.435	1.991
317.95	1.445	2.004
319.59	1.455	2.017
321.24	1.465	2.031
322.92	1.475	2.044
324.61	1.486	2.058
326.32	1.496	2.071
328.04	1.507	2.085
329.79	1.518	2.098
331.55	1.529	2.112
333.33	1.541	2.125
335.14	1.552	2.139
336.96	1.564	2.153
338.8	1.576	2.166
340.66	1.589	2.18
342.54	1.602	2.194
344.44	1.615	2.208
346.37	1.628	2.222
348.31	1.642	2.236
350.28	1.656	2.25
352.27	1.67	2.264
354.29	1.685	2.278
356.32	1.7	2.292
358.38	1.715	2.306
360.47	1.731	2.32
362.57	1.747	2.334
364.71	1.764	2.348
366.86	1.781	2.361
369.05	1.798	2.375
371.26	1.815	2.388
373.49	1.833	2.401
375.76	1.851	2.415
378.05	1.87	2.428
380.37	1.889	2.441
382.72	1.908	2.454
385.09	1.927	2.466
387.5	1.947	2.479
389.94	1.967	2.492
392.41	1.987	2.504
394.9	2.008	2.517
397.44	2.029	2.529
400	2.05	2.541
402.6	2.072	2.554
405.23	2.094	2.566
407.89	2.117	2.578
410.6	2.14	2.59
413.33	2.163	2.602
416.11	2.187	2.614
418.92	2.212	2.626
421.77	2.239	2.64
424.66	2.262	2.649
427.59	2.288	2.66
430.56	2.315	2.671
433.57	2.342	2.682
436.62	2.369	2.692
439.72	2.397	2.702
442.86	2.426	2.711
446.04	2.455	2.721
449.28	2.484	2.73
452.55	2.513	2.738
455.88	2.543	2.746
459.26	2.573	2.754
462.69	2.604	2.762
466.17	2.634	2.77
469.7	2.665	2.778
473.28	2.697	2.785
476.92	2.729	2.793
480.62	2.761	2.8
484.38	2.795	2.808
488.19	2.829	2.816
492.06	2.864	2.824
496	2.9	2.832
500	2.937	2.839
504.07	2.976	2.847
508.2	3.016	2.854
512.4	3.057	2.861
516.67	3.101	2.867
521.01	3.146	2.872
525.42	3.192	2.876
529.91	3.241	2.878
534.48	3.291	2.879
539.13	3.343	2.878
543.86	3.396	2.875
548.67	3.45	2.87
553.57	3.506	2.862
558.56	3.563	2.851
563.64	3.62	2.838
568.81	3.678	2.821
574.07	3.735	2.801
579.44	3.793	2.778
584.91	3.85	2.752
590.48	3.907	2.723
596.15	3.962	2.69
601.94	4.016	2.654
607.84	4.068	2.616
613.86	4.119	2.574
620	4.166	2.53
626.26	4.212	2.483
632.65	4.255	2.434
639.18	4.294	2.383
645.83	4.331	2.331
652.63	4.364	2.277
659.57	4.394	2.222
666.67	4.421	2.166
673.91	4.444	2.11
681.32	4.464	2.054
688.89	4.48	1.997
696.63	4.492	1.942
704.55	4.501	1.888
712.64	4.507	1.834
720.93	4.51	1.783
729.41	4.511	1.733
738.1	4.508	1.686
746.99	4.503	1.64
756.1	4.497	1.598
765.43	4.488	1.558
775	4.478	1.522
784.81	4.467	1.489
794.87	4.456	1.459
805.19	4.445	1.433
815.79	4.434	1.409
826.67	4.424	1.389
837.84	4.416	1.373
849.32	4.409	1.359
861.11	4.405	1.347
873.24	4.404	1.338
885.71	4.406	1.33
898.55	4.412	1.324
911.76	4.421	1.318
925.37	4.435	1.311
939.39	4.452	1.304
953.85	4.473	1.295
968.75	4.498	1.284
984.13	4.526	1.269
1000	4.557	1.25
1016.4	4.59	1.227
1033.3	4.623	1.198
1050.8	4.657	1.164
1069	4.69	1.125
1087.7	4.721	1.081
1107.1	4.75	1.032
1127.3	4.774	0.978
1148.1	4.794	0.921
1169.8	4.81	0.861
1192.3	4.819	0.798
1215.7	4.824	0.735
1240	4.822	0.672
1265.3	4.816	0.609
1291.7	4.804	0.547
1319.1	4.787	0.488
1347.8	4.766	0.431
1441.9	4.683	0.28
1476.2	4.65	0.236
1512.2	4.615	0.196
1550	4.579	0.161
1589.7	4.542	0.128
1631.6	4.504	0.1
1675.7	4.467	0.075
1722.2	4.429	0.054
1771.4	4.391	0.036
1823.5	4.354	0.022
1878.8	4.318	0.012
1937.5	4.284	0.005
2000	4.252	0.002
