206.6	0.148708928	1.000196231
210.8950832	0.151970841	1.043752086
215.2794584	0.155558843	1.087592464
219.7549821	0.159465729	1.131803567
224.323549	0.163687962	1.17647038
228.9870936	0.168225205	1.221678636
233.7475903	0.173080141	1.267516934
238.6070547	0.178258673	1.314079159
243.5675442	0.183770689	1.361467373
248.6311593	0.189631749	1.409795249
253.8000437	0.195866214	1.459192025
259.0763859	0.202512473	1.509806654
264.4624199	0.20963101	1.561811394
269.9604262	0.217315812	1.615403565
275.5727325	0.22570911	1.67080359
281.3017151	0.235018493	1.728247161
287.1497997	0.245534151	1.787969476
293.1194622	0.257642697	1.850180459
299.2132302	0.271833171	1.915031542
305.4336838	0.288690852	1.982576912
311.7834567	0.308875895	2.052734333
318.2652374	0.33308631	2.125252114
324.8817702	0.362007978	2.199688766
331.6358565	0.396257217	2.27541028
338.5303559	0.436323155	2.35160706
345.5681877	0.48251725	2.427329345
352.7523315	0.534935954	2.501537126
360.0858291	0.593440246	2.573158868
367.5717855	0.657653227	2.641152839
375.2133702	0.726974777	2.704565335
383.0138186	0.800610627	2.762581248
390.9764334	0.877612308	2.814563849
399.1045859	0.956924066	2.860082072
407.4017175	1.03743293	2.898924831
415.8713413	1.118018556	2.931102919
424.5170432	1.197600008	2.956839737
433.3424837	1.275177311	2.976552603
442.3513996	1.349866234	2.990826617
451.5476051	1.420925401	3.000383165
460.9349939	1.487775284	3.006045045
470.5175406	1.550009117	3.008700067
480.2993023	1.607396048	3.009264792
490.2844207	1.659877106	3.00864982
500.4771234	1.707554733	3.007727857
510.8817259	1.750676752	3.007305587
521.5026335	1.789615774	3.008100188
532.3443431	1.82484512	3.010721167
543.4114449	1.856912471	3.015657973
554.7086248	1.886412534	3.023273631
566.2406659	1.913960058	3.033804355
578.0124508	1.940164531	3.047364761
590.0289637	1.965607744	3.063958001
602.2952923	1.990825198	3.083489811
614.8166301	2.016292011	3.105785285
627.5982785	2.042413582	3.130607061
640.6456494	2.069520901	3.157673648
653.9642668	2.097870051	3.186676807
667.5597698	2.127645203	3.217297104
681.4379148	2.158964257	3.249217102
695.6045776	2.191886277	3.282131895
710.0657563	2.226419911	3.315756992
724.8275738	2.262532109	3.349833705
739.8962801	2.300156609	3.384132371
755.2782553	2.339201825	3.418453758
770.980012	2.379557889	3.452629054
787.0081983	2.421102734	3.486518794
803.3696005	2.463707205	3.520011053
820.0711458	2.507239212	3.553019182
837.1199057	2.55156702	3.585479287
854.5230985	2.596561774	3.617347634
872.2880927	2.642099353	3.648598083
890.4224098	2.688061676	3.679219651
908.933728	2.734337551	3.709214238
927.8298847	2.780823161	3.73859457
947.1188805	2.827422259	3.767382339
966.8088824	2.874046149	3.795606579
986.9082269	2.920613501	3.823302237
1007.425424	2.96705004	3.85050895
1028.369161	3.01328817	3.877269998
1049.748305	3.059266528	3.903631427
1071.571907	3.104929521	3.929641309
1093.849209	3.15022684	3.955349147
1116.589641	3.19511299	3.980805382
1139.802833	3.239546813	4.006061006
1163.498612	3.283491045	4.031167259
1187.687011	3.326911886	4.056175403
1212.378272	3.3697786	4.081136555
1237.582849	3.412063143	4.106101582
1263.311413	3.453739821	4.131121035
1289.574857	3.494784974	4.156245126
1316.384302	3.535176693	4.181523737
1343.751098	3.574894564	4.207006454
1371.686833	3.613919438	4.232742633
1400.203333	3.652233233	4.258781469
1429.312674	3.689818754	4.2851721
1459.02718	3.726659546	4.311963705
1489.359431	3.762739763	4.339205628
1520.322271	3.798044065	4.366947496
1551.928808	3.832557532	4.395239356
1584.192425	3.866265605	4.424131808
1617.126783	3.899154037	4.45367614
1650.745825	3.931208874	4.483924473
1685.063785	3.962416446	4.514929898
1720.095194	3.992763382	4.546746616
1755.854884	4.022236633	4.579430076
1792.357996	4.050823526	4.61303711
1829.619984	4.078511822	4.647626064
1867.656625	4.105289792	4.683256926
1906.484023	4.131146318	4.719991444
1946.118619	4.156070997	4.75789324
1986.577193	4.180054268	4.79702792
2027.876875	4.203087552	4.837463165
2070.035151	4.225163404	4.87926882
2113.069871	4.246275684	4.92251697
2156.999256	4.266419734	4.967281997
2201.841905	4.285592577	5.01364063
2247.616804	4.303793119	5.061671974
2294.343334	4.321022369	5.111457523
2342.041279	4.337283663	5.163081151
2390.730835	4.352582901	5.216629087
2440.432615	4.366928789	5.272189862
2491.167664	4.380333083	5.329854232
2542.957462	4.392810838	5.389715078
2595.823938	4.40438066	5.45186728
2649.789474	4.415064948	5.516407553
2704.87692	4.424890131	5.58343427
2761.109598	4.433886902	5.653047238
2818.511318	4.442090427	5.725347458
2877.106384	4.449540546	5.800436851
2936.919604	4.456281947	5.878417952
2997.976303	4.462364314	5.959393589
3060.302332	4.467842447	6.043466526
3123.92408	4.472776345	6.130739093
3188.868484	4.477231253	6.221312804
3255.163041	4.481277673	6.315287947
3322.835819	4.48499132	6.412763188
3391.915472	4.488453044	6.51383516
3462.431247	4.491748707	6.61859806
3534.413001	4.494969002	6.727143262
3607.891209	4.498209247	6.839558949
3682.896983	4.50156912	6.955929759
3759.462079	4.505152367	7.076336475
3837.618916	4.509066474	7.200855743
3917.400583	4.513422309	7.329559831
3998.840861	4.518333744	7.462516435
4081.97423	4.523917261	7.599788531
4166.83589	4.53029155	7.741434271
4253.46177	4.53757711	7.887506932
4341.888547	4.545895848	8.038054912
4432.153661	4.555370699	8.193121765
4524.295329	4.566125261	8.352746284
4618.352565	4.578283456	8.516962619
4714.36519	4.591969216	8.685800424
4812.373858	4.607306209	8.859285039
4912.420063	4.624417591	9.037437683
5014.546166	4.643425796	9.220275667
5118.795406	4.664452373	9.407812619
5225.211921	4.687617838	9.600058708
5333.840769	4.713041584	9.797020867
5444.727941	4.740841802	9.99870301
5557.920388	4.771135449	10.20510624
5673.466033	4.804038231	10.41622905
5791.4138	4.83966461	10.63206749
5911.813626	4.878127841	10.8526153
6034.716488	4.919540008	11.07786411
6160.174423	4.964012087	11.3078035
6288.240549	5.011654004	11.5424211
6418.969089	5.062574713	11.78170269
6552.415392	5.116882259	12.02563223
6688.635959	5.174683853	12.27419187
6827.688466	5.236085935	12.52736201
6969.631786	5.301194234	12.78512125
7114.526018	5.37011382	13.04744639
7262.432509	5.442949143	13.31431236
7413.413883	5.519804063	13.58569223
7567.534063	5.600781865	13.8615571
7724.858305	5.685985263	14.14187602
7885.453218	5.775516385	14.42661596
8049.386798	5.869476743	14.71574172
8216.728453	5.967967196	15.0092158
8387.549035	6.071087885	15.30699837
8561.920869	6.178938162	15.60904717
8739.917783	6.291616495	15.9153174
8921.61514	6.409220369	16.2257617
9107.089869	6.531846163	16.54033002
9296.420502	6.659589016	16.85896961
9489.687198	6.79254268	17.18162492
9686.971786	6.930799364	17.5082376
9888.357796	7.074449562	17.83874644
10093.93049	7.223581872	18.17308735
10303.77692	7.378282809	18.51119339
10517.98592	7.538636604	18.85299475
10736.64818	7.704725006	19.19841879
10959.8563	7.876627071	19.54739009
11187.70477	8.05441895	19.89983049
11420.29007	8.238173681	20.2556592
11657.71067	8.427960969	20.6147929
11900.0671	8.62384698	20.97714584
12147.46196	8.825894135	21.34262998
12400	9.034160903	21.71115517
