206.64	1.62407	1.32064
206.99	1.62786	1.32392
207.33	1.63168	1.3272
207.68	1.63554	1.33049
208.03	1.63943	1.33378
208.38	1.64335	1.33707
208.73	1.6473	1.34037
209.08	1.65129	1.34366
209.43	1.65531	1.34696
209.79	1.65937	1.35027
210.14	1.66346	1.35357
210.5	1.66759	1.35688
210.86	1.67175	1.36019
211.22	1.67594	1.36351
211.58	1.68018	1.36682
211.94	1.68445	1.37014
212.3	1.68875	1.37346
212.67	1.69309	1.37678
213.03	1.69747	1.3801
213.4	1.70189	1.38343
213.77	1.70635	1.38675
214.14	1.71084	1.39008
214.51	1.71538	1.3934
214.88	1.71995	1.39673
215.25	1.72456	1.40006
215.62	1.72922	1.40339
216	1.73391	1.40672
216.38	1.73865	1.41005
216.76	1.74343	1.41338
217.14	1.74825	1.41671
217.52	1.75311	1.42004
217.9	1.75801	1.42337
218.28	1.76296	1.4267
218.67	1.76796	1.43002
219.05	1.773	1.43335
219.44	1.77808	1.43667
219.83	1.78321	1.44
220.22	1.78838	1.44332
220.61	1.79361	1.44664
221.01	1.79888	1.44995
221.4	1.80419	1.45327
221.8	1.80956	1.45658
222.19	1.81497	1.45988
222.59	1.82043	1.46319
222.99	1.82595	1.46649
223.39	1.83151	1.46978
223.8	1.83713	1.47307
224.2	1.84279	1.47636
224.61	1.84851	1.47964
225.02	1.85429	1.48291
225.43	1.86011	1.48618
225.84	1.86599	1.48945
226.25	1.87193	1.4927
226.66	1.87792	1.49595
227.08	1.88397	1.49919
227.49	1.89007	1.50243
227.91	1.89623	1.50565
228.33	1.90245	1.50887
228.75	1.90873	1.51207
229.18	1.91507	1.51527
229.6	1.92147	1.51846
230.03	1.92793	1.52164
230.45	1.93445	1.5248
230.88	1.94103	1.52795
231.31	1.94768	1.53109
231.75	1.9544	1.53422
232.18	1.96117	1.53734
232.62	1.96802	1.54043
233.05	1.97492	1.54352
233.49	1.9819	1.54659
233.93	1.98895	1.54964
234.37	1.99606	1.55268
234.82	2.00325	1.55569
235.26	2.0105	1.55869
235.71	2.01783	1.56167
236.16	2.02523	1.56463
236.61	2.0327	1.56757
237.06	2.04024	1.57049
237.52	2.04787	1.57338
237.97	2.05556	1.57625
238.43	2.06334	1.5791
238.89	2.07119	1.58192
239.35	2.07912	1.58471
239.81	2.08714	1.58748
240.28	2.09523	1.59022
240.75	2.1034	1.59292
241.21	2.11166	1.5956
241.68	2.12	1.59825
242.16	2.12843	1.60086
242.63	2.13694	1.60343
243.11	2.14554	1.60597
243.58	2.15423	1.60848
244.06	2.163	1.61094
244.54	2.17187	1.61336
245.03	2.18082	1.61575
245.51	2.18987	1.61809
246	2.19901	1.62038
246.49	2.20825	1.62263
246.98	2.21758	1.62483
247.47	2.22701	1.62698
247.97	2.23653	1.62907
248.47	2.24616	1.63112
248.96	2.25588	1.63311
249.47	2.2657	1.63504
249.97	2.27563	1.63691
250.47	2.28566	1.63872
250.98	2.29579	1.64046
251.49	2.30602	1.64214
252	2.31637	1.64375
252.51	2.32681	1.64529
253.03	2.33737	1.64676
253.55	2.34804	1.64815
254.07	2.35881	1.64946
254.59	2.3697	1.65069
255.11	2.38069	1.65183
255.64	2.3918	1.65289
256.17	2.40303	1.65386
256.7	2.41436	1.65474
257.23	2.42582	1.65551
257.76	2.43738	1.65619
258.3	2.44907	1.65677
258.84	2.46087	1.65723
259.38	2.47279	1.65759
259.92	2.48483	1.65784
260.47	2.49698	1.65796
261.02	2.50926	1.65797
261.57	2.52165	1.65785
262.12	2.53417	1.65759
262.68	2.5468	1.65721
263.24	2.55956	1.65668
263.8	2.57243	1.65601
264.36	2.58543	1.6552
264.92	2.59855	1.65423
265.49	2.61178	1.6531
266.06	2.62514	1.65181
266.63	2.63861	1.65036
267.21	2.65221	1.64873
267.78	2.66592	1.64692
268.36	2.67974	1.64493
268.95	2.69368	1.64274
269.53	2.70774	1.64037
270.12	2.72191	1.63779
270.71	2.73619	1.635
271.3	2.75057	1.632
271.9	2.76507	1.62878
272.49	2.77967	1.62533
273.09	2.79437	1.62165
273.7	2.80917	1.61773
274.3	2.82406	1.61356
274.91	2.83905	1.60914
275.52	2.85412	1.60446
276.13	2.86928	1.59951
276.75	2.88452	1.59429
277.37	2.89984	1.58878
277.99	2.91522	1.58299
278.62	2.93067	1.5769
279.24	2.94618	1.57051
279.87	2.96175	1.56381
280.51	2.97735	1.55678
281.14	2.993	1.54944
281.78	3.00868	1.54176
282.42	3.02438	1.53374
283.07	3.04009	1.52538
283.72	3.05582	1.51666
284.37	3.07154	1.50758
285.02	3.08724	1.49814
285.68	3.10292	1.48832
286.34	3.11857	1.47813
287	3.13417	1.46755
287.67	3.14971	1.45658
288.34	3.16518	1.44521
289.01	3.18057	1.43345
289.68	3.19586	1.42127
290.36	3.21103	1.40869
291.04	3.22608	1.3957
291.73	3.24099	1.38229
292.42	3.25575	1.36847
293.11	3.27033	1.35422
293.8	3.28472	1.33956
294.5	3.2989	1.32447
295.2	3.31286	1.30897
295.91	3.32658	1.29305
296.61	3.34004	1.27671
297.32	3.35322	1.25995
298.04	3.36611	1.24279
298.76	3.37868	1.22522
299.48	3.39092	1.20725
300.2	3.4028	1.18889
300.93	3.41432	1.17015
301.66	3.42544	1.15103
302.4	3.43616	1.13155
303.14	3.44645	1.11171
303.88	3.4563	1.09153
304.63	3.46568	1.07103
305.38	3.47459	1.05021
306.13	3.483	1.02909
306.89	3.49089	1.00769
307.65	3.49826	0.98603
308.42	3.50509	0.96412
309.19	3.51136	0.94199
309.96	3.51707	0.91966
310.74	3.52219	0.89714
311.52	3.52672	0.87446
312.3	3.53065	0.85165
313.09	3.53397	0.82872
313.88	3.53667	0.8057
314.68	3.53875	0.78262
315.48	3.5402	0.7595
316.29	3.54101	0.73636
317.1	3.5412	0.71324
317.91	3.54075	0.69016
318.73	3.53967	0.66715
319.55	3.53796	0.64422
320.37	3.53562	0.62141
321.2	3.53265	0.59875
322.04	3.52908	0.57625
322.88	3.52489	0.55395
323.72	3.5201	0.53187
324.57	3.51473	0.51003
325.42	3.50877	0.48846
326.27	3.50225	0.46718
327.14	3.49518	0.44621
328	3.48758	0.42557
328.87	3.47945	0.40528
329.75	3.47082	0.38537
330.62	3.4617	0.36585
331.51	3.45211	0.34673
332.4	3.44207	0.32805
333.29	3.43161	0.3098
334.19	3.42073	0.29201
335.09	3.40946	0.27468
336	3.39783	0.25784
336.91	3.38584	0.24149
337.83	3.37354	0.22564
338.75	3.36092	0.21031
339.68	3.34803	0.19549
340.62	3.33488	0.18121
341.55	3.32149	0.16745
342.5	3.30789	0.15424
343.45	3.29409	0.14157
344.4	3.28013	0.12944
345.36	3.26602	0.11787
346.32	3.25178	0.10685
347.29	3.23744	0.09638
348.27	3.22302	0.08647
349.25	3.20855	0.07711
350.24	3.19404	0.0683
351.23	3.17951	0.06005
352.23	3.16499	0.05234
353.23	3.15051	0.04519
354.24	3.13607	0.03857
355.26	3.12172	0.0325
356.28	3.10746	0.02697
357.3	3.09333	0.02197
358.34	3.07935	0.0175
359.37	3.06554	0.01355
360.42	3.05193	0.01011
361.47	3.03855	0.00719
362.53	3.02544	0.00478
363.59	3.01262	0.00287
364.66	3.00015	0.00145
365.74	2.98807	5.09E-04
366.82	2.97647	5.20E-05
367.91	2.96555	0
369	2.9553	0
370.1	2.94552	0
371.21	2.93613	0
372.32	2.92708	0
373.45	2.91834	0
374.57	2.90988	0
375.71	2.90167	0
376.85	2.89371	0
378	2.88596	0
379.16	2.87842	0
380.32	2.87107	0
381.49	2.86391	0
382.67	2.85693	0
383.85	2.8501	0
385.04	2.84344	0
386.24	2.83692	0
387.45	2.83055	0
388.67	2.82431	0
389.89	2.8182	0
391.12	2.81222	0
392.36	2.80636	0
393.6	2.80061	0
394.85	2.79497	0
396.12	2.78945	0
397.39	2.78402	0
398.66	2.77869	0
399.95	2.77347	0
401.24	2.76833	0
402.55	2.76328	0
403.86	2.75833	0
405.18	2.75345	0
406.51	2.74866	0
407.84	2.74395	0
409.19	2.73931	0
410.54	2.73475	0
411.91	2.73026	0
413.28	2.72584	0
414.66	2.7215	0
416.05	2.71721	0
417.46	2.713	0
418.87	2.70884	0
420.29	2.70475	0
421.71	2.70072	0
423.15	2.69675	0
424.6	2.69284	0
426.06	2.68898	0
427.53	2.68517	0
429.01	2.68142	0
430.5	2.67772	0
432	2.67408	0
433.51	2.67048	0
435.03	2.66693	0
436.56	2.66343	0
438.11	2.65997	0
439.66	2.65656	0
441.22	2.6532	0
442.8	2.64988	0
444.39	2.6466	0
445.99	2.64336	0
447.6	2.64016	0
449.22	2.63701	0
450.85	2.63389	0
452.5	2.63082	0
454.15	2.62778	0
455.82	2.62477	0
457.51	2.62181	0
459.2	2.61888	0
460.91	2.61598	0
462.63	2.61312	0
464.36	2.61029	0
466.11	2.6075	0
467.86	2.60474	0
469.64	2.60201	0
471.42	2.59931	0
473.22	2.59665	0
475.04	2.59401	0
476.86	2.5914	0
478.7	2.58883	0
480.56	2.58628	0
482.43	2.58376	0
484.31	2.58127	0
486.21	2.5788	0
488.13	2.57637	0
490.06	2.57396	0
492	2.57157	0
493.96	2.56921	0
495.94	2.56688	0
497.93	2.56457	0
499.94	2.56229	0
501.96	2.56003	0
504	2.5578	0
506.06	2.55558	0
508.13	2.5534	0
510.22	2.55123	0
512.33	2.54909	0
514.46	2.54697	0
516.6	2.54487	0
518.76	2.54279	0
520.94	2.54073	0
523.14	2.5387	0
525.36	2.53668	0
527.59	2.53469	0
529.85	2.53272	0
532.12	2.53076	0
534.41	2.52883	0
536.73	2.52691	0
539.06	2.52502	0
541.42	2.52314	0
543.79	2.52128	0
546.19	2.51944	0
548.6	2.51762	0
551.04	2.51581	0
553.5	2.51403	0
555.98	2.51226	0
558.49	2.51051	0
561.01	2.50877	0
563.56	2.50705	0
566.14	2.50535	0
568.73	2.50367	0
571.36	2.502	0
574	2.50034	0
576.67	2.49871	0
579.37	2.49709	0
582.09	2.49548	0
584.83	2.49389	0
587.6	2.49231	0
590.4	2.49075	0
593.23	2.48921	0
596.08	2.48767	0
598.96	2.48616	0
601.87	2.48465	0
604.8	2.48316	0
607.77	2.48169	0
610.76	2.48023	0
613.78	2.47878	0
616.84	2.47735	0
619.92	2.47593	0
623.04	2.47452	0
626.18	2.47312	0
629.36	2.47174	0
632.57	2.47037	0
635.82	2.46902	0
639.09	2.46767	0
642.41	2.46634	0
645.75	2.46502	0
649.13	2.46372	0
652.55	2.46242	0
656	2.46114	0
659.49	2.45987	0
663.02	2.45861	0
666.58	2.45736	0
670.18	2.45613	0
673.83	2.4549	0
677.51	2.45369	0
681.23	2.45249	0
685	2.45129	0
688.8	2.45011	0
692.65	2.44894	0
696.54	2.44779	0
700.48	2.44664	0
704.46	2.4455	0
708.48	2.44437	0
712.55	2.44326	0
716.67	2.44215	0
720.84	2.44105	0
725.05	2.43997	0
729.32	2.43889	0
733.63	2.43782	0
738	2.43677	0
742.42	2.43572	0
746.89	2.43468	0
751.42	2.43366	0
756	2.43264	0
760.64	2.43163	0
765.33	2.43063	0
770.09	2.42964	0
774.9	2.42866	0
779.77	2.42769	0
784.71	2.42673	0
789.71	2.42577	0
794.77	2.42483	0
799.9	2.42389	0
805.09	2.42296	0
810.35	2.42205	0
815.69	2.42114	0
821.09	2.42023	0
826.56	2.41934	0
