206.64	1.78909	1.29515
206.99	1.79334	1.29751
207.33	1.79762	1.29987
207.68	1.80194	1.30223
208.03	1.80629	1.30458
208.38	1.81067	1.30692
208.73	1.81508	1.30926
209.08	1.81952	1.31159
209.43	1.82399	1.31391
209.79	1.8285	1.31623
210.14	1.83304	1.31854
210.5	1.83761	1.32085
210.86	1.84222	1.32314
211.22	1.84686	1.32543
211.58	1.85154	1.32771
211.94	1.85625	1.32998
212.3	1.86099	1.33225
212.67	1.86577	1.3345
213.03	1.87059	1.33675
213.4	1.87544	1.33898
213.77	1.88033	1.34121
214.14	1.88525	1.34343
214.51	1.89021	1.34563
214.88	1.89521	1.34783
215.25	1.90024	1.35002
215.62	1.90531	1.35219
216	1.91042	1.35436
216.38	1.91557	1.35651
216.76	1.92075	1.35865
217.14	1.92598	1.36078
217.52	1.93124	1.36289
217.9	1.93655	1.36499
218.28	1.94189	1.36708
218.67	1.94728	1.36916
219.05	1.9527	1.37122
219.44	1.95817	1.37327
219.83	1.96367	1.3753
220.22	1.96922	1.37731
220.61	1.97481	1.37931
221.01	1.98045	1.3813
221.4	1.98612	1.38327
221.8	1.99184	1.38522
222.19	1.9976	1.38715
222.59	2.00341	1.38907
222.99	2.00926	1.39096
223.39	2.01516	1.39284
223.8	2.0211	1.3947
224.2	2.02709	1.39654
224.61	2.03312	1.39836
225.02	2.0392	1.40015
225.43	2.04532	1.40193
225.84	2.0515	1.40368
226.25	2.05772	1.40541
226.66	2.06398	1.40712
227.08	2.0703	1.40881
227.49	2.07666	1.41046
227.91	2.08308	1.4121
228.33	2.08954	1.41371
228.75	2.09605	1.41529
229.18	2.10262	1.41684
229.6	2.10923	1.41837
230.03	2.1159	1.41987
230.45	2.12261	1.42133
230.88	2.12938	1.42277
231.31	2.1362	1.42418
231.75	2.14308	1.42556
232.18	2.15	1.4269
232.62	2.15698	1.42821
233.05	2.16402	1.42949
233.49	2.17111	1.43073
233.93	2.17825	1.43193
234.37	2.18545	1.4331
234.82	2.19271	1.43423
235.26	2.20002	1.43532
235.71	2.20738	1.43637
236.16	2.21481	1.43739
236.61	2.22229	1.43836
237.06	2.22983	1.43928
237.52	2.23742	1.44017
237.97	2.24508	1.441
238.43	2.25279	1.4418
238.89	2.26057	1.44254
239.35	2.2684	1.44324
239.81	2.27629	1.44389
240.28	2.28424	1.44448
240.75	2.29226	1.44503
241.21	2.30033	1.44552
241.68	2.30846	1.44595
242.16	2.31666	1.44633
242.63	2.32492	1.44666
243.11	2.33324	1.44692
243.58	2.34162	1.44712
244.06	2.35006	1.44726
244.54	2.35857	1.44734
245.03	2.36714	1.44735
245.51	2.37577	1.4473
246	2.38447	1.44718
246.49	2.39323	1.44699
246.98	2.40205	1.44672
247.47	2.41094	1.44639
247.97	2.41989	1.44597
248.47	2.42891	1.44548
248.96	2.43798	1.44492
249.47	2.44713	1.44427
249.97	2.45633	1.44354
250.47	2.4656	1.44272
250.98	2.47493	1.44182
251.49	2.48433	1.44083
252	2.49379	1.43975
252.51	2.50332	1.43857
253.03	2.5129	1.4373
253.55	2.52255	1.43593
254.07	2.53226	1.43446
254.59	2.54204	1.43289
255.11	2.55187	1.43122
255.64	2.56177	1.42944
256.17	2.57172	1.42754
256.7	2.58174	1.42554
257.23	2.59182	1.42342
257.76	2.60195	1.42119
258.3	2.61214	1.41883
258.84	2.62239	1.41635
259.38	2.63269	1.41375
259.92	2.64305	1.41102
260.47	2.65347	1.40816
261.02	2.66393	1.40516
261.57	2.67445	1.40203
262.12	2.68501	1.39876
262.68	2.69563	1.39534
263.24	2.70629	1.39178
263.8	2.717	1.38807
264.36	2.72775	1.38421
264.92	2.73854	1.38019
265.49	2.74937	1.37601
266.06	2.76024	1.37167
266.63	2.77115	1.36717
267.21	2.78208	1.3625
267.78	2.79305	1.35766
268.36	2.80404	1.35265
268.95	2.81506	1.34745
269.53	2.82611	1.34208
270.12	2.83717	1.33652
270.71	2.84824	1.33077
271.3	2.85933	1.32483
271.9	2.87043	1.3187
272.49	2.88153	1.31237
273.09	2.89263	1.30584
273.7	2.90374	1.29911
274.3	2.91483	1.29217
274.91	2.92591	1.28502
275.52	2.93697	1.27765
276.13	2.94802	1.27007
276.75	2.95904	1.26227
277.37	2.97002	1.25425
277.99	2.98097	1.24601
278.62	2.99188	1.23753
279.24	3.00274	1.22883
279.87	3.01354	1.2199
280.51	3.02428	1.21073
281.14	3.03496	1.20132
281.78	3.04556	1.19168
282.42	3.05608	1.1818
283.07	3.06652	1.17167
283.72	3.07686	1.1613
284.37	3.08709	1.15069
285.02	3.09722	1.13983
285.68	3.10723	1.12872
286.34	3.11711	1.11737
287	3.12686	1.10578
287.67	3.13646	1.09393
288.34	3.14592	1.08184
289.01	3.15521	1.0695
289.68	3.16434	1.05692
290.36	3.17329	1.0441
291.04	3.18205	1.03104
291.73	3.19061	1.01773
292.42	3.19897	1.00419
293.11	3.20711	0.99042
293.8	3.21503	0.97642
294.5	3.22272	0.96219
295.2	3.23016	0.94773
295.91	3.23735	0.93306
296.61	3.24428	0.91818
297.32	3.25093	0.90309
298.04	3.25731	0.8878
298.76	3.26339	0.87231
299.48	3.26918	0.85664
300.2	3.27465	0.84079
300.93	3.27981	0.82476
301.66	3.28464	0.80857
302.4	3.28914	0.79223
303.14	3.29329	0.77574
303.88	3.2971	0.75911
304.63	3.30054	0.74236
305.38	3.30362	0.72549
306.13	3.30633	0.70852
306.89	3.30866	0.69146
307.65	3.31061	0.67432
308.42	3.31216	0.65711
309.19	3.31332	0.63985
309.96	3.31408	0.62254
310.74	3.31444	0.60521
311.52	3.31439	0.58786
312.3	3.31392	0.57051
313.09	3.31305	0.55318
313.88	3.31176	0.53587
314.68	3.31006	0.51861
315.48	3.30794	0.5014
316.29	3.3054	0.48427
317.1	3.30245	0.46723
317.91	3.29909	0.45029
318.73	3.29531	0.43347
319.55	3.29113	0.41678
320.37	3.28654	0.40024
321.2	3.28155	0.38386
322.04	3.27617	0.36766
322.88	3.27039	0.35166
323.72	3.26423	0.33586
324.57	3.25769	0.32029
325.42	3.25078	0.30495
326.27	3.24351	0.28986
327.14	3.23589	0.27504
328	3.22792	0.2605
328.87	3.21962	0.24624
329.75	3.21099	0.23229
330.62	3.20205	0.21866
331.51	3.19281	0.20535
332.4	3.18328	0.19239
333.29	3.17347	0.17977
334.19	3.1634	0.16752
335.09	3.15308	0.15564
336	3.14253	0.14414
336.91	3.13175	0.13303
337.83	3.12077	0.12232
338.75	3.10959	0.11202
339.68	3.09824	0.10213
340.62	3.08674	0.09267
341.55	3.07509	0.08364
342.5	3.06331	0.07505
343.45	3.05143	0.0669
344.4	3.03946	0.0592
345.36	3.02743	0.05196
346.32	3.01534	0.04518
347.29	3.00322	0.03886
348.27	2.99109	0.033
349.25	2.97898	0.02762
350.24	2.9669	0.02271
351.23	2.95489	0.01828
352.23	2.94295	0.01433
353.23	2.93114	0.01086
354.24	2.91946	0.00786
355.26	2.90796	0.00535
356.28	2.89667	0.00332
357.3	2.88565	0.00178
358.34	2.87493	7.12E-04
359.37	2.86461	1.26E-04
360.42	2.85485	0
361.47	2.84577	0
362.53	2.83714	0
363.59	2.82889	0
364.66	2.82095	0
365.74	2.81329	0
366.82	2.80588	0
367.91	2.7987	0
369	2.79174	0
370.1	2.78497	0
371.21	2.77838	0
372.32	2.77197	0
373.45	2.76571	0
374.57	2.75961	0
375.71	2.75366	0
376.85	2.74784	0
378	2.74215	0
379.16	2.73659	0
380.32	2.73114	0
381.49	2.72581	0
382.67	2.72059	0
383.85	2.71547	0
385.04	2.71045	0
386.24	2.70553	0
387.45	2.7007	0
388.67	2.69596	0
389.89	2.69131	0
391.12	2.68673	0
392.36	2.68224	0
393.6	2.67783	0
394.85	2.67349	0
396.12	2.66923	0
397.39	2.66504	0
398.66	2.66091	0
399.95	2.65685	0
401.24	2.65286	0
402.55	2.64892	0
403.86	2.64505	0
405.18	2.64124	0
406.51	2.63749	0
407.84	2.63379	0
409.19	2.63015	0
410.54	2.62656	0
411.91	2.62302	0
413.28	2.61953	0
414.66	2.61609	0
416.05	2.6127	0
417.46	2.60936	0
418.87	2.60606	0
420.29	2.60281	0
421.71	2.5996	0
423.15	2.59644	0
424.6	2.59331	0
426.06	2.59023	0
427.53	2.58719	0
429.01	2.58418	0
430.5	2.58122	0
432	2.57829	0
433.51	2.5754	0
435.03	2.57255	0
436.56	2.56973	0
438.11	2.56694	0
439.66	2.56419	0
441.22	2.56147	0
442.8	2.55879	0
444.39	2.55614	0
445.99	2.55352	0
447.6	2.55093	0
449.22	2.54837	0
450.85	2.54584	0
452.5	2.54333	0
454.15	2.54086	0
455.82	2.53842	0
457.51	2.536	0
459.2	2.53361	0
460.91	2.53125	0
462.63	2.52891	0
464.36	2.5266	0
466.11	2.52432	0
467.86	2.52206	0
469.64	2.51982	0
471.42	2.51761	0
473.22	2.51543	0
475.04	2.51326	0
476.86	2.51112	0
478.7	2.509	0
480.56	2.50691	0
482.43	2.50483	0
484.31	2.50278	0
486.21	2.50075	0
488.13	2.49874	0
490.06	2.49675	0
492	2.49478	0
493.96	2.49284	0
495.94	2.49091	0
497.93	2.489	0
499.94	2.48711	0
501.96	2.48524	0
504	2.48339	0
506.06	2.48155	0
508.13	2.47974	0
510.22	2.47794	0
512.33	2.47616	0
514.46	2.4744	0
516.6	2.47265	0
518.76	2.47093	0
520.94	2.46922	0
523.14	2.46752	0
525.36	2.46584	0
527.59	2.46418	0
529.85	2.46254	0
532.12	2.4609	0
534.41	2.45929	0
536.73	2.45769	0
539.06	2.45611	0
541.42	2.45454	0
543.79	2.45298	0
546.19	2.45144	0
548.6	2.44992	0
551.04	2.44841	0
553.5	2.44691	0
555.98	2.44543	0
558.49	2.44396	0
561.01	2.4425	0
563.56	2.44106	0
566.14	2.43963	0
568.73	2.43822	0
571.36	2.43682	0
574	2.43543	0
576.67	2.43405	0
579.37	2.43269	0
582.09	2.43133	0
584.83	2.42999	0
587.6	2.42867	0
590.4	2.42735	0
593.23	2.42605	0
596.08	2.42476	0
598.96	2.42348	0
601.87	2.42221	0
604.8	2.42095	0
607.77	2.41971	0
610.76	2.41847	0
613.78	2.41725	0
616.84	2.41604	0
619.92	2.41484	0
623.04	2.41365	0
626.18	2.41247	0
629.36	2.4113	0
632.57	2.41014	0
635.82	2.40899	0
639.09	2.40785	0
642.41	2.40672	0
645.75	2.40561	0
649.13	2.4045	0
652.55	2.4034	0
656	2.40231	0
659.49	2.40123	0
663.02	2.40016	0
666.58	2.3991	0
670.18	2.39805	0
673.83	2.39701	0
677.51	2.39598	0
681.23	2.39496	0
685	2.39395	0
688.8	2.39294	0
692.65	2.39195	0
696.54	2.39096	0
700.48	2.38998	0
704.46	2.38901	0
708.48	2.38805	0
712.55	2.3871	0
716.67	2.38616	0
720.84	2.38522	0
725.05	2.3843	0
729.32	2.38338	0
733.63	2.38247	0
738	2.38157	0
742.42	2.38068	0
746.89	2.37979	0
751.42	2.37891	0
756	2.37804	0
760.64	2.37718	0
765.33	2.37633	0
770.09	2.37548	0
774.9	2.37464	0
779.77	2.37381	0
784.71	2.37299	0
789.71	2.37217	0
794.77	2.37136	0
799.9	2.37056	0
805.09	2.36977	0
810.35	2.36898	0
815.69	2.3682	0
821.09	2.36743	0
826.56	2.36667	0
