0.6199	0.99956	4.0E-4
0.6351	0.999637	4.34E-4
0.6508	0.999721	4.71E-4
0.6665	0.99981	3.44E-4
0.6831	0.999908	3.69E-4
0.6997	0.999656	1.31E-4
0.7166	0.999536	1.42E-4
0.7345	0.999458	1.53E-4
0.7523	0.99939	1.65E-4
0.7705	0.99933	1.78E-4
0.7897	0.999273	1.92E-4
0.8088	0.999218	2.07E-4
0.8287	0.999161	2.23E-4
0.8492	0.999106	2.41E-4
0.8694	0.99905	2.59E-4
0.8906	0.99899	2.79E-4
0.9129	0.99893	3.01E-4
0.935	0.99887	3.24E-4
0.9581	0.99881	3.5E-4
0.9816	0.99874	3.77E-4
1.005	0.99868	4.05E-4
1.03	0.99861	4.35E-4
1.055	0.99854	4.68E-4
1.081	0.99846	5.03E-4
1.108	0.99838	5.41E-4
1.134	0.99831	5.81E-4
1.162	0.99822	6.24E-4
1.191	0.99814	6.72E-4
1.22	0.99805	7.22E-4
1.25	0.99796	7.74E-4
1.281	0.99786	8.31E-4
1.312	0.99777	8.9E-4
1.343	0.99767	9.53E-4
1.376	0.99757	0.00102
1.41	0.99746	0.00109
1.445	0.99735	0.00117
1.479	0.99724	0.00125
1.516	0.99712	0.00134
1.554	0.997	0.00144
1.592	0.99688	0.00154
1.631	0.99678	0.00165
1.671	0.99663	0.00176
1.71	0.99651	0.00187
1.754	0.99637	0.0020
1.797	0.99625	0.00213
1.839	0.99611	0.00226
1.884	0.99598	0.00241
1.931	0.99586	0.00257
1.977	0.99574	0.00271
2.026	0.99561	0.00284
2.077	0.99547	0.00298
2.127	0.99531	0.00313
2.179	0.99513	0.00329
2.234	0.99494	0.00349
2.287	0.99478	0.0037
2.344	0.99462	0.00391
2.403	0.99446	0.00414
2.46	0.9943	0.00435
2.52	0.99414	0.00458
2.583	0.99397	0.00483
2.643	0.99382	0.00507
2.707	0.99369	0.00534
2.774	0.99357	0.00557
2.844	0.99343	0.00578
2.91	0.99326	0.00597
2.987	0.99305	0.0062
3.054	0.99284	0.0064
3.131	0.99258	0.00663
3.212	0.99229	0.00695
3.289	0.99203	0.00726
3.369	0.99177	0.00759
3.453	0.9915	0.00795
3.532	0.99126	0.00829
3.625	0.99098	0.0087
3.712	0.99072	0.0091
3.803	0.99046	0.00952
3.899	0.9902	0.00997
3.986	0.99	0.0104
4.092	0.9897	0.0109
4.188	0.9895	0.0114
4.29	0.9893	0.0119
4.396	0.9891	0.0125
4.508	0.989	0.013
4.609	0.9888	0.0134
4.732	0.9887	0.0138
4.843	0.9884	0.0142
4.959	0.9882	0.0146
5.081	0.9879	0.015
5.209	0.9876	0.0155
5.344	0.9874	0.016
5.462	0.9871	0.0164
5.61	0.9867	0.017
5.74	0.9864	0.0175
5.876	0.9861	0.018
6.018	0.9858	0.0184
6.168	0.9855	0.0189
6.325	0.9852	0.0194
6.491	0.9848	0.0199
6.63	0.9845	0.0202
6.812	0.984	0.0205
6.965	0.9835	0.0209
7.125	0.9829	0.0212
7.293	0.9823	0.0215
7.469	0.9816	0.0219
7.653	0.9808	0.0223
7.847	0.98	0.0226
8.051	0.9791	0.023
8.265	0.9782	0.0234
8.434	0.9774	0.0239
8.67	0.976	0.0248
8.856	0.9745	0.0256
9.116	0.9717	0.0267
9.322	0.969	0.0275
9.537	0.9661	0.0285
9.762	0.9647	0.0294
9.998	0.9637	0.0303
10.25	0.9627	0.0313
10.51	0.9612	0.0322
10.78	0.9594	0.0333
11.07	0.9573	0.0344
11.27	0.9558	0.0351
11.59	0.9532	0.0363
11.92	0.9502	0.0376
12.15	0.9479	0.0385
12.4	0.9452	0.0395
26.38	0.774	0.195
26.95	0.762	0.205
27.55	0.75	0.225
28.18	0.746	0.245
28.83	0.744	0.274
29.52	0.756	0.304
30.24	0.778	0.319
31.0	0.797	0.328
31.79	0.814	0.33
32.63	0.826	0.33
33.51	0.837	0.328
34.44	0.846	0.32
35.42	0.848	0.306
35.94	0.844	0.298
36.47	0.838	0.291
37.01	0.829	0.285
37.57	0.816	0.278
38.15	0.797	0.286
38.75	0.791	0.295
39.36	0.788	0.294
40.0	0.778	0.293
40.65	0.765	0.292
41.33	0.75	0.295
41.68	0.742	0.296
42.03	0.733	0.297
42.39	0.724	0.298
42.75	0.712	0.301
43.13	0.7	0.306
43.5	0.69	0.31
43.89	0.679	0.318
44.28	0.671	0.322
44.68	0.656	0.328
45.09	0.643	0.336
45.5	0.631	0.346
45.92	0.619	0.357
46.26	0.61	0.365
46.61	0.6	0.375
46.96	0.591	0.383
47.32	0.58	0.394
47.69	0.571	0.404
48.06	0.56	0.415
48.43	0.548	0.429
48.81	0.537	0.444
49.2	0.528	0.461
49.59	0.521	0.476
49.99	0.511	0.494
50.4	0.503	0.513
50.81	0.497	0.534
51.23	0.491	0.554
51.66	0.487	0.575
52.09	0.483	0.598
52.54	0.484	0.621
52.99	0.486	0.643
53.44	0.49	0.663
53.91	0.494	0.679
54.38	0.494	0.695
54.86	0.493	0.712
55.35	0.492	0.73
55.85	0.491	0.751
56.36	0.491	0.773
56.87	0.492	0.796
57.4	0.496	0.819
57.94	0.499	0.842
58.48	0.503	0.866
59.04	0.508	0.892
59.61	0.517	0.918
60.19	0.525	0.943
60.78	0.537	0.969
61.38	0.549	0.994
61.99	0.563	1.02
62.62	0.579	1.05
63.26	0.599	1.07
63.91	0.621	1.09
64.58	0.642	1.11
65.26	0.665	1.13
65.95	0.688	1.15
66.66	0.712	1.16
67.38	0.738	1.18
68.12	0.766	1.19
68.88	0.796	1.2
69.65	0.822	1.2
70.45	0.847	1.21
71.26	0.874	1.21
72.08	0.9	1.2
72.93	0.922	1.2
73.8	0.944	1.19
74.69	0.959	1.18
75.6	0.973	1.17
76.53	0.98	1.15
77.49	0.981	1.14
78.47	0.976	1.13
79.48	0.966	1.12
80.51	0.951	1.12
81.57	0.933	1.13
82.66	0.917	1.14
83.77	0.904	1.17
84.92	0.9	1.2
86.1	0.901	1.23
87.31	0.906	1.25
88.56	0.913	1.28
89.84	0.923	1.32
91.17	0.941	1.35
92.53	0.962	1.37
93.93	0.984	1.4
95.37	1.01	1.42
96.86	1.04	1.44
98.4	1.07	1.46
99.99	1.1	1.47
101.6	1.13	1.48
103.3	1.16	1.48
104.2	1.18	1.48
105.1	1.2	1.48
106.0	1.21	1.48
106.9	1.22	1.48
107.8	1.24	1.47
108.8	1.25	1.46
109.7	1.26	1.45
110.7	1.27	1.44
111.7	1.28	1.43
112.7	1.28	1.42
113.7	1.29	1.41
114.8	1.29	1.39
115.9	1.28	1.38
117.0	1.28	1.36
118.1	1.26	1.34
119.2	1.24	1.33
120.4	1.22	1.33
121.6	1.19	1.33
122.8	1.16	1.33
124.0	1.13	1.34
125.2	1.11	1.36
126.5	1.09	1.38
127.8	1.07	1.41
129.1	1.05	1.44
130.5	1.04	1.47
131.9	1.03	1.5
133.3	1.03	1.52
134.8	1.02	1.55
136.2	1.02	1.57
137.8	1.01	1.6
139.3	1.02	1.63
140.9	1.01	1.65
142.5	0.999	1.67
144.2	0.986	1.7
145.9	0.973	1.73
147.6	0.956	1.76
149.4	0.943	1.81
151.2	0.935	1.86
153.1	0.935	1.91
155.0	0.937	1.95
156.9	0.932	2.0
159.0	0.93	2.06
161.0	0.937	2.12
163.1	0.95	2.18
165.3	0.964	2.24
167.5	0.979	2.29
169.8	0.993	2.36
172.2	1.01	2.43
174.6	1.04	2.49
177.1	1.06	2.56
179.7	1.09	2.63
182.3	1.12	2.7
185.1	1.16	2.78
187.9	1.21	2.87
190.7	1.26	2.95
193.7	1.31	3.04
196.8	1.38	3.14
200.0	1.47	3.24
203.3	1.58	3.33
206.6	1.7	3.42
210.1	1.83	3.52
213.8	2.0	3.61
217.5	2.2	3.67
221.4	2.43	3.7
225.4	2.68	3.68
229.6	2.92	3.58
233.9	3.11	3.43
238.4	3.27	3.27
243.1	3.38	3.05
248.0	3.4	2.85
253.0	3.37	2.68
258.3	3.33	2.57
263.8	3.29	2.48
269.5	3.24	2.41
275.5	3.19	2.35
281.8	3.13	2.32
288.3	3.07	2.31
295.2	3.01	2.33
302.4	2.97	2.37
310.0	2.95	2.43
313.9	2.95	2.46
317.9	2.96	2.5
322.0	2.98	2.53
326.3	2.99	2.56
330.6	3.02	2.6
335.1	3.05	2.62
339.7	3.09	2.65
344.4	3.13	2.67
349.3	3.18	2.69
354.2	3.24	2.7
359.4	3.32	2.7
364.7	3.39	2.66
370.1	3.43	2.6
375.7	3.45	2.55
381.5	3.45	2.49
387.5	3.43	2.45
393.6	3.41	2.43
400.0	3.39	2.41
406.5	3.37	2.42
413.3	3.35	2.42
420.3	3.33	2.43
427.5	3.32	2.45
435.0	3.31	2.47
442.8	3.3	2.49
450.9	3.31	2.53
459.2	3.31	2.55
467.9	3.32	2.59
476.9	3.34	2.62
486.2	3.35	2.64
495.9	3.38	2.68
506.1	3.42	2.71
516.6	3.45	2.72
527.6	3.48	2.72
539.1	3.5	2.72
551.0	3.5	2.73
563.6	3.49	2.75
576.7	3.51	2.81
590.4	3.54	2.84
604.8	3.57	2.86
619.9	3.6	2.89
635.8	3.65	2.92
652.6	3.7	2.94
670.2	3.76	2.95
688.8	3.82	2.91
708.5	3.85	2.86
729.3	3.84	2.78
751.4	3.78	2.72
774.9	3.67	2.68
799.9	3.56	2.73
826.6	3.48	2.79
855.1	3.38	2.85
885.6	3.29	2.96
918.4	3.2	3.07
953.7	3.12	3.24
991.9	3.05	3.39
1033.0	3.0	3.64
1078.0	3.02	3.83
1127.0	3.05	4.04
1181.0	3.11	4.19
1240.0	3.14	4.32
1265.0	3.15	4.36
1291.0	3.15	4.41
1319.0	3.15	4.43
1348.0	3.14	4.45
1378.0	3.11	4.44
1409.0	3.05	4.42
1425.0	3.0	4.39
1442.0	2.92	4.37
1459.0	2.8	4.33
1476.0	2.62	4.37
1494.0	2.47	4.47
1512.0	2.36	4.61
1550.0	2.22	4.85
1590.0	2.12	5.05
1630.0	1.97	5.27
1675.0	1.83	5.52
1722.0	1.7	5.81
1771.0	1.59	6.13
1823.0	1.52	6.45
1879.0	1.45	6.78
1937.0	1.36	7.14
2000.0	1.28	7.52
2066.0	1.21	7.96
2138.0	1.18	8.44
2214.0	1.2	8.94
2296.0	1.23	9.45
2384.0	1.3	9.98
2480.0	1.4	10.5
2583.0	1.54	11.1
2695.0	1.69	11.6
2818.0	1.82	12.1
2952.0	1.92	12.6
3100.0	1.94	13.2
3263.0	1.86	13.9
3444.0	1.82	14.7
3647.0	1.71	15.7
3875.0	1.72	16.9
4133.0	1.83	18.3
4959.0	2.56	22.4
6199.0	3.87	28.3
6888.0	4.72	31.5
7749.0	5.92	35.3
8856.0	7.58	40.2
10330.0	10.1	46.4
12400.0	14.1	54.7
13780.0	17.0	60.0
15500.0	20.9	66.3
17710.0	26.5	73.8
20660.0	34.5	82.9
24800.0	46.5	93.7
