300	2.4876	3.47E-01
302	2.48235	3.21E-01
304	2.47602	2.97E-01
306	2.46875	2.75E-01
308	2.46068	2.53E-01
310	2.45192	2.33E-01
312	2.4426	2.14E-01
314	2.43282	1.96E-01
316	2.42268	1.79E-01
318	2.41225	1.63E-01
320	2.40161	1.49E-01
322	2.39083	1.35E-01
324	2.37996	1.22E-01
326	2.36906	1.10E-01
328	2.35817	9.95E-02
330	2.34734	8.93E-02
332	2.33658	7.99E-02
334	2.32593	7.13E-02
336	2.31542	6.33E-02
338	2.30507	5.59E-02
340	2.29489	4.92E-02
342	2.2849	4.30E-02
344	2.27511	3.74E-02
346	2.26553	3.23E-02
348	2.25617	2.77E-02
350	2.24704	2.35E-02
352	2.23814	1.97E-02
354	2.22948	1.64E-02
356	2.22107	1.34E-02
358	2.21289	1.08E-02
360	2.20497	8.46E-03
362	2.1973	6.48E-03
364	2.18989	4.80E-03
366	2.18273	3.39E-03
368	2.17584	2.25E-03
370	2.16922	1.36E-03
372	2.16287	7.03E-04
374	2.15681	2.67E-04
376	2.15106	4.05E-05
378	2.14567	0.00E+00
380	2.14067	0.00E+00
382	2.13595	0.00E+00
384	2.13147	0.00E+00
386	2.12721	0.00E+00
388	2.12313	0.00E+00
390	2.11922	0.00E+00
392	2.11548	0.00E+00
394	2.11188	0.00E+00
396	2.10841	0.00E+00
398	2.10508	0.00E+00
400	2.10186	0.00E+00
402	2.09876	0.00E+00
404	2.09576	0.00E+00
406	2.09286	0.00E+00
408	2.09005	0.00E+00
410	2.08733	0.00E+00
412	2.0847	0.00E+00
414	2.08214	0.00E+00
416	2.07967	0.00E+00
418	2.07726	0.00E+00
420	2.07493	0.00E+00
422	2.07266	0.00E+00
424	2.07045	0.00E+00
426	2.0683	0.00E+00
428	2.06621	0.00E+00
430	2.06418	0.00E+00
432	2.0622	0.00E+00
434	2.06027	0.00E+00
436	2.05839	0.00E+00
438	2.05656	0.00E+00
440	2.05477	0.00E+00
442	2.05303	0.00E+00
444	2.05132	0.00E+00
446	2.04966	0.00E+00
448	2.04804	0.00E+00
450	2.04645	0.00E+00
452	2.0449	0.00E+00
454	2.04339	0.00E+00
456	2.04191	0.00E+00
458	2.04046	0.00E+00
460	2.03904	0.00E+00
462	2.03766	0.00E+00
464	2.0363	0.00E+00
466	2.03498	0.00E+00
468	2.03368	0.00E+00
470	2.03241	0.00E+00
472	2.03116	0.00E+00
474	2.02994	0.00E+00
476	2.02874	0.00E+00
478	2.02757	0.00E+00
480	2.02642	0.00E+00
482	2.02529	0.00E+00
484	2.02419	0.00E+00
486	2.0231	0.00E+00
488	2.02204	0.00E+00
490	2.021	0.00E+00
492	2.01997	0.00E+00
494	2.01897	0.00E+00
496	2.01798	0.00E+00
498	2.01701	0.00E+00
500	2.01606	0.00E+00
502	2.01513	0.00E+00
504	2.01421	0.00E+00
506	2.01331	0.00E+00
508	2.01242	0.00E+00
510	2.01155	0.00E+00
512	2.0107	0.00E+00
514	2.00986	0.00E+00
516	2.00903	0.00E+00
518	2.00822	0.00E+00
520	2.00742	0.00E+00
522	2.00663	0.00E+00
524	2.00586	0.00E+00
526	2.0051	0.00E+00
528	2.00435	0.00E+00
530	2.00362	0.00E+00
532	2.00289	0.00E+00
534	2.00218	0.00E+00
536	2.00148	0.00E+00
538	2.00079	0.00E+00
540	2.00011	0.00E+00
542	1.99944	0.00E+00
544	1.99878	0.00E+00
546	1.99813	0.00E+00
548	1.99749	0.00E+00
550	1.99686	0.00E+00
552	1.99624	0.00E+00
554	1.99563	0.00E+00
556	1.99503	0.00E+00
558	1.99443	0.00E+00
560	1.99385	0.00E+00
562	1.99327	0.00E+00
564	1.9927	0.00E+00
566	1.99214	0.00E+00
568	1.99159	0.00E+00
570	1.99105	0.00E+00
572	1.99051	0.00E+00
574	1.98998	0.00E+00
576	1.98946	0.00E+00
578	1.98895	0.00E+00
580	1.98844	0.00E+00
582	1.98794	0.00E+00
584	1.98744	0.00E+00
586	1.98696	0.00E+00
588	1.98648	0.00E+00
590	1.986	0.00E+00
592	1.98553	0.00E+00
594	1.98507	0.00E+00
596	1.98462	0.00E+00
598	1.98417	0.00E+00
600	1.98372	0.00E+00
602	1.98328	0.00E+00
604	1.98285	0.00E+00
606	1.98242	0.00E+00
608	1.982	0.00E+00
610	1.98159	0.00E+00
612	1.98117	0.00E+00
614	1.98077	0.00E+00
616	1.98037	0.00E+00
618	1.97997	0.00E+00
620	1.97958	0.00E+00
622	1.97919	0.00E+00
624	1.97881	0.00E+00
626	1.97843	0.00E+00
628	1.97806	0.00E+00
630	1.97769	0.00E+00
632	1.97733	0.00E+00
634	1.97697	0.00E+00
636	1.97661	0.00E+00
638	1.97626	0.00E+00
640	1.97592	0.00E+00
642	1.97557	0.00E+00
644	1.97524	0.00E+00
646	1.9749	0.00E+00
648	1.97457	0.00E+00
650	1.97424	0.00E+00
652	1.97392	0.00E+00
654	1.9736	0.00E+00
656	1.97328	0.00E+00
658	1.97297	0.00E+00
660	1.97266	0.00E+00
662	1.97235	0.00E+00
664	1.97205	0.00E+00
666	1.97175	0.00E+00
668	1.97146	0.00E+00
670	1.97116	0.00E+00
672	1.97087	0.00E+00
674	1.97059	0.00E+00
676	1.9703	0.00E+00
678	1.97002	0.00E+00
680	1.96975	0.00E+00
682	1.96947	0.00E+00
684	1.9692	0.00E+00
686	1.96893	0.00E+00
688	1.96867	0.00E+00
690	1.96841	0.00E+00
692	1.96815	0.00E+00
694	1.96789	0.00E+00
696	1.96763	0.00E+00
698	1.96738	0.00E+00
700	1.96713	0.00E+00
702	1.96688	0.00E+00
704	1.96664	0.00E+00
706	1.9664	0.00E+00
708	1.96616	0.00E+00
710	1.96592	0.00E+00
712	1.96569	0.00E+00
714	1.96545	0.00E+00
716	1.96522	0.00E+00
718	1.965	0.00E+00
720	1.96477	0.00E+00
722	1.96455	0.00E+00
724	1.96433	0.00E+00
726	1.96411	0.00E+00
728	1.96389	0.00E+00
730	1.96368	0.00E+00
732	1.96346	0.00E+00
734	1.96325	0.00E+00
736	1.96305	0.00E+00
738	1.96284	0.00E+00
740	1.96263	0.00E+00
742	1.96243	0.00E+00
744	1.96223	0.00E+00
746	1.96203	0.00E+00
748	1.96183	0.00E+00
750	1.96164	0.00E+00
752	1.96145	0.00E+00
754	1.96125	0.00E+00
756	1.96106	0.00E+00
758	1.96088	0.00E+00
760	1.96069	0.00E+00
762	1.96051	0.00E+00
764	1.96032	0.00E+00
766	1.96014	0.00E+00
768	1.95996	0.00E+00
770	1.95978	0.00E+00
772	1.95961	0.00E+00
774	1.95943	0.00E+00
776	1.95926	0.00E+00
778	1.95909	0.00E+00
780	1.95892	0.00E+00
782	1.95875	0.00E+00
784	1.95858	0.00E+00
786	1.95842	0.00E+00
788	1.95825	0.00E+00
790	1.95809	0.00E+00
792	1.95793	0.00E+00
794	1.95777	0.00E+00
796	1.95761	0.00E+00
798	1.95745	0.00E+00
800	1.9573	0.00E+00
802	1.95714	0.00E+00
804	1.95699	0.00E+00
806	1.95684	0.00E+00
808	1.95669	0.00E+00
810	1.95654	0.00E+00
812	1.95639	0.00E+00
814	1.95624	0.00E+00
816	1.9561	0.00E+00
818	1.95595	0.00E+00
820	1.95581	0.00E+00
822	1.95567	0.00E+00
824	1.95552	0.00E+00
826	1.95538	0.00E+00
828	1.95525	0.00E+00
830	1.95511	0.00E+00
832	1.95497	0.00E+00
834	1.95484	0.00E+00
836	1.9547	0.00E+00
838	1.95457	0.00E+00
840	1.95444	0.00E+00
842	1.95431	0.00E+00
844	1.95418	0.00E+00
846	1.95405	0.00E+00
848	1.95392	0.00E+00
850	1.95379	0.00E+00
852	1.95367	0.00E+00
854	1.95354	0.00E+00
856	1.95342	0.00E+00
858	1.9533	0.00E+00
860	1.95317	0.00E+00
862	1.95305	0.00E+00
864	1.95293	0.00E+00
866	1.95281	0.00E+00
868	1.9527	0.00E+00
870	1.95258	0.00E+00
872	1.95246	0.00E+00
874	1.95235	0.00E+00
876	1.95223	0.00E+00
878	1.95212	0.00E+00
880	1.95201	0.00E+00
882	1.95189	0.00E+00
884	1.95178	0.00E+00
886	1.95167	0.00E+00
888	1.95156	0.00E+00
890	1.95146	0.00E+00
892	1.95135	0.00E+00
894	1.95124	0.00E+00
896	1.95113	0.00E+00
898	1.95103	0.00E+00
900	1.95092	0.00E+00
902	1.95082	0.00E+00
904	1.95072	0.00E+00
906	1.95061	0.00E+00
908	1.95051	0.00E+00
910	1.95041	0.00E+00
912	1.95031	0.00E+00
914	1.95021	0.00E+00
916	1.95011	0.00E+00
918	1.95002	0.00E+00
920	1.94992	0.00E+00
922	1.94982	0.00E+00
924	1.94973	0.00E+00
926	1.94963	0.00E+00
928	1.94954	0.00E+00
930	1.94944	0.00E+00
932	1.94935	0.00E+00
934	1.94926	0.00E+00
936	1.94917	0.00E+00
938	1.94907	0.00E+00
940	1.94898	0.00E+00
942	1.94889	0.00E+00
944	1.9488	0.00E+00
946	1.94872	0.00E+00
948	1.94863	0.00E+00
950	1.94854	0.00E+00
952	1.94845	0.00E+00
954	1.94837	0.00E+00
956	1.94828	0.00E+00
958	1.9482	0.00E+00
960	1.94811	0.00E+00
962	1.94803	0.00E+00
964	1.94795	0.00E+00
966	1.94786	0.00E+00
968	1.94778	0.00E+00
970	1.9477	0.00E+00
972	1.94762	0.00E+00
974	1.94754	0.00E+00
976	1.94746	0.00E+00
978	1.94738	0.00E+00
980	1.9473	0.00E+00
982	1.94722	0.00E+00
984	1.94714	0.00E+00
986	1.94706	0.00E+00
988	1.94699	0.00E+00
990	1.94691	0.00E+00
992	1.94684	0.00E+00
994	1.94676	0.00E+00
996	1.94669	0.00E+00
998	1.94661	0.00E+00
1000	1.94654	0.00E+00
