280	1.69420538634263	0.0
285	1.6921593170265	0.0
290	1.69011324771037	0.0
295	1.688308874699615	0.0
300	1.68650450168886	0.0
305	1.6849015756872299	0.0
310	1.6832986496856	0.0
315	1.681865356685935	0.0
320	1.68043206368627	0.0
325	1.67914293157556	0.0
330	1.67785379946485	0.0
335	1.6766881970789749	0.0
340	1.6755225946931	0.0
345	1.674463636913425	0.0
350	1.67340467913375	0.0
355	1.672438415649375	0.0
360	1.671472152165	0.0
365	1.67058695786687	0.0
370	1.66970176356874	0.0
375	1.66888787453601	0.0
380	1.66807398550328	0.0
385	1.667323141635775	0.0
390	1.66657229776827	0.0
395	1.66587746456976	0.0
400	1.66518263137125	0.0
405	1.66453778119077	0.0
410	1.66389293101029	0.0
415	1.663292869448385	0.0
420	1.66269280788648	0.0
425	1.6621330348648051	0.0
430	1.66157326184313	0.0
435	1.6610498595330752	0.0
440	1.66052645722302	0.0
445	1.660035998972405	0.0
450	1.65954554072179	0.0
455	1.659085016534255	0.0
460	1.65862449234672	0.0
465	1.65819124751137	0.0
470	1.65775800267602	0.0
475	1.657349686920465	0.0
480	1.65694137116491	0.0
485	1.65655589628727	0.0
490	1.65617042140963	0.0
495	1.6558059257863	0.0
500	1.65544143016297	0.0
505	1.655096248865995	0.0
510	1.65475106756902	0.0
515	1.654423707086215	0.0
520	1.65409634660341	0.0
525	1.6537854633556601	0.0
530	1.65347458010791	0.0
535	1.6531789621150401	0.0
540	1.65288334412217	0.0
545	1.65260189529237	0.0
550	1.65232044646257	0.0
555	1.65205217307797	0.0
560	1.65178389969337	0.0
565	1.65152789874199	0.0
570	1.65127189779061	0.0
575	1.65102734685725	0.0
580	1.65078279592389	0.0
585	1.6505489444023902	0.0
590	1.65031509288089	0.0
595	1.65009125431073	0.0
600	1.64986741574057	0.0
605	1.6496529611036048	0.0
610	1.64943850646664	0.0
615	1.6492328583065698	0.0
620	1.6490272101465	0.0
625	1.648829837395755	0.0
630	1.64863246464501	0.0
635	1.64844287806175	0.0
640	1.64825329147849	0.0
645	1.6480710396114349	0.0
650	1.64788878774438	0.0
655	1.64771345335568	0.0
660	1.64753811896698	0.0
665	1.6473693158535498	0.0
670	1.64720051274012	0.0
675	1.6470378829027048	0.0
680	1.64687525306529	0.0
685	1.64671846418167	0.0
690	1.64656167529805	0.0
695	1.6464104184629251	0.0
700	1.6462591616278	0.0
705	1.646113149327185	0.0
710	1.64596713702657	0.0
715	1.645826101318715	0.0
720	1.64568506561086	0.0
725	1.6455487564896	0.0
730	1.64541244736834	0.0
735	1.64528063128792	0.0
740	1.6451488152075	0.0
745	1.645021273750545	0.0
750	1.64489373229359	0.0
755	1.64477026096628	0.0
760	1.64464678963897	0.0
765	1.644527196779535	0.0
770	1.6444076039201	0.0
775	1.644291709708345	0.0
780	1.64417581549659	0.0
785	1.6440634510537149	0.0
790	1.64395108661084	0.0
795	1.643842093180135	0.0
800	1.64373309974943	0.0
805	1.64362732794943	0.0
810	1.64352155614943	0.0
815	1.643418865292265	0.0
820	1.6433161744351	0.0
825	1.643216431903395	0.0
830	1.64311668937169	0.0
835	1.643019770048285	0.0
840	1.64292285072488	0.0
845	1.6428286364702251	0.0
850	1.64273442221557	0.0
855	1.64264280138821	0.0
860	1.64255118056085	0.0
865	1.642462047576865	0.0
870	1.64237291459288	0.0
875	1.642286169520705	0.0
880	1.64219942444853	0.0
885	1.64211497263587	0.0
890	1.64203052082321	0.0
895	1.641948272553055	0.0
900	1.6418660242829	0.0
905	1.64178589445615	0.0
910	1.6417057646294	0.0
915	1.641627672471595	0.0
920	1.64154958031379	0.0
925	1.641473449103965	0.0
930	1.64139731789414	0.0
935	1.64132307471377	0.0
940	1.6412488315334	0.0
945	1.64117640703379	0.0
950	1.64110398253418	0.0
955	1.64103331072074	0.0
960	1.6409626389073	0.0
965	1.6408936569392298	0.0
970	1.64082467497116	0.0
975	1.64075732297534	0.0
980	1.64068997097952	0.0
985	1.64062419187743	0.0
990	1.64055841277534	0.0
995	1.64049415212194	0.0
1000	1.64042989146854	0.0
1005	1.64036709730216	0.0
1010	1.64030430313578	0.0
1015	1.6402429258381601	0.0
1020	1.64018154854054	0.0
1025	1.640121540706255	0.0
1030	1.64006153287197	0.0
1035	1.64000284918644	0.0
1040	1.63994416550091	0.0
1045	1.6398867626264448	0.0
1050	1.63982935975198	0.0
1055	1.63977319622113	0.0
1060	1.63971703269028	0.0
1065	1.63966206880608	0.0
1070	1.63960710492188	0.0
1075	1.63955330266438	0.0
1080	1.63949950040688	0.0
1085	1.63944682334551	0.0
1090	1.63939414628414	0.0
1095	1.639342559495565	0.0
1100	1.63929097270699	0.0
1105	1.639240442697965	0.0
1110	1.63918991268894	0.0
1115	1.639140407323855	0.0
1120	1.63909090195877	0.0
1125	1.6390423903916052	0.0
1130	1.63899387882444	0.0
1135	1.638946331434685	0.0
1140	1.63889878404493	0.0
1145	1.638852172377375	0.0
1150	1.63880556070982	0.0
1155	1.6387598574177948	0.0
1160	1.63871415412577	0.0
1165	1.6386693329177149	0.0
1170	1.63862451170966	0.0
1175	1.63858054729872	0.0
1180	1.63853658288778	0.0
1185	1.6384934509442801	0.0
1190	1.63845031900078	0.0
1195	1.638407996107375	0.0
1200	1.63836567321397	0.0
1205	1.6383241368232802	0.0
1210	1.63828260043259	0.0
1215	1.63824182882719	0.0
1220	1.63820105722179	0.0
1225	1.638161029476365	0.0
1230	1.63812100173094	0.0
1235	1.63808169767651	0.0
1240	1.63804239362208	0.0
1245	1.638003793812145	0.0
1250	1.63796519400221	0.0
1255	1.637927279680685	0.0
1260	1.63788936535916	0.0
1265	1.63785211843002	0.0
1270	1.63781487150088	0.0
1275	1.637778274499375	0.0
1280	1.63774167749787	0.0
1285	1.637705713563235	0.0
1290	1.6376697496286	0.0
1295	1.637634402478195	0.0
1300	1.63759905532779	0.0
1305	1.637564309232505	0.0
1310	1.63752956313722	0.0
1315	1.6374954028981898	0.0
1320	1.63746124265916	0.0
1325	1.637427653585585	0.0
1330	1.63739406451201	0.0
1335	1.63736103240011	0.0
1340	1.63732800028821	0.0
1345	1.63729551140123	0.0
1350	1.63726302251425	0.0
1355	1.6372310635634	0.0
1360	1.63719910461255	0.0
1365	1.63716766273891	0.0
1370	1.63713622086527	0.0
1375	1.63710528362255	0.0
1380	1.63707434637983	0.0
1385	1.6370439017179401	0.0
1390	1.63701345705605	0.0
1395	1.6369834933054799	0.0
1400	1.63695352955491	0.0
1405	1.6369240354118149	0.0
1410	1.63689454126872	0.0
1415	1.636865505780705	0.0
1420	1.63683647029269	0.0
1425	1.636807882845275	0.0
1430	1.63677929539786	0.0
1435	1.6367511457015351	0.0
1440	1.63672299600521	0.0
1445	1.6366952740831	0.0
1450	1.63666755216099	0.0
1455	1.63664024833707	0.0
1460	1.63661294451315	0.0
1465	1.6365860494009952	0.0
1470	1.63655915428884	0.0
1475	1.6365326587808702	0.0
1480	1.6365061632729	0.0
1485	1.636480058530105	0.0
1490	1.63645395378731	0.0
1495	1.636428231229415	0.0
1500	1.63640250867152	0.0
1505	1.6363771599676151	0.0
1510	1.63635181126371	0.0
1515	1.63632682832321	0.0
1520	1.63630184538271	0.0
1525	1.636277220346805	0.0
1530	1.6362525953109	0.0
1535	1.63622832054428	0.0
1540	1.63620404577766	0.0
1545	1.63618011386063	0.0
1550	1.6361561819436	0.0
1555	1.636132585664545	0.0
1560	1.63610898938549	0.0
1565	1.636085721733605	0.0
1570	1.63606245408172	0.0
1575	1.636039508240095	0.0
1580	1.63601656239847	0.0
1585	1.63599393173741	0.0
1590	1.63597130107635	0.0
1595	1.635948979147005	0.0
1600	1.63592665721766	0.0
1605	1.6359046377459099	0.0
1610	1.63588261827416	0.0
1615	1.63586089515472	0.0
1620	1.63583917203528	0.0
1625	1.63581773932606	0.0
1630	1.63579630661684	0.0
1635	1.63577515853355	0.0
1640	1.63575401045026	0.0
1645	1.63573314136118	0.0
1650	1.6357122722721	0.0
1655	1.63569167669311	0.0
1660	1.63567108111412	0.0
1665	1.6356507537038651	0.0
1670	1.63563042629361	0.0
1675	1.63561036184892	0.0
1680	1.63559029740423	0.0
1685	1.635570490855645	0.0
1690	1.63555068430706	0.0
1695	1.6355311307145999	0.0
1700	1.63551157712214	0.0
1705	1.63549227167116	0.0
1710	1.63547296622018	0.0
1715	1.6354539042174498	0.0
1720	1.63543484221472	0.0
1725	1.63541601908461	0.0
1730	1.6353971959545	0.0
1735	1.6353786072353098	0.0
1740	1.63536001851612	0.0
1745	1.6353416598565849	0.0
1750	1.63532330119705	0.0
1755	1.63530516835291	0.0
1760	1.63528703550877	0.0
1765	1.63526912433953	0.0
1770	1.63525121317029	0.0
1775	1.635233519636045	0.0
1780	1.6352158261018	0.0
1785	1.63519834626022	0.0
1790	1.63518086641864	0.0
1795	1.635163596422025	0.0
1800	1.63514632642541	0.0
1805	1.63512926251788	0.0
1810	1.63511219861035	0.0
1815	1.63509533712511	0.0
1820	1.63507847563987	0.0
1825	1.635061812996605	0.0
1830	1.63504515035334	0.0
1835	1.6350286830556602	0.0
1840	1.63501221575798	0.0
1845	1.6349959403909802	0.0
1850	1.63497966502398	0.0
1855	1.634963578251885	0.0
1860	1.63494749147979	0.0
1865	1.63493159004368	0.0
1870	1.63491568860757	0.0
1875	1.63489996932317	0.0
1880	1.63488425003877	0.0
1885	1.6348687097943349	0.0
1890	1.6348531695499	0.0
1895	1.63483780530414	0.0
1900	1.63482244105838	0.0
1905	1.63480724983852	0.0
1910	1.63479205861866	0.0
1915	1.634777037518465	0.0
1920	1.63476201641827	0.0
1925	1.634747162596255	0.0
1930	1.63473230877424	0.0
1935	1.634717619451815	0.0
1940	1.63470293012939	0.0
1945	1.634688402589185	0.0
1950	1.63467387504898	0.0
1955	1.63465950663313	0.0
1960	1.63464513821728	0.0
1965	1.634630926325825	0.0
1970	1.63461671443437	0.0
1975	1.63460265652368	0.0
1980	1.63458859861299	0.0
1985	1.634574692194235	0.0
1990	1.63456078577548	0.0
1995	1.6345470284132	0.0
2000	1.63453327105092	0.0
2005	1.63451966036156	0.0
2010	1.6345060496722	0.0
2015	1.6344925833227548	0.0
2020	1.63447911697331	0.0
2025	1.634465792679995	0.0
2030	1.63445246838668	0.0
2035	1.63443928391363	0.0
2040	1.63442609944058	0.0
2045	1.6344130525986	0.0
2050	1.63440000575662	0.0
2055	1.6343870944019798	0.0
2060	1.63437418304734	0.0
2065	1.6343614050806	0.0
2070	1.63434862711386	0.0
2075	1.634335980478725	0.0
2080	1.63432333384359	0.0
2085	1.63431081652582	0.0
2090	1.63429829920805	0.0
2095	1.6342859092343751	0.0
2100	1.6342735192607	0.0
2105	1.63426125469779	0.0
2110	1.63424899013488	0.0
2115	1.6342368490883499	0.0
2120	1.63422470804182	0.0
2125	1.63421268865524	0.0
2130	1.63420066926866	0.0
2135	1.634188769722615	0.0
2140	1.63417687017657	0.0
2145	1.6341650886877401	0.0
2150	1.63415330719891	0.0
2155	1.634141642019185	0.0
2160	1.63412997683946	0.0
2165	1.634118426255065	0.0
2170	1.63410687567067	0.0
2175	1.634095438001345	0.0
2180	1.63408400033202	0.0
2185	1.634072673930175	0.0
2190	1.63406134752833	0.0
2195	1.6340501307782902	0.0
2200	1.63403891402825	0.0
2205	1.6340278053454549	0.0
2210	1.63401669666266	0.0
2215	1.6340056944929349	0.0
2220	1.63399469232321	0.0
2225	1.633983795142045	0.0
2230	1.63397289796088	0.0
2235	1.633962104272715	0.0
2240	1.63395131058455	0.0
2245	1.6339406189220949	0.0
2250	1.63392992725964	0.0
2255	1.633919336183205	0.0
2260	1.63390874510677	0.0
2265	1.633898253203625	0.0
2270	1.63388776130048	0.0
2275	1.63387736718424	0.0
2280	1.633866973068	0.0
2285	1.63385667537798	0.0
2290	1.63384637768796	0.0
2295	1.63383617508861	0.0
2300	1.63382597248926	0.0
2305	1.633815863669585	0.0
2310	1.63380575484991	0.0
2315	1.6337957385229	0.0
2320	1.63378572219589	0.0
2325	1.633775797097965	0.0
2330	1.63376587200004	0.0
2335	1.6337560368905502	0.0
2340	1.63374620178106	0.0
2345	1.6337364554417348	0.0
2350	1.63372670910241	0.0
2355	1.63371705033687	0.0
2360	1.63370739157133	0.0
2365	1.63369781920461	0.0
2370	1.63368824683789	0.0
2375	1.63367875971593	0.0
2380	1.63366927259397	0.0
2385	1.63365986958319	0.0
2390	1.63365046657241	0.0
2395	1.633641146559225	0.0
2400	1.63363182654604	0.0
2405	1.6336225884364448	0.0
2410	1.63361335032685	0.0
2415	1.6336041930459748	0.0
2420	1.6335950357651	0.0
2425	1.633585958256805	0.0
2430	1.63357688074851	0.0
2435	1.6335678819749702	0.0
2440	1.63355888320143	0.0
2445	1.6335499621427552	0.0
2450	1.63354104108408	0.0
2455	1.6335321967379	0.0
2460	1.63352335239172	0.0
2465	1.633514583772845	0.0
2470	1.63350581515397	0.0
2475	1.633497121294	0.0
2480	1.63348842743403	0.0
2485	1.633479807381005	0.0
2490	1.63347118732798	0.0
2495	1.633462640146035	0.0
2500	1.63345409296409	0.0
2550	1.6333707439357	0.0
2600	1.63329077507092	0.0
2650	1.63321398484431	0.0
2700	1.63314018743757	0.0
2750	1.63306921123856	0.0
2800	1.63300089750921	0.0
2850	1.63293509920052	0.0
2900	1.63287167989613	0.0
2950	1.6328105128684	0.0
3000	1.63275148023324	0.0
3050	1.63269447219202	0.0
3100	1.63263938635	0.0
3150	1.63258612710264	0.0
3200	1.63253460508196	0.0
3250	1.63248473665616	0.0
3300	1.63243644347667	0.0
3350	1.63238965206746	0.0
3400	1.63234429345207	0.0
3450	1.63230030281436	0.0
3500	1.63225761918953	0.0
3550	1.63221618518225	0.0
3600	1.63217594670921	0.0
3650	1.63213685276359	0.0
3700	1.63209885519941	0.0
3750	1.63206190853372	0.0
3800	1.63202596976499	0.0
3850	1.63199099820618	0.0
3900	1.63195695533107	0.0
3950	1.63192380463272	0.0
4000	1.6318915114929	0.0
4050	1.63186004306145	0.0
4100	1.63182936814488	0.0
4150	1.63179945710324	0.0
4200	1.63177028175456	0.0
4250	1.63174181528632	0.0
4300	1.63171403217326	0.0
4350	1.63168690810106	0.0
4400	1.63166041989532	0.0
4450	1.63163454545563	0.0
4500	1.63160926369395	0.0
4550	1.6315845544774	0.0
4600	1.63156039857473	0.0
4650	1.63153677760643	0.0
4700	1.63151367399806	0.0
4750	1.6314910709367	0.0
4800	1.63146895233011	0.0
4850	1.63144730276853	0.0
4900	1.63142610748888	0.0
4950	1.63140535234121	0.0
5000	1.63138502375717	0.0
5050	1.63136510872043	0.0
5100	1.63134559473892	0.0
5150	1.63132646981868	0.0
5200	1.63130772243927	0.0
5250	1.63128934153065	0.0
5300	1.63127131645137	0.0
5350	1.63125363696803	0.0
5400	1.6312362932359	0.0
5450	1.63121927578066	0.0
5500	1.63120257548111	0.0
5550	1.63118618355293	0.0
5600	1.63117009153319	0.0
5650	1.63115429126584	0.0
5700	1.63113877488792	0.0
5750	1.63112353481649	0.0
5800	1.63110856373628	0.0
5850	1.63109385458802	0.0
5900	1.63107940055729	0.0
5950	1.63106519506399	0.0
6000	1.63105123175243	0.0
6050	1.63103750448176	0.0
6100	1.63102400731699	0.0
6150	1.63101073452049	0.0
6200	1.63099768054377	0.0
6250	1.63098484001981	0.0
6300	1.63097220775568	0.0
6350	1.63095977872553	0.0
6400	1.63094754806396	0.0
6450	1.63093551105961	0.0
6500	1.63092366314916	0.0
6550	1.63091199991155	0.0
6600	1.63090051706246	0.0
6650	1.63088921044909	0.0
6700	1.63087807604513	0.0
6750	1.630867109946	0.0
6800	1.63085630836426	0.0
6850	1.63084566762529	0.0
6900	1.63083518416305	0.0
6950	1.63082485451619	0.0
7000	1.63081467532417	0.0
7050	1.63080464332362	0.0
7100	1.6307947553449	0.0
7150	1.6307850083087	0.0
7200	1.63077539922289	0.0
7250	1.63076592517943	0.0
7300	1.63075658335146	0.0
7350	1.63074737099046	0.0
7400	1.63073828542357	0.0
7450	1.630729324051	0.0
7500	1.63072048434355	0.0
7550	1.63071176384025	0.0
7600	1.63070316014603	0.0
7650	1.63069467092959	0.0
7700	1.63068629392122	0.0
7750	1.63067802691084	0.0
7800	1.63066986774602	0.0
7850	1.63066181433015	0.0
7900	1.63065386462058	0.0
7950	1.63064601662695	0.0
8000	1.6306382684095	0.0
8050	1.63063061807751	0.0
8100	1.63062306378768	0.0
8150	1.63061560374275	0.0
8200	1.63060823619001	0.0
8250	1.63060095941992	0.0
8300	1.63059377176485	0.0
8350	1.63058667159774	0.0
8400	1.6305796573309	0.0
8450	1.63057272741485	0.0
8500	1.63056588033712	0.0
8550	1.63055911462122	0.0
8600	1.6305524288255	0.0
8650	1.63054582154221	0.0
8700	1.63053929139643	0.0
8750	1.6305328370452	0.0
8800	1.63052645717652	0.0
8850	1.63052015050852	0.0
8900	1.63051391578855	0.0
8950	1.63050775179241	0.0
9000	1.6305016573235	0.0
9050	1.63049563121206	0.0
9100	1.63048967231443	0.0
9150	1.63048377951233	0.0
9200	1.63047795171213	0.0
9250	1.63047218784421	0.0
9300	1.63046648686229	0.0
9350	1.63046084774278	0.0
9400	1.63045526948421	0.0
9450	1.63044975110658	0.0
9500	1.63044429165085	0.0
9550	1.63043889017833	0.0
9600	1.63043354577017	0.0
9650	1.63042825752683	0.0
9700	1.63042302456757	0.0
9750	1.63041784603	0.0
9800	1.63041272106954	0.0
9850	1.63040764885901	0.0
9900	1.63040262858817	0.0
9950	1.63039765946328	0.0
10000	1.63039274070672	0.0
10050	1.63038787155652	0.0
10100	1.63038305126601	0.0
10150	1.63037827910346	0.0
10200	1.63037355435163	0.0
10250	1.6303688763075	0.0
10300	1.63036424428186	0.0
10350	1.63035965759902	0.0
10400	1.63035511559641	0.0
10450	1.63035061762434	0.0
10500	1.63034616304566	0.0
10550	1.63034175123542	0.0
10600	1.63033738158065	0.0
10650	1.63033305348001	0.0
10700	1.63032876634357	0.0
10750	1.63032451959249	0.0
10800	1.63032031265879	0.0
10850	1.6303161449851	0.0
10900	1.6303120160244	0.0
10950	1.63030792523978	0.0
11000	1.63030387210423	0.0
11050	1.63029985610037	0.0
11100	1.63029587672028	0.0
11150	1.63029193346524	0.0
11200	1.63028802584557	0.0
11250	1.63028415338037	0.0
11300	1.63028031559739	0.0
11350	1.63027651203277	0.0
11400	1.63027274223089	0.0
11450	1.6302690057442	0.0
11500	1.63026530213302	0.0
11550	1.63026163096535	0.0
11600	1.63025799181676	0.0
11650	1.63025438427017	0.0
11700	1.63025080791572	0.0
11750	1.63024726235059	0.0
11800	1.63024374717891	0.0
11850	1.63024026201151	0.0
11900	1.63023680646588	0.0
11950	1.63023338016596	0.0
12000	1.63022998274204	0.0
12050	1.63022661383062	0.0
12100	1.63022327307426	0.0
12150	1.63021996012148	0.0
12200	1.63021667462663	0.0
12250	1.63021341624975	0.0
12300	1.63021018465649	0.0
12350	1.63020697951796	0.0
12400	1.63020380051063	0.0
12450	1.63020064731624	0.0
12500	1.63019751962165	0.0
12550	1.6301944171188	0.0
12600	1.63019133950455	0.0
12650	1.63018828648061	0.0
12700	1.63018525775343	0.0
12750	1.63018225303412	0.0
12800	1.63017927203836	0.0
12850	1.63017631448629	0.0
12900	1.63017338010244	0.0
12950	1.63017046861563	0.0
13000	1.6301675797589	0.0
13050	1.63016471326945	0.0
13100	1.63016186888849	0.0
13150	1.63015904636123	0.0
13200	1.63015624543678	0.0
13250	1.63015346586808	0.0
13300	1.6301507074118	0.0
13350	1.63014796982833	0.0
13400	1.63014525288164	0.0
13450	1.63014255633925	0.0
13500	1.63013987997218	0.0
13550	1.63013722355484	0.0
13600	1.630134586865	0.0
13650	1.63013196968372	0.0
13700	1.63012937179528	0.0
13750	1.63012679298715	0.0
13800	1.63012423304988	0.0
13850	1.6301216917771	0.0
13900	1.63011916896542	0.0
13950	1.6301166644144	0.0
14000	1.6301141779265	0.0
14050	1.63011170930701	0.0
14100	1.63010925836402	0.0
14150	1.63010682490833	0.0
14200	1.63010440875346	0.0
14250	1.63010200971557	0.0
14300	1.63009962761339	0.0
14350	1.63009726226824	0.0
14400	1.6300949135039	0.0
14450	1.63009258114664	0.0
14500	1.63009026502515	0.0
14550	1.63008796497049	0.0
14600	1.63008568081605	0.0
14650	1.63008341239753	0.0
14700	1.63008115955287	0.0
14750	1.63007892212223	0.0
14800	1.63007669994797	0.0
14850	1.63007449287457	0.0
14900	1.63007230074862	0.0
14950	1.63007012341878	0.0
15000	1.63006796073577	0.0
15050	1.63006581255228	0.0
15100	1.63006367872297	0.0
15150	1.63006155910447	0.0
15200	1.63005945355528	0.0
15250	1.63005736193578	0.0
15300	1.6300552841082	0.0
15350	1.63005321993656	0.0
15400	1.6300511692867	0.0
15450	1.63004913202617	0.0
15500	1.63004710802426	0.0
15550	1.63004509715197	0.0
15600	1.63004309928196	0.0
15650	1.63004111428851	0.0
15700	1.63003914204755	0.0
15750	1.63003718243657	0.0
15800	1.63003523533464	0.0
15850	1.63003330062236	0.0
15900	1.63003137818187	0.0
15950	1.63002946789675	0.0
16000	1.6300275696521	0.0
16050	1.63002568333444	0.0
16100	1.63002380883171	0.0
16150	1.63002194603324	0.0
16200	1.63002009482977	0.0
16250	1.63001825511337	0.0
16300	1.63001642677745	0.0
16350	1.63001460971673	0.0
16400	1.63001280382724	0.0
16450	1.63001100900627	0.0
16500	1.63000922515237	0.0
16550	1.63000745216533	0.0
16600	1.63000568994616	0.0
16650	1.63000393839705	0.0
16700	1.63000219742139	0.0
16750	1.63000046692373	0.0
16800	1.62999874680975	0.0
16850	1.62999703698627	0.0
16900	1.62999533736124	0.0
16950	1.62999364784367	0.0
17000	1.62999196834368	0.0
17050	1.62999029877242	0.0
17100	1.62998863904212	0.0
17150	1.62998698906602	0.0
17200	1.62998534875838	0.0
17250	1.62998371803448	0.0
17300	1.62998209681056	0.0
17350	1.62998048500386	0.0
17400	1.62997888253255	0.0
17450	1.62997728931577	0.0
17500	1.62997570527358	0.0
17550	1.62997413032696	0.0
17600	1.62997256439778	0.0
17650	1.62997100740884	0.0
17700	1.62996945928378	0.0
17750	1.62996791994712	0.0
17800	1.62996638932425	0.0
17850	1.62996486734138	0.0
17900	1.62996335392556	0.0
17950	1.62996184900466	0.0
18000	1.62996035250736	0.0
18050	1.62995886436312	0.0
18100	1.62995738450222	0.0
18150	1.62995591285567	0.0
18200	1.62995444935527	0.0
18250	1.62995299393358	0.0
18300	1.62995154652388	0.0
18350	1.6299501070602	0.0
18400	1.62994867547728	0.0
18450	1.62994725171058	0.0
18500	1.62994583569627	0.0
18550	1.62994442737119	0.0
18600	1.62994302667288	0.0
18650	1.62994163353957	0.0
18700	1.62994024791012	0.0
18750	1.62993886972408	0.0
18800	1.62993749892162	0.0
18850	1.62993613544358	0.0
18900	1.62993477923139	0.0
18950	1.62993343022714	0.0
19000	1.62993208837352	0.0
19050	1.62993075361383	0.0
19100	1.62992942589195	0.0
19150	1.62992810515237	0.0
19200	1.62992679134015	0.0
19250	1.62992548440095	0.0
19300	1.62992418428096	0.0
19350	1.62992289092696	0.0
19400	1.62992160428625	0.0
19450	1.62992032430672	0.0
19500	1.62991905093677	0.0
19550	1.62991778412532	0.0
19600	1.62991652382185	0.0
19650	1.62991526997633	0.0
19700	1.62991402253924	0.0
19750	1.62991278146159	0.0
19800	1.62991154669487	0.0
19850	1.62991031819106	0.0
19900	1.62990909590264	0.0
19950	1.62990787978255	0.0
20000	1.62990666978422	0.0
20050	1.6299054622235196	0.0
20100	1.6299042546628193	0.0
20150	1.629903047102119	0.0
20200	1.6299018395414187	0.0
20250	1.6299006319807183	0.0
20300	1.629899424420018	0.0
20350	1.6298982168593177	0.0
20400	1.6298970092986174	0.0
20450	1.629895801737917	0.0
20500	1.6298945941772167	0.0
20550	1.6298933866165164	0.0
20600	1.629892179055816	0.0
20650	1.6298909714951157	0.0
20700	1.6298897639344154	0.0
20750	1.629888556373715	0.0
20800	1.6298873488130148	0.0
20850	1.6298861412523145	0.0
20900	1.6298849336916141	0.0
20950	1.6298837261309138	0.0
21000	1.6298825185702135	0.0
21050	1.6298813110095132	0.0
21100	1.6298801034488128	0.0
21150	1.6298788958881125	0.0
21200	1.6298776883274122	0.0
21250	1.6298764807667119	0.0
21300	1.6298752732060116	0.0
21350	1.6298740656453112	0.0
21400	1.629872858084611	0.0
21450	1.6298716505239106	0.0
21500	1.6298704429632103	0.0
21550	1.62986923540251	0.0
21600	1.6298680278418096	0.0
21650	1.6298668202811093	0.0
21700	1.629865612720409	0.0
21750	1.6298644051597087	0.0
21800	1.6298631975990083	0.0
21850	1.629861990038308	0.0
21900	1.6298607824776077	0.0
21950	1.6298595749169074	0.0
22000	1.629858367356207	0.0
22050	1.6298571597955067	0.0
22100	1.6298559522348064	0.0
22150	1.629854744674106	0.0
22200	1.6298535371134057	0.0
22250	1.6298523295527054	0.0
22300	1.629851121992005	0.0
22350	1.6298499144313048	0.0
22400	1.6298487068706045	0.0
22450	1.6298474993099041	0.0
22500	1.6298462917492038	0.0
22550	1.6298450841885035	0.0
22600	1.6298438766278032	0.0
22650	1.6298426690671028	0.0
22700	1.6298414615064025	0.0
22750	1.6298402539457022	0.0
22800	1.6298390463850019	0.0
22850	1.6298378388243016	0.0
22900	1.6298366312636012	0.0
22950	1.629835423702901	0.0
23000	1.6298342161422006	0.0
23050	1.6298330085815003	0.0
23100	1.6298318010208	0.0
23150	1.6298305934600996	0.0
23200	1.6298293858993993	0.0
23250	1.629828178338699	0.0
23300	1.6298269707779987	0.0
23350	1.6298257632172983	0.0
23400	1.629824555656598	0.0
23450	1.6298233480958977	0.0
23500	1.6298221405351974	0.0
23550	1.629820932974497	0.0
23600	1.6298197254137967	0.0
23650	1.6298185178530964	0.0
23700	1.629817310292396	0.0
23750	1.6298161027316957	0.0
23800	1.6298148951709954	0.0
23850	1.629813687610295	0.0
23900	1.6298124800495948	0.0
23950	1.6298112724888945	0.0
24000	1.6298100649281941	0.0
24050	1.6298088573674938	0.0
24100	1.6298076498067935	0.0
24150	1.6298064422460932	0.0
24200	1.6298052346853928	0.0
24250	1.6298040271246925	0.0
24300	1.6298028195639922	0.0
24350	1.6298016120032919	0.0
24400	1.6298004044425916	0.0
24450	1.6297991968818912	0.0
24500	1.629797989321191	0.0
24550	1.6297967817604906	0.0
24600	1.6297955741997903	0.0
24650	1.62979436663909	0.0
24700	1.6297931590783896	0.0
24750	1.6297919515176893	0.0
24800	1.629790743956989	0.0
24850	1.6297895363962887	0.0
24900	1.6297883288355883	0.0
24950	1.629787121274888	0.0
25000	1.6297859137141877	0.0
25050	1.6297847061534874	0.0
25100	1.629783498592787	0.0
25150	1.6297822910320867	0.0
25200	1.6297810834713864	0.0
25250	1.629779875910686	0.0
25300	1.6297786683499857	0.0
25350	1.6297774607892854	0.0
25400	1.629776253228585	0.0
25450	1.6297750456678848	0.0
25500	1.6297738381071845	0.0
25550	1.6297726305464841	0.0
25600	1.6297714229857838	0.0
25650	1.6297702154250835	0.0
25700	1.6297690078643832	0.0
25750	1.6297678003036828	0.0
25800	1.6297665927429825	0.0
25850	1.6297653851822822	0.0
25900	1.6297641776215819	0.0
25950	1.6297629700608816	0.0
26000	1.6297617625001812	0.0
26050	1.629760554939481	0.0
26100	1.6297593473787806	0.0
26150	1.6297581398180803	0.0
26200	1.62975693225738	0.0
26250	1.6297557246966796	0.0
26300	1.6297545171359793	0.0
26350	1.629753309575279	0.0
26400	1.6297521020145787	0.0
26450	1.6297508944538783	0.0
26500	1.629749686893178	0.0
26550	1.6297484793324777	0.0
26600	1.6297472717717774	0.0
26650	1.629746064211077	0.0
26700	1.6297448566503767	0.0
26750	1.6297436490896764	0.0
26800	1.629742441528976	0.0
26850	1.6297412339682757	0.0
26900	1.6297400264075754	0.0
26950	1.629738818846875	0.0
27000	1.6297376112861748	0.0
27050	1.6297364037254745	0.0
27100	1.6297351961647741	0.0
27150	1.6297339886040738	0.0
27200	1.6297327810433735	0.0
27250	1.6297315734826732	0.0
27300	1.6297303659219728	0.0
27350	1.6297291583612725	0.0
27400	1.6297279508005722	0.0
27450	1.6297267432398719	0.0
27500	1.6297255356791716	0.0
27550	1.6297243281184712	0.0
27600	1.629723120557771	0.0
27650	1.6297219129970706	0.0
27700	1.6297207054363703	0.0
27750	1.62971949787567	0.0
27800	1.6297182903149696	0.0
27850	1.6297170827542693	0.0
27900	1.629715875193569	0.0
27950	1.6297146676328687	0.0
28000	1.6297134600721683	0.0
28050	1.629712252511468	0.0
28100	1.6297110449507677	0.0
28150	1.6297098373900674	0.0
28200	1.629708629829367	0.0
28250	1.6297074222686667	0.0
28300	1.6297062147079664	0.0
28350	1.629705007147266	0.0
28400	1.6297037995865657	0.0
28450	1.6297025920258654	0.0
28500	1.629701384465165	0.0
28550	1.6297001769044648	0.0
28600	1.6296989693437645	0.0
28650	1.6296977617830641	0.0
28700	1.6296965542223638	0.0
28750	1.6296953466616635	0.0
28800	1.6296941391009632	0.0
28850	1.6296929315402628	0.0
28900	1.6296917239795625	0.0
28950	1.6296905164188622	0.0
29000	1.6296893088581619	0.0
29050	1.6296881012974616	0.0
29100	1.6296868937367612	0.0
29150	1.629685686176061	0.0
29200	1.6296844786153606	0.0
29250	1.6296832710546603	0.0
29300	1.62968206349396	0.0
29350	1.6296808559332596	0.0
29400	1.6296796483725593	0.0
29450	1.629678440811859	0.0
29500	1.6296772332511587	0.0
29550	1.6296760256904583	0.0
29600	1.629674818129758	0.0
29650	1.6296736105690577	0.0
29700	1.6296724030083574	0.0
29750	1.629671195447657	0.0
29800	1.6296699878869567	0.0
29850	1.6296687803262564	0.0
29900	1.629667572765556	0.0
29950	1.6296663652048557	0.0
30000	1.6296651576441554	0.0
