7.102442484739135420e-02 6.907772564603376075e-02 6.907772564603376075e-02 6.366650522025696368e-02 6.366650522025696368e-02 6.366650522025696368e-02 5.613550271357936605e-02 5.613550271357936605e-02 4.431193008255074339e-02 4.431193008255074339e-02
8.319057494959691823e-02 8.319057494959691823e-02 5.773638651511203701e-02 5.773638651511203701e-02 5.773638651511203701e-02 5.773638651511203701e-02 5.773638651511203701e-02 5.773638651511203701e-02 5.773638651511203701e-02 5.401326530698580264e-02 5.401326530698580264e-02 5.401326530698580264e-02 5.072909220992372070e-02
8.270110426932097969e-02 8.270110426932097969e-02 8.270110426932097969e-02 8.270110426932097969e-02 7.579618783699981766e-02 7.579618783699981766e-02 6.760777322541411394e-02 6.760777322541411394e-02 6.760777322541411394e-02 6.760777322541411394e-02 6.760777322541411394e-02 6.760777322541411394e-02 6.760777322541411394e-02
8.024886119829899300e-02 8.024886119829899300e-02 8.024886119829899300e-02 8.024886119829899300e-02 8.024886119829899300e-02 8.024886119829899300e-02 8.010842981852517308e-02 8.010842981852517308e-02 7.782700006062581721e-02 7.782700006062581721e-02 7.391637600365164040e-02 7.391637600365164040e-02 7.391637600365164040e-02 7.391637600365164040e-02 6.975405005315982176e-02 6.372300769251115771e-02
7.478967063314856389e-02 6.774699298043274087e-02 6.774699298043274087e-02 6.774699298043274087e-02 6.774699298043274087e-02 6.774699298043274087e-02 6.774699298043274087e-02 6.774699298043274087e-02 6.774699298043274087e-02 6.068131103371088297e-02 6.068131103371088297e-02
8.994706143634123574e-02 7.193282377372545167e-02 6.448530916253569778e-02 6.448530916253569778e-02 6.448530916253569778e-02 6.448530916253569778e-02 6.065359470870312908e-02 6.065359470870312908e-02 6.065359470870312908e-02 5.585913030285882819e-02 4.921064610890890645e-02
1.023847760033408383e-01 7.465282879807766392e-02 7.465282879807766392e-02 7.437481339056173368e-02 7.118503737083425875e-02 7.118503737083425875e-02 6.464815017543390496e-02 6.217765159104327033e-02 6.217765159104327033e-02 5.307344197055785529e-02
9.798433784942439662e-02 6.872810220333114284e-02 6.048795897844605474e-02 6.048795897844605474e-02 6.048795897844605474e-02 6.048795897844605474e-02 5.933856793297964671e-02 5.933856793297964671e-02 5.933856793297964671e-02 5.275140809306011480e-02 5.192055115861760051e-02 5.137941010821966970e-02 5.137941010821966970e-02
8.172593412856965500e-02 7.660390603232614115e-02 7.660390603232614115e-02 7.295474539880264508e-02 6.094887743427224169e-02 6.094887743427224169e-02 6.094887743427224169e-02 6.094887743427224169e-02 6.033103833894315482e-02 6.033103833894315482e-02 6.033103833894315482e-02 6.033103833894315482e-02
1.250457582853540250e-01 1.241076667693156166e-01 1.241076667693156166e-01 9.091259457459965887e-02 8.244779549400471641e-02 8.244779549400471641e-02 8.244779549400471641e-02 8.244779549400471641e-02 7.499996120060814508e-02 6.724562312317938773e-02 6.724562312317938773e-02 5.705730188774194023e-02
8.876679560117850531e-02 8.876679560117850531e-02 8.876679560117850531e-02 8.876679560117850531e-02 5.906887367535118560e-02 5.906887367535118560e-02 5.906887367535118560e-02 5.906887367535118560e-02 5.906887367535118560e-02 5.906887367535118560e-02 5.906887367535118560e-02 5.906887367535118560e-02
6.864898455045287395e-02 5.849821446465275354e-02 5.849821446465275354e-02 5.849821446465275354e-02 5.849821446465275354e-02 5.849821446465275354e-02 5.849821446465275354e-02 5.849821446465275354e-02 5.849821446465275354e-02 5.849821446465275354e-02 5.849821446465275354e-02 5.849821446465275354e-02 5.779456111090586212e-02 4.862489818860160629e-02
7.729675141634451130e-02 7.729675141634451130e-02 5.951590905324777303e-02 5.951590905324777303e-02 5.951590905324777303e-02 5.504296451296930570e-02 5.504296451296930570e-02 5.504296451296930570e-02 5.504296451296930570e-02 5.504296451296930570e-02
8.594078048034270445e-02 8.594078048034270445e-02 8.594078048034270445e-02 7.733021393610672867e-02 7.733021393610672867e-02 7.733021393610672867e-02 7.733021393610672867e-02 6.273961787231396858e-02 6.273961787231396858e-02 6.273961787231396858e-02 6.273961787231396858e-02
7.238901819457899123e-02 7.238901819457899123e-02 7.238901819457899123e-02 6.884618921010232651e-02 6.884618921010232651e-02 6.874267971641423447e-02 6.874267971641423447e-02 6.874267971641423447e-02 6.874267971641423447e-02 6.094541934278563389e-02 6.094541934278563389e-02 5.548016586394011185e-02 5.548016586394011185e-02
8.233551969259156333e-02 8.233551969259156333e-02 8.233551969259156333e-02 5.873061035341575753e-02 5.873061035341575753e-02 5.873061035341575753e-02 5.873061035341575753e-02 5.873061035341575753e-02 5.873061035341575753e-02 5.873061035341575753e-02 5.873061035341575753e-02 5.873061035341575753e-02
7.353137196646031271e-02 7.353137196646031271e-02 6.257059698946521031e-02 6.257059698946521031e-02 6.257059698946521031e-02 6.257059698946521031e-02 6.257059698946521031e-02 6.257059698946521031e-02 6.257059698946521031e-02 6.257059698946521031e-02 6.257059698946521031e-02 4.875836305479819277e-02 4.875836305479819277e-02 4.875836305479819277e-02
6.896065439475362879e-02 6.896065439475362879e-02 6.896065439475362879e-02 6.896065439475362879e-02 6.254063310532698150e-02 6.254063310532698150e-02 6.164126235682965138e-02 6.164126235682965138e-02 6.164126235682965138e-02 5.950757729261535456e-02 5.176036546919471348e-02 5.176036546919471348e-02
8.750787990071706712e-02 8.750787990071706712e-02 7.198906782919611835e-02 7.116425785814872729e-02 7.115833228336032601e-02 7.115833228336032601e-02 7.115833228336032601e-02 7.115833228336032601e-02 6.609400329363290805e-02 6.609400329363290805e-02 6.609400329363290805e-02
7.537209513440601416e-02 7.537209513440601416e-02 7.537209513440601416e-02 6.914932462944756164e-02 6.914932462944756164e-02 6.914932462944756164e-02 6.914932462944756164e-02 6.005587155191305371e-02 6.005587155191305371e-02 6.005587155191305371e-02
7.350690353712763248e-02 7.350690353712763248e-02 6.893269533368351354e-02 6.893269533368351354e-02 6.893269533368351354e-02 6.893269533368351354e-02 6.893269533368351354e-02 6.893269533368351354e-02 6.893269533368351354e-02 6.893269533368351354e-02 6.243601853610725172e-02
8.273577351642791289e-02 8.273577351642791289e-02 8.273577351642791289e-02 8.273577351642791289e-02 8.273577351642791289e-02 7.075590243586460382e-02 6.739022385712656327e-02 5.967508615658456694e-02 5.967508615658456694e-02 5.967508615658456694e-02 5.967508615658456694e-02 5.967508615658456694e-02
7.034128691304364356e-02 6.850225169111534562e-02 6.455695975879038873e-02 6.455695975879038873e-02 6.455695975879038873e-02 6.455695975879038873e-02 5.947184355731260919e-02 5.947184355731260919e-02 5.310291288018054168e-02 5.310291288018054168e-02 5.310291288018054168e-02
9.609924821272586293e-02 8.829171601155461069e-02 8.829171601155461069e-02 8.829171601155461069e-02 8.829171601155461069e-02 6.794085871233368490e-02 6.794085871233368490e-02 6.483188782486126733e-02 6.146837366485902177e-02 6.146837366485902177e-02
9.255621201482189253e-02 9.255621201482189253e-02 6.750266119486836303e-02 6.750266119486836303e-02 6.750266119486836303e-02 6.750266119486836303e-02 6.750266119486836303e-02 6.750266119486836303e-02 6.750266119486836303e-02 6.750266119486836303e-02 6.750266119486836303e-02 6.214399023791883359e-02 5.784086477438288298e-02
8.952246207368363962e-02 8.601321294106800686e-02 8.493193919939323600e-02 6.150685218717188985e-02 6.150685218717188985e-02 6.150685218717188985e-02 6.150685218717188985e-02 6.150685218717188985e-02 5.846878865634808076e-02 5.846878865634808076e-02 5.846878865634808076e-02 5.846878865634808076e-02
7.532745949332941837e-02 7.532745949332941837e-02 7.532745949332941837e-02 7.532745949332941837e-02 7.532745949332941837e-02 7.532745949332941837e-02 7.532745949332941837e-02 7.127201226738633100e-02 7.127201226738633100e-02 6.800405677269449889e-02 6.800405677269449889e-02 6.800405677269449889e-02 6.656552396138226690e-02
8.032011208332612284e-02 8.032011208332612284e-02 8.032011208332612284e-02 7.811236682882005677e-02 6.935721553374785131e-02 6.935721553374785131e-02 6.813614325043360065e-02 6.813614325043360065e-02 6.813614325043360065e-02 6.813614325043360065e-02 6.813614325043360065e-02 6.813614325043360065e-02 6.813614325043360065e-02 6.753074981918671948e-02
7.098429216019797039e-02 7.098429216019797039e-02 7.098429216019797039e-02 7.098429216019797039e-02 7.098429216019797039e-02 7.098429216019797039e-02 6.907315722188889229e-02 5.960313285776108749e-02 5.960313285776108749e-02 5.736761424477809790e-02 5.225857609772388557e-02
7.400437588663821842e-02 7.400437588663821842e-02 7.400437588663821842e-02 7.400437588663821842e-02 7.400437588663821842e-02 7.400437588663821842e-02 7.397906189707537106e-02 4.907485751339824009e-02 4.907485751339824009e-02 4.907485751339824009e-02 4.907485751339824009e-02 4.907485751339824009e-02 4.907485751339824009e-02 4.907485751339824009e-02
7.396582280835950485e-02 7.396582280835950485e-02 7.396582280835950485e-02 6.729455013432228405e-02 6.729455013432228405e-02 6.729455013432228405e-02 6.729455013432228405e-02 6.707065804946032994e-02 6.707065804946032994e-02 6.707065804946032994e-02 4.853776210706961525e-02 4.853776210706961525e-02 4.853776210706961525e-02 4.853776210706961525e-02
8.221005626944344336e-02 6.245216469567027584e-02 6.245216469567027584e-02 6.245216469567027584e-02 6.245216469567027584e-02 6.245216469567027584e-02 5.246728557713165042e-02 4.769465615724710617e-02 4.769465615724710617e-02 4.769465615724710617e-02 4.769465615724710617e-02
6.284655230052826891e-02 6.284655230052826891e-02 6.284655230052826891e-02 6.284655230052826891e-02 6.284655230052826891e-02 6.284655230052826891e-02 6.284655230052826891e-02 6.284655230052826891e-02 6.284655230052826891e-02 6.284655230052826891e-02 5.046893880912461938e-02 5.046893880912461938e-02 5.046893880912461938e-02
8.747679304464306416e-02 8.747679304464306416e-02 8.747679304464306416e-02 7.621038229820642496e-02 7.621038229820642496e-02 7.621038229820642496e-02 7.621038229820642496e-02 7.621038229820642496e-02 7.621038229820642496e-02 6.237863139783406119e-02
8.451199807093567884e-02 8.360787256974988590e-02 4.998373061063732248e-02 4.998373061063732248e-02 4.998373061063732248e-02 4.998373061063732248e-02 4.998373061063732248e-02 4.998373061063732248e-02 4.998373061063732248e-02 4.998373061063732248e-02
8.391962310599598851e-02 8.391962310599598851e-02 8.391962310599598851e-02 8.391962310599598851e-02 8.391962310599598851e-02 8.391962310599598851e-02 6.983403816042066392e-02 6.983403816042066392e-02 5.232034016570441537e-02 5.232034016570441537e-02 5.015034174454358062e-02 5.015034174454358062e-02
5.775551065720152533e-02 5.775551065720152533e-02 5.775551065720152533e-02 5.775551065720152533e-02 5.506972678175248159e-02 5.506972678175248159e-02 5.506972678175248159e-02 5.506972678175248159e-02 5.506972678175248159e-02 5.506972678175248159e-02 5.506972678175248159e-02
6.208447172539244274e-02 6.208447172539244274e-02 6.208447172539244274e-02 6.208447172539244274e-02 6.208447172539244274e-02 6.208447172539244274e-02 6.208447172539244274e-02 6.208447172539244274e-02 6.208447172539244274e-02 6.208447172539244274e-02 5.425123064926529182e-02 5.425123064926529182e-02 5.425123064926529182e-02
7.196916218704108026e-02 7.196916218704108026e-02 7.153377793173321120e-02 7.153377793173321120e-02 6.845713527820851407e-02 5.461592263341152886e-02 5.461592263341152886e-02 5.461592263341152886e-02 5.461592263341152886e-02 5.461592263341152886e-02 5.461592263341152886e-02 5.461592263341152886e-02 5.461592263341152886e-02
8.413135929669013358e-02 8.413135929669013358e-02 8.413135929669013358e-02 8.413135929669013358e-02 8.413135929669013358e-02 8.246050427140760863e-02 8.246050427140760863e-02 8.246050427140760863e-02 7.404065676680748886e-02 7.404065676680748886e-02 7.404065676680748886e-02 6.768934049004415865e-02
8.675912785427553064e-02 8.642243566963714319e-02 8.618301183976162516e-02 8.618301183976162516e-02 6.986616425844638378e-02 6.986616425844638378e-02 6.986616425844638378e-02 6.853314283528566531e-02 6.853314283528566531e-02 5.365586082597528783e-02 5.365586082597528783e-02
8.277542206349053355e-02 8.277542206349053355e-02 8.277542206349053355e-02 8.277542206349053355e-02 6.993142859283119073e-02 6.993142859283119073e-02 5.916664142831451478e-02 5.916664142831451478e-02 4.971620949476496243e-02 4.971620949476496243e-02 4.971620949476496243e-02
7.866873339979529867e-02 7.866873339979529867e-02 7.237534650759691601e-02 7.237534650759691601e-02 6.423085667894590234e-02 6.423085667894590234e-02 6.423085667894590234e-02 6.423085667894590234e-02 6.289669588060864402e-02 6.145449707792227656e-02 6.145449707792227656e-02 6.145449707792227656e-02
7.864189938860144391e-02 7.864189938860144391e-02 7.730478087390735276e-02 7.730478087390735276e-02 7.730478087390735276e-02 6.899187834430720034e-02 6.899187834430720034e-02 6.899187834430720034e-02 5.942428509256436620e-02 5.942428509256436620e-02 5.942428509256436620e-02
7.340023580072441156e-02 7.340023580072441156e-02 7.340023580072441156e-02 7.311096112422688087e-02 7.311096112422688087e-02 6.494501544471220633e-02 6.207687299618369625e-02 6.207687299618369625e-02 6.207687299618369625e-02 6.207687299618369625e-02 6.207687299618369625e-02 6.013471538149328666e-02
7.228602604058620429e-02 7.228602604058620429e-02 7.228602604058620429e-02 7.228602604058620429e-02 5.250809151540059005e-02 5.250809151540059005e-02 5.250809151540059005e-02 5.250809151540059005e-02 5.250809151540059005e-02 5.250809151540059005e-02 5.250809151540059005e-02 5.250809151540059005e-02 5.250809151540059005e-02
7.699969633877745689e-02 7.699969633877745689e-02 7.699969633877745689e-02 7.699969633877745689e-02 7.699969633877745689e-02 7.695691758766665114e-02 7.693972190856712690e-02 7.693972190856712690e-02 7.693972190856712690e-02 6.682426404595986913e-02 6.682426404595986913e-02 4.531699099728292435e-02
6.419543414993911234e-02 6.419543414993911234e-02 6.419543414993911234e-02 6.419543414993911234e-02 5.769114503384886739e-02 5.769114503384886739e-02 5.769114503384886739e-02 5.769114503384886739e-02 5.769114503384886739e-02 5.769114503384886739e-02 4.971896929663943698e-02
