0.9556880699174493
0.9492709077900763
0.9323922267745859
0.9362769923074888
0.9393186889662891
0.9507893538910911
0.9469265580294421
0.9486205898917803
0.9396689616610568
0.9429426981122581
0.9409311263246488
0.9513751018113984
0.9449570354870307
0.937260382127686
0.9445198341360599
0.9412693896465842
0.9512416369452018
0.9482396345308053
0.9339059967063671
0.939944128448087
0.9375639814638927
0.9403249138434154
0.9468970871198195
0.938531626335141
0.9421591352256171
0.9415312113436519
0.9334344760386177
0.9324692501808133
0.9477414239022761
0.9509251424866018
0.9514622378929304
0.9523053438427529
0.9495310611908754
0.9376213686021659
0.9500162693893627
0.9498496582554564
0.9449302732182475
0.9457487693507347
0.9453840773665885
0.9323106595099558
0.9463441391740247
0.950283790505235
0.9385455029220777
0.9405757149074356
0.9398652846185067
0.9474919084845994
0.9546830090027171
0.9502810307033606
