1.000000000000000000e+06 4.998639022600356441e+01 8.986721082348479683e+01 6.520879605244189747e+01 7.217084489340065545e+01 2.503865917467252444e+01 7.462087484782348668e+01 0.000000000000000000e+00 0.000000000000000000e+00 7.438796957382177721e-01 3.178846343645616024e-01 1.762136058962767704e-01 0.000000000000000000e+00 0.000000000000000000e+00
1.000000000000000000e+06 1.975549082106734602e+02 1.851246529385840347e+02 1.269928334883196470e+02 8.589483547222056359e+01 3.012365788696249069e+01 6.864260898368252128e+01 0.000000000000000000e+00 0.000000000000000000e+00 4.635061735541566308e-01 4.705619351427306474e-01 1.558583246280679235e-01 0.000000000000000000e+00 0.000000000000000000e+00
1.000000000000000000e+06 1.867860838366228506e+02 1.113118001035883680e+02 1.242815663009353386e+02 1.845661494330539654e+02 6.623281341243757936e+01 5.625904578606153450e+01 0.000000000000000000e+00 0.000000000000000000e+00 6.657562816002181583e-01 5.635113662897955900e-01 2.339001562693867886e-01 0.000000000000000000e+00 0.000000000000000000e+00
1.000000000000000000e+06 1.382687166702253592e+02 3.576602976640938891e+01 6.126980554875771645e+00 1.176833771797260084e+02 4.407890302423538742e+01 3.782688705844520172e+01 0.000000000000000000e+00 0.000000000000000000e+00 6.443795625941579619e-01 2.133137282570037319e-01 2.130207292801651886e-01 0.000000000000000000e+00 0.000000000000000000e+00
1.000000000000000000e+06 1.738828280362713485e+02 5.305563187634627553e+01 9.834164037067270669e+01 1.192626473644072860e+02 5.380582018741169037e+01 5.311074232123824856e+01 0.000000000000000000e+00 0.000000000000000000e+00 7.632612701366234820e-01 5.545405540093120145e-01 1.858217915169885215e-01 0.000000000000000000e+00 0.000000000000000000e+00
1.000000000000000000e+06 5.114924860202550860e+01 1.306260077152113581e+02 1.046130849964129936e+02 7.782623832021829458e+01 2.913608710853954165e+01 9.695292064470983462e+01 0.000000000000000000e+00 0.000000000000000000e+00 2.011896816794217502e-01 5.011629036252152058e-01 2.211672324379874710e-01 0.000000000000000000e+00 0.000000000000000000e+00
1.000000000000000000e+06 1.334821354084620282e+01 3.609058040111840882e+01 6.386703940022091786e+01 9.161181001556155934e+01 4.133156895130615993e+01 7.793487652716676450e+01 0.000000000000000000e+00 0.000000000000000000e+00 7.159851615588479490e-01 2.860263938935365680e-01 1.806113218997485448e-01 0.000000000000000000e+00 0.000000000000000000e+00
1.000000000000000000e+06 9.655884002823533763e+01 1.000232227589516469e+02 1.099167312198748618e+02 8.575641026002995204e+01 6.898944946243669563e+01 1.449124426844061730e+00 0.000000000000000000e+00 0.000000000000000000e+00 7.491900801378489350e-01 5.254866644197722092e-01 2.107100057596163756e-01 0.000000000000000000e+00 0.000000000000000000e+00
1.000000000000000000e+06 6.406835011931687518e+01 1.402891671629587336e+02 7.555962115364836507e+01 1.165647967605075621e+02 1.419507656622981706e+01 5.958239109464638261e+01 0.000000000000000000e+00 0.000000000000000000e+00 4.609308592659610571e-01 5.052410469195809384e-01 2.118750946229065180e-01 0.000000000000000000e+00 0.000000000000000000e+00
1.000000000000000000e+06 4.859956202070203624e+00 1.154862110839764000e+01 4.104141365612985481e+01 1.208095478822808104e+02 3.782138095410960688e+01 7.526974525091415558e+01 0.000000000000000000e+00 0.000000000000000000e+00 1.391539552485206721e-01 3.869214317778701950e-01 2.088723610598879343e-01 0.000000000000000000e+00 0.000000000000000000e+00
1.000000000000000000e+06 1.534382268703346881e+02 1.517720289201134278e+02 6.288135730569124604e+01 9.050163371834112525e+01 6.104007248634371763e+01 6.108610184484020067e+01 0.000000000000000000e+00 0.000000000000000000e+00 6.284165904630112376e-01 2.448839326982844566e-01 2.201051675914440509e-01 0.000000000000000000e+00 0.000000000000000000e+00
1.000000000000000000e+06 1.607706915567564181e+02 8.463362605889273027e+01 1.851242266212124719e+02 9.395388603975256103e+01 3.232654997840587185e+01 7.182140711656253984e+01 0.000000000000000000e+00 0.000000000000000000e+00 6.891594238198835987e-01 6.203005791802874702e-01 2.112746946852170904e-01 0.000000000000000000e+00 0.000000000000000000e+00
1.000000000000000000e+06 1.199479304616578048e+02 4.837530737551607274e+01 9.274206768649911226e+01 7.911987325662202863e+01 5.973177572686938674e+01 1.293248322060587441e+01 0.000000000000000000e+00 0.000000000000000000e+00 4.399018431595658751e-01 4.394332279304837274e-01 1.706650247851161373e-01 0.000000000000000000e+00 0.000000000000000000e+00
1.000000000000000000e+06 7.181798870631652676e+01 9.341248767081577853e+01 1.065619856531854168e+02 1.118474149856967870e+02 8.716031176346854181e+01 1.003847263724103698e+02 0.000000000000000000e+00 0.000000000000000000e+00 2.604207659030360333e-01 5.252474496342578458e-01 2.081275658148905860e-01 0.000000000000000000e+00 0.000000000000000000e+00
1.000000000000000000e+06 4.953198388957821408e+01 1.871130487691901010e+02 1.736128044732463991e+02 6.652401734109842835e+01 5.962315704412580430e+01 6.739509074696849211e+01 0.000000000000000000e+00 0.000000000000000000e+00 9.077262144027953283e-02 4.057130448652566113e-01 2.155654277005190078e-01 0.000000000000000000e+00 0.000000000000000000e+00
1.000000000000000000e+06 2.932895974181499810e+01 1.801913399018940538e+02 1.458135782146108852e+02 1.291910731496227811e+02 4.922632033366726034e+01 5.506478973396781385e+01 0.000000000000000000e+00 0.000000000000000000e+00 5.928665891179117908e-01 6.916996693691511711e-01 2.551364389536070476e-01 0.000000000000000000e+00 0.000000000000000000e+00
1.000000000000000000e+06 4.863899412416479606e+01 1.817979453541565817e+02 1.014094496682373006e+02 8.782287611120456461e+01 4.292198499066199702e+01 7.282277590845879445e+01 0.000000000000000000e+00 0.000000000000000000e+00 9.097239021370109313e-01 4.412929712176936747e-01 1.612220414601684970e-01 0.000000000000000000e+00 0.000000000000000000e+00
1.000000000000000000e+06 4.092532929230068817e+01 1.611995817025583335e+02 1.774185072219934227e+02 6.454025668263001592e+01 2.671199805807179928e+01 4.893796671521126029e+01 0.000000000000000000e+00 0.000000000000000000e+00 7.284654942423041124e-01 4.377361546160366546e-01 1.487117891241242218e-01 0.000000000000000000e+00 0.000000000000000000e+00
1.000000000000000000e+06 1.643803580853347626e+02 8.243080648794322940e+01 4.936700354162694993e+01 6.406946413749014368e+01 5.060191015822240956e+01 3.252499990207408587e+01 0.000000000000000000e+00 0.000000000000000000e+00 4.667090538797010746e-01 5.735572170167138051e-01 3.380238870258061024e-01 0.000000000000000000e+00 0.000000000000000000e+00
1.000000000000000000e+06 6.252482312408446319e+00 4.386195756527216361e+01 1.628314184416916888e+01 1.076865524932179028e+02 8.547989709141008063e+01 8.869801070062426618e+01 0.000000000000000000e+00 0.000000000000000000e+00 3.965621206561641410e-01 5.696347580987310977e-01 2.187636671430301383e-01 0.000000000000000000e+00 0.000000000000000000e+00
1.000000000000000000e+06 7.550483804595229742e+01 1.288007067169511970e+02 2.392602462833235322e+01 7.215071478812399164e+01 9.239490404393939116e+01 1.275825262942259428e+02 0.000000000000000000e+00 0.000000000000000000e+00 4.335523716255749171e-01 3.762517192699484925e-01 1.733145343624144241e-01 0.000000000000000000e+00 0.000000000000000000e+00
1.000000000000000000e+06 1.424592345362925698e+02 1.265377029628617578e+02 2.639173841109231589e+01 9.962098531652381439e+01 1.593719277612604124e+01 1.038305900789139571e+02 0.000000000000000000e+00 0.000000000000000000e+00 3.243771451274514162e-01 6.564616997394951969e-01 1.908392452695873986e-01 0.000000000000000000e+00 0.000000000000000000e+00
1.000000000000000000e+06 1.201083802205448308e+02 2.358846645623710003e+01 7.541848770841789928e+01 1.055128765447076944e+02 5.058552351190758145e+01 7.931331688726199047e+01 0.000000000000000000e+00 0.000000000000000000e+00 7.071978712352816610e-01 4.523373970480668582e-01 2.446089810581043023e-01 0.000000000000000000e+00 0.000000000000000000e+00
1.000000000000000000e+06 8.673009714049271679e+01 1.973338573756058167e+01 9.412757027523277031e+01 6.684689582386124584e+01 7.581925369804018544e+01 1.192250074592618745e+02 0.000000000000000000e+00 0.000000000000000000e+00 5.808766373545327655e-01 4.465202659610437164e-01 2.431098395584477267e-01 0.000000000000000000e+00 0.000000000000000000e+00
1.000000000000000000e+06 2.509494086502946431e+01 4.919240707667669454e+01 3.945631060744733531e+01 9.599040469572109657e+00 3.714292231460413518e+01 3.950912698652927446e+01 0.000000000000000000e+00 0.000000000000000000e+00 4.034650135935036186e-01 2.493237617641622383e-01 2.878284140562499260e-01 0.000000000000000000e+00 0.000000000000000000e+00
1.000000000000000000e+06 8.294302815543980500e+01 8.534283537784268958e+00 1.974820352500017293e+02 1.101673274061735270e+02 5.331880779876719600e+01 7.894141751060467982e+01 0.000000000000000000e+00 0.000000000000000000e+00 5.975091275487398601e-01 6.960481581092490266e-01 2.329225320492293583e-01 0.000000000000000000e+00 0.000000000000000000e+00
1.000000000000000000e+06 1.227855882147088629e+01 5.534264008253065015e+01 1.249937824222673015e+02 1.725737920565855461e+02 5.910237565351726374e+01 2.884027377780906676e+01 0.000000000000000000e+00 0.000000000000000000e+00 1.398157945397514590e-01 7.803295659846294363e-01 2.316350580538967252e-01 0.000000000000000000e+00 0.000000000000000000e+00
1.000000000000000000e+06 1.240440442706898807e+02 1.422310383117320143e+01 1.613114455459287342e+02 1.407394401601247012e+02 4.540618706811613237e+01 7.250581089979156957e+01 0.000000000000000000e+00 0.000000000000000000e+00 2.236799507116637442e-01 4.149728473695370456e-01 2.448274817398314873e-01 0.000000000000000000e+00 0.000000000000000000e+00
1.000000000000000000e+06 4.993104711523528749e+01 1.026098596414801420e+02 8.170706045958240793e+01 5.954037132024450329e+01 3.552656985656270194e+01 8.797278861161910868e+01 0.000000000000000000e+00 0.000000000000000000e+00 8.648447236655656400e-01 4.449552173187300008e-01 1.651862151941334012e-01 0.000000000000000000e+00 0.000000000000000000e+00
1.000000000000000000e+06 1.191426138667266201e+02 8.825781602359074896e+01 6.640469670658703194e+00 1.037394895689100736e+02 3.623247190210590674e+01 4.972592782916090925e+01 0.000000000000000000e+00 0.000000000000000000e+00 5.574669563484598855e-01 9.439337420723695748e-01 2.334832131274953149e-01 0.000000000000000000e+00 0.000000000000000000e+00
1.000000000000000000e+06 1.894826257540738652e+02 9.978324321812971220e+01 3.616610555352836798e+01 8.220991876875882554e+01 2.549580631727828006e+01 7.667734513599322099e+01 0.000000000000000000e+00 0.000000000000000000e+00 6.288112299979603526e-01 2.766188426164368774e-01 1.941962899759252237e-01 0.000000000000000000e+00 0.000000000000000000e+00
1.000000000000000000e+06 9.861670284837754252e+01 7.244514068384951599e+01 1.494512948172775282e+02 7.563393135327412153e+01 1.366378520871625035e+00 1.192555377891373922e+02 0.000000000000000000e+00 0.000000000000000000e+00 8.320640812738629988e-01 4.201763708963069943e-01 1.948670163923786613e-01 0.000000000000000000e+00 0.000000000000000000e+00
1.000000000000000000e+06 1.341666277059366621e+02 1.850081747834533417e+02 1.224133422316024848e+02 6.382465010791076310e+01 2.991556343451899380e+01 8.522056215229319776e+01 0.000000000000000000e+00 0.000000000000000000e+00 5.187143946577134068e-01 2.653118775058213030e-01 1.319450886316987370e-01 0.000000000000000000e+00 0.000000000000000000e+00
1.000000000000000000e+06 4.107057367323162822e+01 1.447556851596491185e+02 1.853124923771624708e+02 5.525306217038449574e+01 7.442454235767641535e+01 9.236757017317574991e+01 0.000000000000000000e+00 0.000000000000000000e+00 7.876931226435918143e-01 4.135089624532132246e-01 2.261979526666769158e-01 0.000000000000000000e+00 0.000000000000000000e+00
1.000000000000000000e+06 1.653720256256767129e+02 5.032171062735632461e+01 6.616372079780057902e+01 8.516975862061771352e+01 5.035182434987977018e+01 3.178504209621717536e+01 0.000000000000000000e+00 0.000000000000000000e+00 6.296579987674911782e-01 3.758090195702928349e-01 2.299097086075748697e-01 0.000000000000000000e+00 0.000000000000000000e+00
1.000000000000000000e+06 4.819686915690402174e+01 9.175323338530228057e+01 1.946656259454351812e+02 4.831587443990969177e+01 9.862110643974897783e+00 7.023407161647760688e+01 0.000000000000000000e+00 0.000000000000000000e+00 8.586783135609393769e-01 4.377917956751572470e-01 2.415930491041947958e-01 0.000000000000000000e+00 0.000000000000000000e+00
1.000000000000000000e+06 1.710372882184771868e+02 1.302023864110387024e+02 1.826314268881795044e+02 7.688970136527622401e+01 4.125746036017161344e+01 6.617796475015697411e+01 0.000000000000000000e+00 0.000000000000000000e+00 5.136867447278239407e-01 6.564010240039390709e-01 2.150911399190908457e-01 0.000000000000000000e+00 0.000000000000000000e+00
1.000000000000000000e+06 1.017675588730452496e+01 1.213578275595487810e+02 9.512877581781181391e+01 1.116180331867270468e+02 2.139678893961658446e+01 7.828890626773767281e+01 0.000000000000000000e+00 0.000000000000000000e+00 8.415709976226467548e-01 6.015642026571847989e-01 2.548530570502706705e-01 0.000000000000000000e+00 0.000000000000000000e+00
1.000000000000000000e+06 6.522548277390116667e+00 2.183493768395041812e+01 1.066026996915730365e+02 9.705556139518971293e+01 4.245953150951741861e+01 9.560488865353396193e+01 0.000000000000000000e+00 0.000000000000000000e+00 7.245605628771634166e-02 4.060056557835657332e-01 2.060648066121620881e-01 0.000000000000000000e+00 0.000000000000000000e+00
1.000000000000000000e+06 7.431997246841159921e+00 1.083945722749516847e+02 8.903102134255729538e+01 4.398172208588793097e+01 1.295625562483372164e+02 6.693600293086690556e+01 0.000000000000000000e+00 0.000000000000000000e+00 5.303070878245415010e-01 2.303121355140425874e-01 1.156499635231856837e-01 0.000000000000000000e+00 0.000000000000000000e+00
1.000000000000000000e+06 1.096371027065690100e+02 2.422319041449694055e+01 4.337445362881371125e+01 3.620689764745815609e+01 4.170299988030969729e+01 5.351546216909059694e+01 0.000000000000000000e+00 0.000000000000000000e+00 3.646100171382167243e-01 3.315961632179068030e-01 2.241129444686011385e-01 0.000000000000000000e+00 0.000000000000000000e+00
1.000000000000000000e+06 1.735043189390296163e+02 1.293713791089705296e+02 1.302768572241159859e+02 1.026096316940988373e+02 4.428313605964666522e+01 7.049366762166002331e+01 0.000000000000000000e+00 0.000000000000000000e+00 6.561583930683038135e-01 4.522231043442208609e-01 1.751202811517210689e-01 0.000000000000000000e+00 0.000000000000000000e+00
1.000000000000000000e+06 3.866151678014456650e+01 1.789854894607616416e+02 1.349915529899192563e+02 9.022626786161953305e+01 6.657173053389014683e+01 1.124951122751306798e+02 0.000000000000000000e+00 0.000000000000000000e+00 9.932045697675790930e-01 5.750805390859993205e-01 2.405020434525481920e-01 0.000000000000000000e+00 0.000000000000000000e+00
1.000000000000000000e+06 9.599633936129188783e+01 1.748833634061795976e+02 1.308101395646203002e+02 8.825270211461241843e+01 2.538921612533310679e+01 7.116587198945379100e+01 0.000000000000000000e+00 0.000000000000000000e+00 5.224465729870236830e-01 4.973783456784615642e-01 2.881883371878669053e-01 0.000000000000000000e+00 0.000000000000000000e+00
1.000000000000000000e+06 1.353483447438611904e+02 1.971682487330387232e+02 9.000697793645969114e+01 1.234288995588473057e+02 6.558878707630954352e+01 8.060685311564571975e+01 0.000000000000000000e+00 0.000000000000000000e+00 5.641851268666955299e-01 2.526311280407164128e-01 1.581917238858402408e-01 0.000000000000000000e+00 0.000000000000000000e+00
1.000000000000000000e+06 1.055006072467747202e+02 3.157907778391646403e+01 2.657925865147994315e+01 1.178500112042079877e+02 5.694759976045182981e+01 4.291147430839679089e+01 0.000000000000000000e+00 0.000000000000000000e+00 1.382155716365525144e-01 7.479802047777190932e-01 2.268161128101208179e-01 0.000000000000000000e+00 0.000000000000000000e+00
1.000000000000000000e+06 1.321494958617608404e+02 6.798543093352581934e+01 1.089231536200299217e+02 7.517133914460147537e+01 6.469943791258384636e+01 6.738862915941527376e+01 0.000000000000000000e+00 0.000000000000000000e+00 9.889496065566124594e-01 4.327336612711735753e-01 2.002602361455743107e-01 0.000000000000000000e+00 0.000000000000000000e+00
1.000000000000000000e+06 1.639830380748888388e+02 1.791167861737109774e+02 1.118220845654898028e+02 6.803404737844262229e+01 7.139226528311745312e+01 1.422826230232165301e+01 0.000000000000000000e+00 0.000000000000000000e+00 4.968215120158188669e-01 4.578712093842942643e-01 2.004288218778733921e-01 0.000000000000000000e+00 0.000000000000000000e+00
