280	1.0002948300684935	-1.6935665801577744e-21
285	1.0002939365753425	-8.467840464516316e-21
290	1.0002930904246576	1.862926478046904e-20
295	1.0002923448767123	-1.0161424726592687e-20
300	1.000291599328767	-3.3871441000711833e-21
305	1.0002909000821918	5.0807197017469704e-21
310	1.0002902702876713	2.0322891602511435e-20
315	1.0002896404931505	-1.0161452199025553e-20
320	1.000289054917808	-1.016145814760194e-20
325	1.0002885172465752	5.927520438904051e-21
330	1.0002879795753423	0.0
335	1.0002874837123286	0.0
340	1.00028702069863	0.0
345	1.0002865576849311	0.0
350	1.0002861336849316	0.0
355	1.0002857316301372	0.0
360	1.0002853295753424	0.0
365	1.0002849640136986	0.0
370	1.0002846126438356	0.0
375	1.0002842612739726	0.0
380	1.0002839433287671	0.0
385	1.000283633739726	0.0
390	1.000283324150685	0.0
395	1.0002830462054795	0.0
400	1.0002827725753425	0.0
405	1.0002824989452055	0.0
410	1.0002822542465755	0.0
415	1.0002820107534247	0.0
420	1.0002817682876712	0.0
425	1.0002815504794522	0.0
430	1.000281332671233	0.0
435	1.0002811175342468	0.0
440	1.0002809219863014	0.0
445	1.0002807264383562	0.0
450	1.0002805347945205	0.0
455	1.0002803587671234	0.0
460	1.000280182739726	0.0
465	1.0002800113150685	0.0
470	1.0002798517260274	0.0
475	1.0002796921369863	0.0
480	1.0002795379726028	0.0
485	1.0002793934520549	0.0
490	1.0002792489315069	0.0
495	1.0002791099863013	0.0
500	1.0002789781369863	0.0
505	1.0002788462876713	0.0
510	1.0002787204931507	0.0
515	1.0002786002876711	0.0
520	1.0002784800821918	0.0
525	1.0002783658356165	0.0
530	1.0002782555616438	0.0
535	1.0002781452876712	0.0
540	1.000278041068493	0.0
545	1.0002779396986299	0.0
550	1.0002778383287672	0.0
555	1.0002777432054795	0.0
560	1.0002776500547945	0.0
565	1.0002775569041096	0.0
570	1.0002774697945205	0.0
575	1.0002773838356167	0.0
580	1.000277297876712	0.0
585	1.0002772179041095	0.0
590	1.0002771384520548	0.0
595	1.000277059	0.0
600	1.000276985369863	0.0
605	1.000276911739726	0.0
610	1.000276838520548	0.0
615	1.0002767700273973	0.0
620	1.0002767015342466	0.0
625	1.000276633808219	0.0
630	1.000276570109589	0.0
635	1.0002765064109589	0.0
640	1.000276443780822	0.0
645	1.0002763845342466	0.0
650	1.0002763252876712	0.0
655	1.0002762672465753	0.0
660	1.0002762117671233	0.0
665	1.0002761562876712	0.0
670	1.0002761023150684	0.0
675	1.0002760506027397	0.0
680	1.000275998890411	0.0
685	1.000275948821918	0.0
690	1.0002759005342463	0.0
695	1.0002758522465753	0.0
700	1.0002758054931506	0.0
705	1.0002757599452055	0.0
710	1.0002757143972603	0.0
715	1.0002756706027398	0.0
720	1.0002756277945206	0.0
725	1.0002755849863012	0.0
730	1.000275544150685	0.0
735	1.0002755040821918	0.0
740	1.0002754640136986	0.0
745	1.000275425863014	0.0
750	1.0002753881917807	0.0
755	1.000275350520548	0.0
760	1.0002753146575343	0.0
765	1.000275279041096	0.0
770	1.0002752434246576	0.0
775	1.0002752097808219	0.0
780	1.000275176219178	0.0
785	1.0002751427260272	0.0
790	1.0002751108767123	0.0
795	1.0002750790273973	0.0
800	1.0002750474246576	0.0
805	1.000275017630137	0.0
810	1.0002749878356163	0.0
815	1.0002749583150685	0.0
820	1.000274929890411	0.0
825	1.0002749014657533	0.0
830	1.0002748734246576	0.0
835	1.000274846369863	0.0
840	1.0002748193150686	0.0
845	1.0002747928767124	0.0
850	1.0002747675342465	0.0
855	1.0002747421917808	0.0
860	1.0002747173013697	0.0
865	1.0002746929863013	0.0
870	1.000274668671233	0.0
875	1.0002746450684932	0.0
880	1.0002746221232877	0.0
885	1.0002745991780824	0.0
890	1.000274576849315	0.0
895	1.0002745549315069	0.0
900	1.0002745330136988	0.0
905	1.0002745117945206	0.0
910	1.0002744909041097	0.0
915	1.0002744700136985	0.0
920	1.0002744499041096	0.0
925	1.000274430041096	0.0
930	1.0002744101780823	0.0
935	1.0002743911780823	0.0
940	1.0002743723424656	0.0
945	1.0002743535068492	0.0
950	1.0002743353013699	0.0
955	1.000274317150685	0.0
960	1.000274299	0.0
965	1.0002742818767123	0.0
970	1.0002742647534246	0.0
975	1.0002742476575344	0.0
980	1.0002742308767123	0.0
985	1.0002742140958905	0.0
990	1.0002741975135134	0.0
995	1.000274181972973	0.0
1000	1.0002741664324324	0.0
1005	1.0002741509285713	0.0
1010	1.0002741355714286	0.0
1015	1.0002741202142857	0.0
1020	1.0002741052666668	0.0
1025	1.0002740909333332	0.0
1030	1.0002740766	0.0
1035	1.0002740625333333	0.0
1040	1.0002740488666666	0.0
1045	1.0002740352	0.0
1050	1.0002740217142856	0.0
1055	1.0002740085	0.0
1060	1.0002739952857143	0.0
1065	1.0002739822	0.0
1070	1.0002739692	0.0
1075	1.0002739562	0.0
1080	1.0002739437142858	0.0
1085	1.0002739315714286	0.0
1090	1.0002739194285712	0.0
1095	1.0002739076666665	0.0
1100	1.000273896	0.0
1105	1.0002738843333334	0.0
1110	1.0002738729333331	0.0
1115	1.0002738616	0.0
1120	1.0002738502666666	0.0
1125	1.0002738394285715	0.0
1130	1.0002738287142856	0.0
1135	1.000273818	0.0
1140	1.0002738076666666	0.0
1145	1.0002737973333333	0.0
1150	1.000273787	0.0
1155	1.000273777	0.0
1160	1.000273767	0.0
1165	1.0002737570666667	0.0
1170	1.0002737473999999	0.0
1175	1.0002737377333333	0.0
1180	1.0002737281333334	0.0
1185	1.0002737188000002	0.0
1190	1.0002737094666667	0.0
1195	1.0002737002142859	0.0
1200	1.0002736912857144	0.0
1205	1.000273682357143	0.0
1210	1.0002736735333333	0.0
1215	1.0002736648666668	0.0
1220	1.0002736562000003	0.0
1225	1.000273647571429	0.0
1230	1.000273639	0.0
1235	1.0002736304285715	0.0
1240	1.0002736222000002	0.0
1245	1.0002736142	0.0
1250	1.0002736062	0.0
1255	1.0002735984	0.0
1260	1.0002735907333333	0.0
1265	1.0002735830666667	0.0
1270	1.0002735755	0.0
1275	1.0002735680000001	0.0
1280	1.0002735605	0.0
1285	1.0002735531333333	0.0
1290	1.0002735458	0.0
1295	1.0002735384666666	0.0
1300	1.0002735315714286	0.0
1305	1.0002735247857142	0.0
1310	1.000273518	0.0
1315	1.000273511	0.0
1320	1.000273504	0.0
1325	1.000273497	0.0
1330	1.0002734906666666	0.0
1335	1.0002734843333334	0.0
1340	1.000273478	0.0
1345	1.0002734715714285	0.0
1350	1.000273465142857	0.0
1355	1.0002734588	0.0
1360	1.0002734528	0.0
1365	1.0002734467999999	0.0
1370	1.0002734407857141	0.0
1375	1.0002734347142856	0.0
1380	1.000273428642857	0.0
1385	1.0002734227333334	0.0
1390	1.0002734170666667	0.0
1395	1.0002734114	0.0
1400	1.0002734057333333	0.0
1405	1.0002734000666667	0.0
1410	1.0002733944	0.0
1415	1.0002733888571427	0.0
1420	1.0002733834999997	0.0
1425	1.0002733781428572	0.0
1430	1.0002733728	0.0
1435	1.0002733674666666	0.0
1440	1.0002733621333335	0.0
1445	1.000273357	0.0
1450	1.000273352	0.0
1455	1.000273347	0.0
1460	1.000273342	0.0
1465	1.0002733369999999	0.0
1470	1.0002733320000001	0.0
1475	1.0002733272666666	0.0
1480	1.0002733226	0.0
1485	1.0002733179333334	0.0
1490	1.0002733132857142	0.0
1495	1.0002733086428572	0.0
1500	1.000273304	0.0
1505	1.0002732993333334	0.0
1510	1.0002732946666666	0.0
1515	1.00027329	0.0
1520	1.0002732857142858	0.0
1525	1.0002732814285715	0.0
1530	1.0002732771333334	0.0
1535	1.0002732728000001	0.0
1540	1.0002732684666666	0.0
1545	1.0002732641999998	0.0
1550	1.0002732602	0.0
1555	1.0002732562	0.0
1560	1.0002732522142856	0.0
1565	1.0002732482857144	0.0
1570	1.0002732443571427	0.0
1575	1.0002732404	0.0
1580	1.0002732364000002	0.0
1585	1.0002732323999999	0.0
1590	1.0002732284285714	0.0
1595	1.0002732245	0.0
1600	1.0002732205714286	0.0
1605	1.0002732168000001	0.0
1610	1.0002732131333334	0.0
1615	1.0002732094666666	0.0
1620	1.0002732058000001	0.0
1625	1.0002732021333334	0.0
1630	1.0002731984666666	0.0
1635	1.0002731950714285	0.0
1640	1.0002731918571428	0.0
1645	1.000273188642857	0.0
1650	1.0002731850666666	0.0
1655	1.0002731813999997	0.0
1660	1.0002731777333334	0.0
1665	1.0002731744285713	0.0
1670	1.0002731712142858	0.0
1675	1.000273168	0.0
1680	1.0002731646666667	0.0
1685	1.0002731613333333	0.0
1690	1.000273158	0.0
1695	1.0002731546666666	0.0
1700	1.0002731513333332	0.0
1705	1.0002731479999998	0.0
1710	1.0002731446666662	0.0
1715	1.000273141333333	0.0
1720	1.0002731379999996	0.0
1725	1.0002731346666662	0.0
1730	1.0002731313333328	0.0
1735	1.0002731279999995	0.0
1740	1.000273124666666	0.0
1745	1.0002731213333327	0.0
1750	1.000273117999999	0.0
1755	1.000273114666666	0.0
1760	1.0002731113333325	0.0
1765	1.0002731079999991	0.0
1770	1.0002731046666657	0.0
1775	1.0002731013333324	0.0
1780	1.000273097999999	0.0
1785	1.0002730946666656	0.0
1790	1.0002730913333322	0.0
1795	1.0002730879999988	0.0
1800	1.0002730846666654	0.0
1805	1.000273081333332	0.0
1810	1.0002730779999986	0.0
1815	1.0002730746666653	0.0
1820	1.0002730713333319	0.0
1825	1.0002730679999985	0.0
1830	1.000273064666665	0.0
1835	1.0002730613333317	0.0
1840	1.0002730579999983	0.0
1845	1.000273054666665	0.0
1850	1.0002730513333316	0.0
1855	1.0002730479999982	0.0
1860	1.0002730446666648	0.0
1865	1.0002730413333314	0.0
1870	1.000273037999998	0.0
1875	1.0002730346666646	0.0
1880	1.0002730313333312	0.0
1885	1.0002730279999978	0.0
1890	1.0002730246666645	0.0
1895	1.000273021333331	0.0
1900	1.0002730179999977	0.0
1905	1.0002730146666643	0.0
1910	1.000273011333331	0.0
1915	1.0002730079999975	0.0
1920	1.0002730046666641	0.0
1925	1.0002730013333307	0.0
1930	1.0002729979999974	0.0
1935	1.000272994666664	0.0
1940	1.0002729913333306	0.0
1945	1.0002729879999972	0.0
1950	1.000272984666664	0.0
1955	1.0002729813333304	0.0
1960	1.000272977999997	0.0
1965	1.0002729746666637	0.0
1970	1.0002729713333303	0.0
1975	1.0002729679999969	0.0
1980	1.0002729646666637	0.0
1985	1.00027296133333	0.0
1990	1.0002729579999967	0.0
1995	1.0002729546666633	0.0
2000	1.00027295133333	0.0
2005	1.0002729479999966	0.0
2010	1.0002729446666632	0.0
2015	1.0002729413333298	0.0
2020	1.0002729379999964	0.0
2025	1.000272934666663	0.0
2030	1.0002729313333296	0.0
2035	1.0002729279999962	0.0
2040	1.0002729246666628	0.0
2045	1.0002729213333295	0.0
2050	1.0002729179999963	0.0
2055	1.0002729146666627	0.0
2060	1.0002729113333293	0.0
2065	1.000272907999996	0.0
2070	1.0002729046666625	0.0
2075	1.0002729013333291	0.0
2080	1.0002728979999957	0.0
2085	1.0002728946666624	0.0
2090	1.000272891333329	0.0
2095	1.0002728879999956	0.0
2100	1.0002728846666622	0.0
2105	1.0002728813333288	0.0
2110	1.0002728779999954	0.0
2115	1.000272874666662	0.0
2120	1.0002728713333284	0.0
2125	1.0002728679999953	0.0
2130	1.0002728646666619	0.0
2135	1.0002728613333285	0.0
2140	1.000272857999995	0.0
2145	1.0002728546666617	0.0
2150	1.0002728513333283	0.0
2155	1.000272847999995	0.0
2160	1.0002728446666616	0.0
2165	1.0002728413333282	0.0
2170	1.0002728379999948	0.0
2175	1.0002728346666614	0.0
2180	1.000272831333328	0.0
2185	1.0002728279999946	0.0
2190	1.0002728246666612	0.0
2195	1.0002728213333278	0.0
2200	1.0002728179999945	0.0
2205	1.000272814666661	0.0
2210	1.0002728113333277	0.0
2215	1.0002728079999943	0.0
2220	1.000272804666661	0.0
2225	1.0002728013333275	0.0
2230	1.0002727979999941	0.0
2235	1.0002727946666607	0.0
2240	1.0002727913333274	0.0
2245	1.000272787999994	0.0
2250	1.0002727846666606	0.0
2255	1.0002727813333272	0.0
2260	1.0002727779999938	0.0
2265	1.0002727746666604	0.0
2270	1.000272771333327	0.0
2275	1.0002727679999937	0.0
2280	1.0002727646666603	0.0
2285	1.0002727613333269	0.0
2290	1.0002727579999937	0.0
2295	1.00027275466666	0.0
2300	1.0002727513333267	0.0
2305	1.0002727479999933	0.0
2310	1.00027274466666	0.0
2315	1.0002727413333266	0.0
2320	1.0002727379999932	0.0
2325	1.0002727346666598	0.0
2330	1.0002727313333264	0.0
2335	1.000272727999993	0.0
2340	1.0002727246666596	0.0
2345	1.0002727213333265	0.0
2350	1.0002727179999928	0.0
2355	1.0002727146666595	0.0
2360	1.000272711333326	0.0
2365	1.0002727079999927	0.0
2370	1.0002727046666593	0.0
2375	1.000272701333326	0.0
2380	1.0002726979999925	0.0
2385	1.0002726946666591	0.0
2390	1.0002726913333257	0.0
2395	1.0002726879999924	0.0
2400	1.000272684666659	0.0
2405	1.0002726813333256	0.0
2410	1.0002726779999922	0.0
2415	1.0002726746666588	0.0
2420	1.0002726713333254	0.0
2425	1.000272667999992	0.0
2430	1.0002726646666587	0.0
2435	1.0002726613333253	0.0
2440	1.0002726579999919	0.0
2445	1.0002726546666585	0.0
2450	1.000272651333325	0.0
2455	1.0002726479999917	0.0
2460	1.0002726446666583	0.0
2465	1.000272641333325	0.0
2470	1.0002726379999913	0.0
2475	1.0002726346666582	0.0
2480	1.0002726313333248	0.0
2485	1.0002726279999914	0.0
2490	1.000272624666658	0.0
2495	1.0002726213333246	0.0
2500	1.000272617999991	0.0
2550	1.0002725846666571	3.3872084879206233e-21
2600	1.0002725513333235	1.0161625802390428e-20
2650	1.0002725179999896	-4.91510229117422e-21
2700	1.0002724846666557	5.0808132398238084e-21
2750	1.0002724513333219	1.6936044697127075e-21
2800	1.000272417999988	8.892565769538348e-21
2850	1.0002723846666541	-1.1636191506894346e-20
2900	1.0002723513333203	-1.3548837112216354e-20
2950	1.0002723179999864	8.46802347732582e-21
3000	1.0002722846666525	2.70976760304526e-20
3050	1.0002722513333187	-2.2016862508438393e-20
3100	1.000272217999985	1.6936048647795456e-20
3150	1.000272184666651	1.3548839369741445e-20
3200	1.000272151333317	2.540407466483729e-20
3250	1.0002721179999832	-2.7097680545503386e-20
3300	1.0002720846666495	1.3548840724256858e-20
3350	1.0002720513333154	-1.354884117576206e-20
3400	1.0002720179999816	-1.354884162726729e-20
3450	1.0002719846666477	0.0
3500	1.000271951333314	-2.709768506055567e-20
3550	1.00027191799998	-4.064652894534947e-20
3600	1.0002718846666458	0.0
3650	1.0002718513333122	2.709768776958777e-20
3700	1.000271817999978	0.0
3750	1.0002717846666445	-2.7097689575609467e-20
3800	1.0002717513333108	0.0
3850	1.0002717179999767	5.4195382763262815e-20
3900	1.0002716846666428	-5.4195384569284933e-20
3950	1.0002716513333088	-5.4195386375307183e-20
4000	1.000271617999975	-2.7097694090664768e-20
4050	1.0002715846666412	0.0
4100	1.0002715513333074	2.7097695896687307e-20
4150	1.0002715179999733	-8.129309039909603e-20
4200	1.0002714846666396	2.709769770271009e-20
4250	1.0002714513333057	-2.709769860572157e-20
4300	1.000271417999972	0.0
4350	1.000271384666638	-2.7097700411744714e-20
4400	1.000271351333304	1.354885065737819e-19
4450	1.0002713179999703	0.0
4500	1.0002712846666364	-1.0839081248311951e-19
4550	1.0002712513333025	0.0
4600	1.0002712179999687	1.0839081970721449e-19
4650	1.0002711846666348	0.0
4700	1.000271151333301	-5.419541346565521e-20
4750	1.000271117999967	0.0
4800	1.0002710846666334	-5.4195417077703655e-20
4850	1.0002710513332993	0.0
4900	1.0002710179999652	5.419542068975261e-20
4950	1.0002709846666316	1.083908449915545e-19
5000	1.0002709513332977	5.4195424301802015e-20
5050	1.0002709179999638	-5.41954261078269e-20
5100	1.0002708846666297	0.0
5150	1.000270851333296	-1.6258628915963112e-19
5200	1.0002708179999624	0.0
5250	1.0002707846666286	0.0
5300	1.0002707513332945	-5.4195435137953145e-20
5350	1.0002707179999604	2.7097718471989384e-19
5400	1.000270684666627	-5.4195438750004476e-20
5450	1.0002706513332928	-1.0839088111206067e-19
5500	1.000270617999959	-1.0839088472411261e-19
5550	1.000270584666625	-1.0839088833616481e-19
5600	1.000270551333291	0.0
5650	1.0002705179999574	0.0
5700	1.0002704846666237	-2.1678179834464556e-19
5750	1.0002704513332898	-1.0839090278437592e-19
5800	1.0002704179999558	-1.0839090639642933e-19
5850	1.0002703846666219	-2.167818200169659e-19
5900	1.0002703513332882	0.0
5950	1.0002703179999541	-2.1678183446518188e-19
6000	1.0002702846666205	-1.0839092084464526e-19
6050	1.0002702513332862	1.083909244566999e-19
6100	1.0002702179999525	1.0839092806875471e-19
6150	1.0002701846666182	1.0839093168080983e-19
6200	1.0002701513332848	-1.0839093529286509e-19
6250	1.0002701179999507	0.0
6300	1.0002700846666173	-4.335637700679057e-19
6350	1.000270051333283	0.0
6400	1.0002700179999495	1.0839094974108873e-19
6450	1.0002699846666152	0.0
6500	1.0002699513332816	0.0
6550	1.000269917999948	2.16781921154518e-19
6600	1.0002698846666138	-2.1678192837863252e-19
6650	1.00026985133328	-4.3356387120549494e-19
6700	1.0002698179999459	2.1678194282686298e-19
6750	1.0002697846666122	-4.335639001019577e-19
6800	1.0002697513332783	2.1678195727509524e-19
6850	1.0002697179999447	0.0
6900	1.0002696846666106	-4.33563943446659e-19
6950	1.0002696513332767	-4.335639578948947e-19
7000	1.0002696179999429	-4.3356397234313134e-19
7050	1.000269584666609	-8.671279735827379e-19
7100	1.000269551333275	0.0
7150	1.0002695179999412	0.0
7200	1.0002694846666074	0.0
7250	1.000269451333274	-4.3356404458432887e-19
7300	1.0002694179999396	-8.67128118065143e-19
7350	1.0002693846666058	4.3356407348081492e-19
7400	1.0002693513332719	-1.7342563517162371e-18
7450	1.0002693179999378	2.1678205118865235e-18
7500	1.0002692846666041	0.0
7550	1.0002692513332703	3.4685130501903852e-18
7600	1.0002692179999366	0.0
7650	1.0002691846666025	-1.734256640681182e-18
7700	1.0002691513332689	0.0
7750	1.0002691179999348	6.9370270250687485e-18
7800	1.000269084666601	-3.4685136281203907e-18
7850	1.000269051333267	-1.0405541231119245e-17
7900	1.0002690179999332	-6.937027718584893e-18
7950	1.0002689846665993	-6.937027949756973e-18
8000	1.0002689513332657	-1.3874056361858132e-17
8050	1.0002689179999316	1.3874056824202355e-17
8100	1.0002688846665977	2.7748114573093212e-17
8150	1.0002688513332636	4.1622173246672675e-17
8200	1.0002688179999302	-8.324434926741118e-17
8250	1.000268784666596	0.0
8300	1.000268751333262	5.5496236543695684e-17
8350	1.0002687179999283	5.5496238393073297e-17
8400	1.000268684666595	-2.7748120121225507e-17
8450	1.000268651333261	-1.387406052295722e-16
8500	1.000268617999927	-2.774812197060344e-17
8550	1.0002685846665929	0.0
8600	1.0002685513332588	0.0
8650	1.0002685179999249	-5.5496249489341616e-17
8700	1.0002684846665912	1.1099250267744017e-16
8750	1.0002684513332576	0.0
8800	1.0002684179999235	2.7748127518738712e-17
8850	1.0002683846665896	-4.439700550948502e-16
8900	1.023062903597062	-0.3370001343567005
8950	1.1339300549551212	-0.36553367318692226
9000	1.000268284666588	2.256423495373333e-16
9050	1.3597737161887982	-0.5062908858739786
9100	1.4512257114397515	-0.6165543735126422
9150	1.0002681846665864	1.5261473695361294e-16
9200	1.575025548583067	-0.8696287772170016
9250	1.6156299366721467	-1.0130770091882026
9300	1.0002680846665846	4.1622205148453635e-17
9350	1.000268051333251	1.829057812187844e-17
9400	1.5704814689844293	-1.4756564036838347
9450	1.0002679846665832	-1.1792959304375075e-16
9500	1.000267951333249	3.8153693138544904e-17
9550	1.0002679179999154	2.7748141389086577e-17
9600	1.0002678846665816	-6.017277840327665e-17
9650	1.0002678513332477	5.5496286476934685e-17
9700	1.0002678179999138	1.0405554061184182e-17
9750	1.00026778466658	4.509073576775357e-17
9800	1.000267751333246	3.815370076724106e-17
9850	1.0002677179999122	-5.202777550730552e-18
9900	1.0002676846665786	-5.202777724110061e-18
9950	1.0002676513332445	5.2027778974895835e-18
10000	1.0002676179999106	4.3356483923909306e-17
10050	1.0002675846665767	1.0405556488497323e-17
10100	1.0002675513332429	4.3356486813568484e-18
10150	1.0002675179999092	8.67129765167964e-18
10200	1.0002674846665751	2.6013893821936826e-18
10250	1.0002674513332412	-1.8209726282184346e-17
10300	1.0002674179999074	2.3412506000159514e-17
10350	1.0002673846665735	1.7342597615087243e-17
10400	1.0002673513332396	-8.6712990965096645e-19
10450	1.0002673179999058	1.3006949078213589e-18
10500	1.0002672846665719	-1.7342599348883615e-18
10550	1.0002672513332378	-1.3006949945111866e-17
10600	1.0002672179999041	1.3006950378561041e-18
10650	1.0002671846665703	4.118867757136579e-18
10700	1.0002671513332364	1.734260166061265e-18
10750	1.0002671179999023	5.419563199545315e-19
10800	1.0002670846665687	6.720258591384992e-18
10850	1.0002670513332348	4.3356508486024576e-18
10900	1.0002670179999011	-1.517477847579951e-18
10950	1.000266984666567	3.902086023811833e-18
11000	1.0002669513332332	1.517477948718144e-18
11050	1.0002669179998993	-4.3356514265349866e-19
11100	1.0002668846665654	1.734260628407257e-18
11150	1.0002668513332316	1.7342606862005234e-18
11200	1.0002668179998977	-1.7342607439937935e-18
11250	1.0002667846665638	-4.769217204914436e-18
11300	1.00026675133323	5.636347793636123e-18
11350	1.000266717999896	-2.167826146717034e-18
11400	1.0002666846665622	-1.7342609751669128e-18
11450	1.0002666513332283	-6.503478873600759e-18
11500	1.0002666179998945	5.202783272260487e-18
11550	1.0002665846665606	7.804175168460567e-18
11600	1.0002665513332267	9.538436634870515e-18
11650	1.0002665179998929	6.069914424466895e-18
11700	1.000266484666559	7.804175948670183e-18
11750	1.0002664513332253	-5.202784139160059e-18
11800	1.0002664179998912	1.90768758126467e-17
11850	1.0002663846665574	4.3356537382666414e-18
11900	1.0002663513332235	8.671307765499904e-19
11950	1.0002663179998896	-1.7342616108933085e-17
12000	1.0002662846665558	0.0
12050	1.000266251333222	-5.2027851794399285e-18
12100	1.000266217999888	1.7342617842733158e-17
12150	1.0002661846665541	-6.937047368266636e-18
12200	1.0002661513332203	6.937047599440025e-18
12250	1.0002661179998864	2.081114349184029e-17
12300	1.0002660846665525	-8.671310077233562e-18
12350	1.0002660513332184	2.0706469682828497e-17
12400	1.0002660179998848	1.7342621310334336e-18
12450	1.000265984666551	-1.9076884077094802e-17
12500	1.000265951333217	1.2139835726341194e-17
12550	1.0002659179998832	-8.671311522067724e-18
12600	1.0002658846665493	0.0
12650	1.0002658513332154	-3.2950985980005785e-17
12700	1.0002658179998816	1.3874099822349523e-17
12750	1.0002657846665477	0.0
12800	1.0002657513332138	-2.081115112056568e-17
12850	1.00026571799988	-1.0405575907043224e-17
12900	1.000265684666546	-1.7342627089672718e-17
12950	1.0002656513332122	1.3006970750705075e-17
13000	1.0002656179998783	-4.2489439201575096e-17
13050	1.0002655846665442	3.2950994764602474e-17
13100	1.0002655513332104	1.9944023811620526e-17
13150	1.0002655179998767	-1.5608366981409017e-17
13200	1.0002654846665429	9.538446806502678e-18
13250	1.000265451333209	7.804184010845345e-18
13300	1.0002654179998751	1.1272710613545028e-17
13350	1.0002653846665412	8.671316145540277e-18
13400	1.0002653513332074	-1.82097645124657e-17
13450	1.0002653179998735	-9.538448395822163e-18
13500	1.0002652846665396	-1.9076897427372246e-17
13550	1.0002652513332058	1.820976633295929e-17
13600	1.000265217999872	1.387410814460234e-17
13650	1.000265184666538	-5.202790727606254e-18
13700	1.0002651513332041	-2.601395450493321e-18
13750	1.0002651179998703	3.4685273829113616e-18
13800	1.0002650846665364	1.7342637492491512e-18
13850	1.0002650513332025	-7.804187131691815e-18
13900	1.0002650179998687	-7.804187391762467e-18
13950	1.0002649846665348	-5.636357748546154e-18
14000	1.000264951333201	-3.4685279608461434e-18
14050	1.000264917999867	-6.069924133757965e-18
14100	1.0002648846665332	4.769226264027651e-18
14150	1.0002648513331993	3.902094346057993e-18
14200	1.0002648179998654	-1.3440547639877167e-17
14250	1.0002647846665316	-4.3356606734763973e-19
14300	1.0002647513331977	-1.0839152044900424e-17
14350	1.0002647179998638	-7.804189732399113e-18
14400	1.00026468466653	-8.237756103162713e-18
14450	1.000264651333196	-7.370624127399627e-18
14500	1.0002646179998622	1.083915348973839e-17
14550	1.0002645846665283	-1.0839153850947942e-17
14600	1.0002645513331943	9.538455706698618e-18
14650	1.0002645179998604	1.1272720756301805e-17
14700	1.0002644846665265	2.1678309869153487e-18
14750	1.0002644513331929	9.104890448460567e-18
14800	1.000264417999859	-6.503493394197637e-18
14850	1.0002643846665251	-9.538457296021067e-18
14900	1.0002643513331912	1.7342650207064764e-18
14950	1.0002643179998572	6.937060314000143e-18
15000	1.0002642846665233	3.4685302725871977e-18
15050	1.0002642513331896	3.034964089652539e-18
15100	1.0002642179998558	5.636362068612392e-18
15150	1.000264184666522	8.671326548371551e-18
15200	1.000264151333188	-1.0839158546674305e-17
15250	1.0002641179998542	-2.601398137892206e-18
15300	1.0002640846665203	-6.503495561456463e-18
15350	1.0002640513331864	-6.937062163394587e-18
15400	1.0002640179998525	5.202796795926722e-18
15450	1.0002639846665187	5.202796969307514e-18
15500	1.0002639513331848	7.804195714032478e-18
15550	1.000263917999851	-6.069930202080657e-18
15600	1.000263884666517	-7.804196234174943e-18
15650	1.0002638513331832	-1.083916179756417e-17
15700	1.0002638179998493	1.0405595672423303e-17
15750	1.0002637846665157	-6.9370640127900165e-18
15800	1.0002637513331814	9.538463335451212e-18
15850	1.0002637179998475	9.972030183012359e-18
15900	1.0002636846665138	-9.538463971181143e-18
15950	1.00026365133318	-6.503498378895097e-18
16000	1.000263617999846	-1.2573430618201078e-17
16050	1.0002635846665122	-6.503498812347412e-18
16100	1.0002635513331781	3.902099417444155e-18
16150	1.0002635179998445	8.671332327733045e-18
16200	1.0002634846665106	1.5608398710062377e-17
16250	1.0002634513331767	-8.671332905669617e-18
16300	1.0002634179998429	9.538466514101726e-18
16350	1.000263384666509	-9.538466831966894e-18
16400	1.0002633513331751	-4.7692335749160415e-18
16450	1.0002633179998413	9.538467467697294e-18
16500	1.0002632846665074	-2.601400305153416e-18
16550	1.0002632513331735	6.503500979609849e-18
16600	1.0002632179998394	6.503501196336174e-18
16650	1.0002631846665055	6.937068173933346e-18
16700	1.000263151333172	-9.972035832342922e-18
16750	1.000263117999838	6.069935056747547e-18
16800	1.0002630846665042	-4.76923484637718e-18
16850	1.0002630513331703	-6.937069098632539e-18
16900	1.0002630179998364	-1.0839170827824025e-17
16950	1.0002629846665025	-9.538470646350565e-18
17000	1.0002629513331687	1.0405604688235645e-17
17050	1.0002629179998348	4.335668764582488e-18
17100	1.000262884666501	6.069936472693519e-18
17150	1.000262851333167	9.104905012457353e-18
17200	1.0002628179998332	-4.335669198035452e-18
17250	1.000262784666499	-1.7342677370079174e-18
17300	1.0002627513331654	4.769236435704557e-18
17350	1.0002627179998316	9.25513437547973e-20
17400	1.0002626846664977	7.370638619153883e-18
17450	1.0002626513331638	9.104906832960228e-18
17500	1.00026261799983	-1.2573443188330756e-17
17550	1.0002625846664963	-1.3440577649220716e-17
17600	1.0002625513331622	5.202804424692536e-18
17650	1.0002625179998283	8.237773946950243e-18
17700	1.0002624846664945	-8.237774221470654e-18
17750	1.0002624513331604	1.1272744047145698e-17
17800	1.0002624179998267	6.069939304587445e-18
17850	1.0002623846664929	-1.0839177690831578e-17
17900	1.000262351333159	4.3356712208170974e-18
17950	1.0002623179998251	4.76923850183173e-18
18000	1.0002622846664913	6.503507264679087e-18
18050	1.0002622513331574	6.937074646832884e-18
18100	1.0002622179998235	4.7692389786305626e-18
18150	1.0002621846664896	-7.804209497831228e-18
18200	1.0002621513331558	6.937075340358552e-18
18250	1.000262117999822	6.069941125092079e-18
18300	1.0002620846664878	3.902105139023855e-18
18350	1.0002620513331542	-1.0405614050826537e-17
18400	1.0002620179998203	1.8275566424847287e-18
18450	1.0002619846664864	7.804211058264343e-18
18500	1.0002619513331525	-8.671345909262877e-19
18550	1.0002619179998187	-4.769240409027632e-18
18600	1.0002618846664848	-6.937077189761009e-18
18650	1.000261851333151	5.2028080657022886e-18
18700	1.000261817999817	4.769240885826847e-18
18750	1.0002617846664832	-6.937077883287184e-18
18800	1.0002617513331493	-9.538482407386085e-18
18850	1.0002617179998154	3.9021065694214e-18
18900	1.0002616846664814	7.370645987864343e-18
18950	1.0002616513331477	-8.237781084486899e-18
19000	1.0002616179998136	6.069944159268896e-18
19050	1.00026158466648	8.237781633528692e-18
19100	1.000261551333146	8.237781908049617e-18
19150	1.0002615179998122	6.069944766104623e-18
19200	1.0002614846664781	9.538484950316499e-18
19250	1.0002614513331443	1.344059287789408e-17
19300	1.0002614179998106	9.538485586049312e-18
19350	1.0002613846664767	-4.769242951957875e-18
19400	1.0002613513331429	3.0349728887488853e-18
19450	1.000261317999809	6.503513549760473e-18
19500	1.0002612846664751	-6.069946182055125e-18
19550	1.0002612513331413	-1.3007027966429617e-18
19600	1.0002612179998074	6.0699465866125324e-18
19650	1.0002611846664735	-6.503514416669203e-18
19700	1.0002611513331396	-1.170632634011356e-17
19750	1.0002611179998058	-5.6363795367738345e-18
19800	1.000261084666472	-6.503515066850903e-18
19850	1.000261051333138	1.1706327510440698e-17
19900	1.000261017999804	4.769244700223992e-18
19950	1.0002609846664703	-1.0405625147252372e-17
20000	1.0002609513331364	3.902109560256023e-18
20050	1.0002609179998025	7.370651637219005e-18
20100	1.000260884666469	-1.5174871523500945e-17
20150	1.0002608513331348	-1.3007033167884082e-17
20200	1.000260817999801	5.202813440535523e-18
20250	1.000260784666467	-9.972059426675066e-18
20300	1.0002607513331334	-6.069949418515895e-18
20350	1.000260717999799	6.937085280908354e-18
20400	1.0002606846664652	2.601407067031601e-18
20450	1.0002606513331316	-1.2139900050705349e-17
20500	1.0002606179997977	-1.7342714936090366e-18
20550	1.0002605846664638	5.6363825420598375e-18
20600	1.0002605513331297	7.370654339087342e-18
20650	1.000260517999796	-1.1272765835441628e-17
20700	1.000260484666462	1.0405630348710132e-17
20750	1.0002604513331284	8.23779096725038e-18
20800	1.0002604179997947	-1.3440606762891035e-17
20850	1.0002603846664606	7.804223541751729e-18
20900	1.0002603513331267	5.2028158678832046e-18
20950	1.0002603179997929	7.370656058459131e-18
21000	1.000260284666459	-6.50352026830918e-18
21050	1.0002602513331251	-9.972064743723076e-18
21100	1.000260217999791	4.769248514627237e-18
21150	1.0002601846664574	7.370657040957656e-18
21200	1.0002601513331235	-8.237793437944957e-18
21250	1.0002601179997896	3.4685447210385968e-18
21300	1.0002600846664556	8.671362091566735e-18
21350	1.000260051333122	9.104930499563843e-18
21400	1.000260017999788	6.503522002130455e-18
21450	1.0002599846664542	6.937090366782058e-18
21500	1.0002599513331203	-2.167840811861973e-18
21550	1.0002599179997862	1.3440613481448257e-17
21600	1.0002598846664525	-3.9021137214248634e-18
21650	1.0002598513331187	-8.671364114358961e-18
21700	1.0002598179997848	-7.804227962996421e-18
21750	1.000259784666451	-9.10493292691476e-18
21800	1.000259751333117	-7.370660234079675e-18
21850	1.0002597179997832	-1.0839206587800823e-17
21900	1.0002596846664493	1.1706343504935028e-17
21950	1.0002596513331155	2.601409754454487e-18
22000	1.0002596179997816	-4.335683068576067e-18
22050	1.0002595846664477	-7.804229783510398e-18
22100	1.0002595513331138	-7.370661707829233e-18
22150	1.00025951799978	7.370661953454215e-18
22200	1.000259484666446	8.237798928382652e-18
22250	1.0002594513331122	3.90211541190224e-18
22300	1.0002594179997784	6.069957509682923e-18
22350	1.0002593846664445	-5.2028208959677505e-18
22400	1.0002593513331106	-8.671368448916915e-18
22450	1.0002593179997765	9.538505611676362e-18
22500	1.0002592846664429	6.069958318800813e-18
22550	1.000259251333109	-4.335684657914513e-19
22600	1.0002592179997751	2.6014108814399305e-18
22650	1.0002591846664413	-5.202821936262318e-18
22700	1.0002591513331074	8.237801673604244e-18
22750	1.0002591179997735	7.804233424540899e-18
22800	1.0002590846664396	7.37066514658049e-18
22850	1.0002590513331058	-7.804233944688391e-18
22900	1.0002590179997717	7.804234204762165e-18
22950	1.000258984666438	3.0349800696584257e-18
23000	1.0002589513331042	5.636391745768159e-18
23050	1.0002589179997703	-6.937097764429851e-18
23100	1.0002588846664364	5.636392121430362e-18
23150	1.0002588513331023	5.202823670087523e-18
23200	1.0002588179997687	1.2573490955052755e-17
23250	1.0002587846664348	-5.202824016852701e-18
23300	1.000258751333101	7.804236285352962e-18
23350	1.000258717999767	3.902118272713445e-18
23400	1.0002586846664334	-1.430776747675153e-17
23450	1.000258651333099	2.6014123551916e-18
23500	1.0002586179997655	-1.300706220941463e-18
23550	1.0002585846664316	-8.237806340485151e-18
23600	1.0002585513330977	1.083921923027332e-17
23650	1.0002585179997638	3.4685502692759208e-18
23700	1.00025848466643	-6.503531971620726e-18
23750	1.000258451333096	-5.2028257506792916e-18
23800	1.0002584179997622	6.937101232082686e-18
23850	1.0002583846664284	-1.3874202926519329e-17
23900	1.0002583513330945	-8.671377118045823e-19
23950	1.0002583179997606	-1.3007066110525629e-17
24000	1.0002582846664267	8.237808811188949e-18
24050	1.0002582513330929	-6.5035334887197504e-18
24100	1.000258217999759	8.237809360234438e-18
24150	1.0002581846664251	5.6363960658865125e-18
24200	1.0002581513330913	-4.769258368530527e-18
24250	1.0002581179997574	7.370672269718303e-18
24300	1.0002580846664235	-6.937103543853168e-18
24350	1.0002580513330896	7.370672760969694e-18
24400	1.0002580179997558	1.2139932010863036e-17
24450	1.000257984666422	-7.804242267057689e-18
24500	1.000257951333088	-5.6363973807064555e-18
24550	1.0002579179997542	8.237811830940047e-18
24600	1.0002578846664203	1.3007071745467868e-18
24650	1.0002578513330864	7.370674234724261e-18
24700	1.0002578179997523	9.97208900282658e-18
24750	1.0002577846664187	6.069967421391929e-18
24800	1.0002577513330848	-8.671382319531488e-18
24850	1.000257717999751	4.769260434676703e-18
24900	1.000257684666417	-1.170636691159088e-17
24950	1.0002576513330834	-1.0405659823735645e-17
25000	1.0002576179997493	6.069968432792627e-18
25050	1.0002575846664155	7.804245387950752e-18
25100	1.0002575513330816	-9.104953256029502e-18
25150	1.0002575179997477	-9.104953559449811e-18
25200	1.0002574846664138	9.538523094435388e-18
25250	1.00025745133308	0.0
25300	1.000257417999746	-8.23781594878602e-18
25350	1.0002573846664122	4.769262024021134e-18
25400	1.0002573513330784	0.0
25450	1.0002573179997445	-9.97209398758849e-18
25500	1.0002572846664108	-8.237817046878973e-18
25550	1.0002572513330767	6.937109323286114e-18
25600	1.0002572179997429	4.33569347153977e-18
25650	1.000257184666409	-1.0405664678461748e-17
25700	1.000257151333075	-7.370679392869885e-18
25750	1.0002571179997413	6.069971466996744e-18
25800	1.0002570846664074	-5.202832859380394e-18
25850	1.0002570513330735	4.3356941939696586e-19
25900	1.0002570179997397	4.335694338455665e-18
25950	1.000256984666406	-6.937111172706689e-18
26000	1.000256951333072	-5.63640301565602e-18
26050	1.000256917999738	2.6014168631482457e-18
26100	1.0002568846664042	-4.3356949163997885e-18
26150	1.0002568513330703	-5.6364035791515955e-18
26200	1.0002568179997364	-4.335695205371907e-18
26250	1.0002567846664026	-9.972099304673357e-18
26300	1.0002567513330687	8.237821439253723e-18
26350	1.0002567179997348	3.0349869471811107e-18
26400	1.000256684666401	-8.671391566632522e-18
26450	1.000256651333067	-4.769265520582611e-18
26500	1.0002566179997332	-6.937113715661593e-18
26550	1.0002565846663993	6.069974703484479e-18
26600	1.0002565513330655	-7.804253450269384e-18
26650	1.0002565179997316	-5.636405457470996e-18
26700	1.0002564846663977	-4.335696650233081e-18
26750	1.0002564513330638	3.902127115247326e-18
26800	1.00025641799973	3.034987857443802e-18
26850	1.000256384666396	-6.503545625537431e-18
26900	1.0002563513330622	9.972103624808986e-18
26950	1.0002563179997284	4.335697372664029e-18
27000	1.0002562846663945	-1.3440662303165768e-17
27050	1.0002562513330606	-6.937116258618361e-18
27100	1.0002562179997267	9.97210495408224e-18
27150	1.0002561846663929	3.4685583604871687e-18
27200	1.000256151333059	3.468558476076174e-18
27250	1.0002561179997251	6.9371171833303746e-18
27300	1.0002560846663915	-5.6364078992880875e-18
27350	1.0002560513330574	-5.202838234264856e-18
27400	1.0002560179997235	5.202838407648411e-18
27450	1.0002559846663894	4.769268699279313e-18
27500	1.0002559513330558	3.4685591696103695e-18
27550	1.000255917999722	7.370688481048787e-18
27600	1.000255884666388	2.6014195505913724e-18
27650	1.0002558513330542	1.2573528246868696e-17
27700	1.0002558179997203	-2.766379875192783e-18
27750	1.0002557846663864	-1.3874238990222977e-17
27800	1.0002557513330526	-7.37068970918279e-18
27850	1.0002557179997187	8.237829949493127e-18
27900	1.0002556846663846	6.503550176855742e-18
27950	1.0002556513330507	7.804260472302412e-18
28000	1.000255617999717	6.069980569627295e-18
28050	1.0002555846663832	-9.104971157862426e-18
28100	1.0002555513330493	-4.769270765434439e-18
28150	1.0002555179997155	-6.069981176470302e-18
28200	1.0002554846663816	-4.769271083304618e-18
28250	1.0002554513330475	-5.2028413551706085e-18
28300	1.0002554179997138	-7.804262292831555e-18
28350	1.00025538466638	3.902131276453608e-18
28400	1.000255351333046	7.370692656706067e-18
28450	1.000255317999712	9.538543755960502e-18
28500	1.0002552846663784	9.972114259004943e-18
28550	1.0002552513330445	8.671403992455594e-18
28600	1.0002552179997104	4.769272354785757e-18
28650	1.0002551846663768	5.2028427422410315e-18
28700	1.0002551513330429	6.5035536445311086e-18
28750	1.0002551179997088	7.370694376095735e-18
28800	1.0002550846663751	2.1678513593302633e-18
28850	1.0002550513330413	9.972116585238333e-18
28900	1.0002550179997074	-1.7342812030534743e-18
28950	1.0002549846663735	-9.104976619452588e-18
29000	1.0002549513330397	2.60142197796413e-18
29050	1.0002549179997058	1.300711032328049e-18
29100	1.000254884666372	-2.16785179279006e-18
29150	1.000254851333038	5.202844476080103e-18
29200	1.000254817999704	5.636415036919414e-18
29250	1.0002547846663703	-1.0839260047600115e-17
29300	1.0002547513330364	-4.769274579879379e-18
29350	1.0002547179997026	6.0699860312187304e-18
29400	1.0002546846663687	-9.538549795500131e-18
29450	1.0002546513330348	-2.167852298493375e-18
29500	1.000254617999701	3.902134267326105e-18
29550	1.000254584666367	3.902134397364144e-18
29600	1.0002545513330332	-2.601423018268127e-18
29650	1.0002545179996993	7.370698797387132e-18
29700	1.0002544846663655	-1.040569276660883e-17
29750	1.0002544513330316	8.23784038142348e-18
29800	1.0002544179996975	-2.028004560986066e-18
29850	1.0002543846663638	8.671411505761239e-18
29900	1.0002543513330298	5.202847076840877e-18
29950	1.000254317999696	-1.3440688729747967e-17
30000	1.0002542846663622	-1.040569484721835e-17
