6.117535750834612873e-01
6.117541779289499271e-01
6.117531701038264602e-01
6.117530959575832039e-01
6.117531684867427710e-01
6.117531138249615585e-01
6.117533983608866022e-01
6.117531101975356433e-01
6.117530806869176940e-01
6.117530912880349003e-01
6.117531333952924699e-01
6.117530851525458946e-01
6.117530817259064779e-01
6.117534227452205986e-01
6.117532620338791416e-01
6.117530898080683066e-01
6.117530771844862381e-01
6.117532991118385111e-01
6.117535481040874412e-01
6.117532955288318419e-01
6.117530809079717580e-01
6.117532684025042133e-01
6.117531282691548444e-01
6.117532232672566739e-01
6.117530845413987617e-01
6.117531315475601694e-01
6.117531508161178078e-01
6.117532019283673517e-01
6.117530893827505256e-01
6.117531868300104536e-01
6.117530800828916426e-01
6.117530798259777081e-01
6.117530772831420993e-01
6.117538353512633753e-01
6.117530772006538609e-01
6.117530924764038591e-01
6.117533755232362758e-01
6.117531420536184150e-01
6.117531772976704252e-01
6.117530824936596723e-01
6.117532623218124854e-01
6.117530825156367591e-01
6.117531016741482031e-01
6.117531788486656463e-01
6.117531737339805264e-01
6.117534001784954434e-01
6.117535870712020873e-01
6.117531252508421336e-01
