0.38824642491653866
0.38824582207105
0.38824682989617354
0.38824690404241674
0.3882468315132572
0.38824688617503844
0.3882466016391134
0.38824688980246436
0.3882469193130823
0.38824690871196516
0.38824686660470753
0.38824691484745416
0.3882469182740935
0.38824657725477935
0.38824673796612086
0.38824691019193175
0.38824692281551376
0.3882467008881615
0.3882464518959126
0.3882467044711681
0.38824691909202824
0.3882467315974958
0.3882468717308452
0.38824677673274327
0.3882469154586012
0.38824686845243983
0.38824684918388225
0.3882467980716326
0.3882469106172495
0.38824681316998955
0.3882469199171084
0.3882469201740223
0.3882469227168579
0.3882461646487366
0.38824692279934614
0.38824690752359614
0.3882466244767638
0.3882468579463816
0.3882468227023296
0.3882469175063404
0.38824673767818746
0.3882469174843632
0.3882468983258518
0.3882468211513344
0.3882468262660195
0.38824659982150456
0.3882464129287979
0.3882468747491579
