280	0.4394854639063898	1e-301	0.5605145360936101
285	0.44149344348514896	0.0	0.558506556514851
290	0.4434957404580727	0.0	0.5565042595419273
295	0.44549208081225106	0.0	0.5545079191877489
300	0.4474822213632661	0.0	0.5525177786367339
305	0.44946595197554295	0.0	0.550534048024457
310	0.45144308780228504	0.0	0.548556912197715
315	0.45341345794128424	0.0	0.5465865420587157
320	0.4553769159520826	0.0	0.5446230840479174
325	0.4573333267980509	0.0	0.5426666732019492
330	0.45928256380007104	0.0	0.540717436199929
335	0.4612245161857739	0.0	0.538775483814226
340	0.46315907802645967	0.0	0.5368409219735404
345	0.46508615017836363	0.0	0.5349138498216364
350	0.4670056423696815	0.0	0.5329943576303184
355	0.468917467678022	0.0	0.531082532321978
360	0.4708215451762453	0.0	0.5291784548237547
365	0.47271779753839793	0.0	0.5272822024616021
370	0.4746061522808372	0.0	0.5253938477191629
375	0.47648654173037713	0.0	0.5235134582696228
380	0.47835889816225957	0.0	0.5216411018377405
385	0.4802231616212202	0.0	0.5197768383787797
390	0.4820792751514422	0.0	0.5179207248485578
395	0.4839271792149439	0.0	0.5160728207850561
400	0.48576682562958545	0.0	0.5142331743704145
405	0.48759816690396846	0.0	0.5124018330960316
410	0.48942115149981297	0.0	0.510578848500187
415	0.491235742453356	0.0	0.508764257546644
420	0.4930419007588648	0.0	0.5069580992411352
425	0.49483958362669517	0.0	0.5051604163733048
430	0.4966287640476193	0.0	0.5033712359523808
435	0.49840941101169683	0.0	0.5015905889883032
440	0.5001814913408469	0.0	0.4998185086591531
445	0.5019449865371823	0.0	0.49805501346281766
450	0.5036998734823372	0.0	0.49630012651766275
455	0.5054461284891777	0.0	0.4945538715108223
460	0.507183740912079	0.0	0.49281625908792104
465	0.5089126952215454	0.0	0.49108730477845464
470	0.5106329770469197	0.0	0.4893670229530803
475	0.5123445826987109	0.0	0.48765541730128914
480	0.5140475036296628	0.0	0.4859524963703372
485	0.5157417339744444	0.0	0.48425826602555555
490	0.5174272767443532	0.0	0.4825727232556468
495	0.5191041300995489	0.0	0.4808958699004511
500	0.5207722962037329	0.0	0.4792277037962671
505	0.5224317837602219	0.0	0.4775682162397781
510	0.5240825968671754	0.0	0.4759174031328246
515	0.5257247448814556	0.0	0.4742752551185444
520	0.5273582418977873	0.0	0.47264175810221265
525	0.5289830976477616	0.0	0.47101690235223836
530	0.5305993279121468	0.0	0.4694006720878532
535	0.5322069513738905	0.0	0.4677930486261095
540	0.5338059826983983	0.0	0.4661940173016017
545	0.5353964433503562	0.0	0.4646035566496438
550	0.5369783561745834	0.0	0.46302164382541655
555	0.5385517401363258	0.0	0.4614482598636742
560	0.5401166217312656	0.0	0.4598833782687344
565	0.5416730274739402	0.0	0.4583269725260598
570	0.5432209803202824	0.0	0.45677901967971757
575	0.5447605109829979	0.0	0.45523948901700206
580	0.5462916490997362	0.0	0.45370835090026385
585	0.5478144210195012	0.0	0.4521855789804988
590	0.5493288611212315	0.0	0.45067113887876853
595	0.5508350017556284	0.0	0.4491649982443716
600	0.5523328722629622	0.0	0.44766712773703776
605	0.5538225100670848	0.0	0.44617748993291517
610	0.5553039495693639	0.0	0.4446960504306361
615	0.5567772235092605	0.0	0.4432227764907395
620	0.5582423710021656	0.0	0.44175762899783444
625	0.5596994284321131	0.0	0.44030057156788693
630	0.561148431269778	0.0	0.438851568730222
635	0.5625894201579063	0.0	0.43741057984209375
640	0.5640224331207127	0.0	0.43597756687928735
645	0.5654475079359285	0.0	0.43455249206407154
650	0.566864686444791	0.0	0.43313531355520896
655	0.5682740080780642	0.0	0.43172599192193584
660	0.5696755126043598	0.0	0.4303244873956402
665	0.5710692426314349	0.0	0.4289307573685651
670	0.5724552385947574	0.0	0.42754476140524256
675	0.573833541739232	0.0	0.42616645826076804
680	0.5752041954826789	0.0	0.42479580451732113
685	0.576567241102737	0.0	0.42343275889726295
690	0.5779227210662619	0.0	0.42207727893373814
695	0.5792706792424693	0.0	0.42072932075753067
700	0.5806111576673827	0.0	0.4193888423326173
705	0.581944199701679	0.0	0.418055800298321
710	0.5832698493913205	0.0	0.41673015060867946
715	0.5845881491231881	0.0	0.4154118508768119
720	0.5858991429299923	0.0	0.41410085707000766
725	0.5872028750639401	0.0	0.4127971249360599
730	0.5884993880838237	0.0	0.41150061191617626
735	0.5897887265113274	0.0	0.4102112734886726
740	0.5910709346390548	0.0	0.4089290653609452
745	0.5923460552026021	0.0	0.4076539447973979
750	0.5936141329285387	0.0	0.4063858670714613
755	0.5948752119656522	0.0	0.4051247880343478
760	0.596129335117933	0.0	0.403870664882067
765	0.5973765471143714	0.0	0.4026234528856286
770	0.5986168918688379	0.0	0.40138310813116207
775	0.5998504119753341	0.0	0.40014958802466594
780	0.6010771521646519	0.0	0.39892284783534815
785	0.6022971560101806	0.0	0.39770284398981937
790	0.6035104661085786	0.0	0.3964895338914214
795	0.6047171267613118	0.0	0.39528287323868816
800	0.6059171810963667	0.0	0.3940828189036333
805	0.6071106714061829	0.0	0.3928893285938171
810	0.6082976417098523	0.0	0.39170235829014766
815	0.6094781347404169	0.0	0.3905218652595831
820	0.6106521927969568	0.0	0.3893478072030432
825	0.6118198590620756	0.0	0.3881801409379244
830	0.6129811757612975	0.0	0.3870188242387025
835	0.6141361848458504	0.0	0.3858638151541496
840	0.6152849289356155	0.0	0.3847150710643845
845	0.6164274496280115	0.0	0.38357255037198845
850	0.6175637884179977	0.0	0.38243621158200225
855	0.6186939874269617	0.0	0.3813060125730383
860	0.6198180877816744	0.0	0.38018191221832565
865	0.6209361305848637	0.0	0.37906386941513626
870	0.6220481570904748	0.0	0.3779518429095252
875	0.6231542076985064	0.0	0.3768457923014936
880	0.6242543229896609	0.0	0.3757456770103391
885	0.6253485436274981	0.0	0.37465145637250186
890	0.6264369094303673	0.0	0.37356309056963266
895	0.6275194604044021	0.0	0.3724805395955979
900	0.6285962364302282	0.0	0.3714037635697718
905	0.6296672766301741	0.0	0.3703327233698259
910	0.6307326204155017	0.0	0.3692673795844983
915	0.6317923069445044	0.0	0.3682076930554956
920	0.6328463746233883	0.0	0.36715362537661167
925	0.6338948622450409	0.0	0.3661051377549591
930	0.6349378082288061	0.0	0.3650621917711939
935	0.635975250249603	0.0	0.364024749750397
940	0.6370072264632617	0.0	0.3629927735367383
945	0.6380337745381024	0.0	0.3619662254618976
950	0.6390549315471821	0.0	0.36094506845281793
955	0.6400707348645255	0.0	0.3599292651354745
960	0.6410812213870429	0.0	0.35891877861295707
965	0.6420864272983035	0.0	0.35791357270169655
970	0.6430863894404573	0.0	0.35691361055954274
975	0.6440811439471765	0.0	0.3559188560528235
980	0.6450707265986844	0.0	0.35492927340131564
985	0.646055173189817	0.0	0.353944826810183
990	0.6470345190527201	0.0	0.35296548094727986
995	0.6480087990105861	0.0	0.35199120098941394
1000	0.6489793465264025	0.0	0.35102065347359745
1005	0.6499841614392718	0.0	0.35001583856072815
1010	0.650984487384791	0.0	0.349015512615209
1015	0.6519803473805237	0.0	0.3480196526194763
1020	0.6529717641335755	0.0	0.3470282358664245
1025	0.6539587603501675	0.0	0.34604123964983247
1030	0.6549413589734605	0.0	0.3450586410265395
1035	0.6559195825064926	0.0	0.3440804174935074
1040	0.6568934534179268	0.0	0.3431065465820732
1045	0.6578629942932067	0.0	0.3421370057067933
1050	0.6588282274007837	0.0	0.34117177259921627
1055	0.6597891749544158	0.0	0.3402108250455842
1060	0.6607458592132746	0.0	0.33925414078672544
1065	0.661698302192051	0.0	0.33830169780794905
1070	0.6626465258777204	0.0	0.33735347412227956
1075	0.6635905521794082	0.0	0.3364094478205918
1080	0.6645304026931018	0.0	0.3354695973068982
1085	0.6654660991745882	0.0	0.3345339008254118
1090	0.6663976633449024	0.0	0.33360233665509764
1095	0.6673251165688814	0.0	0.3326748834311186
1100	0.6682484803561194	0.0	0.3317515196438806
1105	0.6691677760510037	0.0	0.33083222394899625
1110	0.6700830247754151	0.0	0.32991697522458485
1115	0.6710373789948303	0.0	0.3289626210051697
1120	0.6719973216728351	0.0	0.3280026783271649
1125	0.6729529917245849	0.0	0.3270470082754151
1130	0.6739044107742784	0.0	0.32609558922572157
1135	0.6748516002804835	0.0	0.3251483997195165
1140	0.6757945814533862	0.0	0.3242054185466138
1145	0.6767333756779826	0.0	0.32326662432201736
1150	0.6776680041300578	0.0	0.3223319958699422
1155	0.6785984877959621	0.0	0.3214015122040379
1160	0.6795248477980798	0.0	0.32047515220192024
1165	0.680447105045287	0.0	0.31955289495471295
1170	0.6813652803219639	0.0	0.31863471967803614
1175	0.6822793944777845	0.0	0.3177206055222155
1180	0.6831894681719657	0.0	0.3168105318280343
1185	0.6840955219388251	0.0	0.31590447806117494
1190	0.6849975763732636	0.0	0.31500242362673636
1195	0.6858956518766114	0.0	0.3141043481233886
1200	0.6867897687165754	0.0	0.3132102312834246
1205	0.6876799472474412	0.0	0.3123200527525588
1210	0.6885662076067588	0.0	0.3114337923932412
1215	0.6894485698621547	0.0	0.31055143013784525
1220	0.690327054056524	0.0	0.30967294594347605
1225	0.6912016800876192	0.0	0.3087983199123808
1230	0.6920724677718998	0.0	0.3079275322281002
1235	0.6929394368604733	0.0	0.3070605631395267
1240	0.6938026069026414	0.0	0.3061973930973586
1245	0.6946619974919579	0.0	0.3053380025080421
1250	0.6955178353249538	0.0	0.3044821646750462
1255	0.6963826879268372	0.0	0.3036173120731628
1260	0.6972438478874902	0.0	0.30275615211250984
1265	0.6981013330669646	0.0	0.30189866693303535
1270	0.6989551611954725	0.0	0.3010448388045275
1275	0.6998053499742405	0.0	0.3001946500257595
1280	0.7006519170469948	0.0	0.2993480829530052
1285	0.7014948799373303	0.0	0.2985051200626697
1290	0.7023342561645369	0.0	0.29766574383546307
1295	0.7031700631624899	0.0	0.29682993683751013
1300	0.7040023181750017	0.0	0.2959976818249983
1305	0.7048310385789356	0.0	0.2951689614210644
1310	0.7056562416245123	0.0	0.29434375837548765
1315	0.7064779445193291	0.0	0.2935220554806709
1320	0.7072961642928948	0.0	0.29270383570710523
1325	0.7081109179610663	0.0	0.2918890820389337
1330	0.7089222223053814	0.0	0.2910777776946186
1335	0.7097300943711634	0.0	0.2902699056288366
1340	0.7105345509664968	0.0	0.28946544903350324
1345	0.7113356088529247	0.0	0.2886643911470753
1350	0.7121332846756827	0.0	0.2878667153243173
1355	0.7129275950130255	0.0	0.2870724049869745
1360	0.7137185563331031	0.0	0.2862814436668969
1365	0.7145061851767852	0.0	0.2854938148232148
1370	0.7152904979354583	0.0	0.2847095020645417
1375	0.7160715109365872	0.0	0.28392848906341284
1380	0.7168492404137992	0.0	0.28315075958620084
1385	0.7176237025065755	0.0	0.2823762974934245
1390	0.7183949133031402	0.0	0.2816050866968598
1395	0.7191628888943228	0.0	0.2808371111056772
1400	0.7199276452442821	0.0	0.2800723547557179
1405	0.7206891982463199	0.0	0.27931080175368006
1410	0.7214475637228497	0.0	0.2785524362771503
1415	0.7222027573983372	0.0	0.27779724260166283
1420	0.7229547949405352	0.0	0.27704520505946484
1425	0.7237036919999379	0.0	0.2762963080000621
1430	0.724451940138841	0.0	0.27554805986115904
1435	0.725202890228887	0.0	0.27479710977111305
1440	0.7259507133042559	0.0	0.27404928669574413
1445	0.7266954246180843	0.0	0.27330457538191566
1450	0.7274370394125991	0.0	0.2725629605874009
1455	0.7281755728758693	0.0	0.2718244271241307
1460	0.7289110401004162	0.0	0.2710889598995838
1465	0.7296434561112715	0.0	0.27035654388872854
1470	0.7303728358659847	0.0	0.26962716413401533
1475	0.7310991942012938	0.0	0.26890080579870623
1480	0.7318225459806883	0.0	0.2681774540193117
1485	0.732542905972776	0.0	0.26745709402722395
1490	0.7332602888616098	0.0	0.26673971113839023
1495	0.7339747092704703	0.0	0.26602529072952974
1500	0.7346861817534116	0.0	0.2653138182465884
1505	0.7353947208008552	0.0	0.2646052791991448
1510	0.7361003408268451	0.0	0.26389965917315494
1515	0.736803056182925	0.0	0.26319694381707504
1520	0.7375028810821871	0.0	0.2624971189178129
1525	0.7381998298145732	0.0	0.2618001701854268
1530	0.7388939165324638	0.0	0.26110608346753617
1535	0.7395851553248916	0.0	0.26041484467510845
1540	0.7402735602018992	0.0	0.25972643979810084
1545	0.74095914510197	0.0	0.25904085489802997
1550	0.7416419238734993	0.0	0.25835807612650075
1555	0.7423219103827299	0.0	0.2576780896172701
1560	0.7429991183785484	0.0	0.2570008816214516
1565	0.7436735615387622	0.0	0.2563264384612378
1570	0.7443452534928412	0.0	0.2556547465071588
1575	0.7450142077991512	0.0	0.2549857922008488
1580	0.7456804379477275	0.0	0.25431956205227246
1585	0.746343957353184	0.0	0.25365604264681596
1590	0.7470047793673219	0.0	0.2529952206326781
1595	0.7476629172791902	0.0	0.2523370827208098
1600	0.7483183843223278	0.0	0.2516816156776722
1605	0.7489711936318523	0.0	0.2510288063681477
1610	0.7496213583133658	0.0	0.25037864168663415
1615	0.7502688914161477	0.0	0.24973110858385228
1620	0.7509138059074623	0.0	0.24908619409253774
1625	0.7515561146902612	0.0	0.24844388530973882
1630	0.7521958306033568	0.0	0.24780416939664318
1635	0.7528329663783446	0.0	0.24716703362165537
1640	0.7534675347415181	0.0	0.24653246525848194
1645	0.7540995483693946	0.0	0.24590045163060537
1650	0.7547290199025446	0.0	0.2452709800974554
1655	0.7553559618185813	0.0	0.24464403818141867
1660	0.7559803865611383	0.0	0.2440196134388617
1665	0.7566023064698998	0.0	0.2433976935301002
1670	0.7572353191831251	0.0	0.24276468081687486
1675	0.7578722950561891	0.0	0.24212770494381086
1680	0.7585067219363697	0.0	0.2414932780636303
1685	0.7591386119974933	0.0	0.24086138800250667
1690	0.7597679773748873	0.0	0.24023202262511267
1695	0.7603948301473983	0.0	0.23960516985260172
1700	0.7610191823375042	0.0	0.2389808176624958
1705	0.7616410459114167	0.0	0.23835895408858332
1710	0.7622604327792	0.0	0.23773956722080003
1715	0.7628773547948867	0.0	0.23712264520511328
1720	0.763491823756596	0.0	0.23650817624340403
1725	0.7641038514066595	0.0	0.23589614859334052
1730	0.7647134494317471	0.0	0.23528655056825287
1735	0.7653206294629952	0.0	0.23467937053700483
1740	0.7659254030761429	0.0	0.23407459692385713
1745	0.7665277817916638	0.0	0.2334722182083362
1750	0.7671277770749071	0.0	0.2328722229250929
1755	0.7677254003362384	0.0	0.23227459966376163
1760	0.7683206629311824	0.0	0.2316793370688176
1765	0.7689135761605702	0.0	0.2310864238394298
1770	0.7695041512706893	0.0	0.23049584872931073
1775	0.770092399453432	0.0	0.229907600546568
1780	0.7706783318464538	0.0	0.22932166815354615
1785	0.771261959533324	0.0	0.228738040466676
1790	0.771843293543689	0.0	0.22815670645631103
1795	0.7724223448534279	0.0	0.22757765514657213
1800	0.772999124384819	0.0	0.227000875615181
1805	0.7735736430067022	0.0	0.22642635699329783
1810	0.7741459115346451	0.0	0.22585408846535493
1815	0.7747159407311118	0.0	0.22528405926888817
1820	0.775283741305634	0.0	0.22471625869436596
1825	0.7758493239149798	0.0	0.22415067608502015
1830	0.7764126991633311	0.0	0.2235873008366689
1835	0.7769738776024528	0.0	0.22302612239754716
1840	0.7775328697318767	0.0	0.22246713026812326
1845	0.7780896859990749	0.0	0.2219103140009251
1850	0.7786443367996385	0.0	0.22135566320036149
1855	0.7791968324774615	0.0	0.22080316752253848
1860	0.7797471833249227	0.0	0.22025281667507735
1865	0.7802953995830673	0.0	0.21970460041693274
1870	0.7808414914417916	0.0	0.2191585085582084
1875	0.7813854690400323	0.0	0.21861453095996775
1880	0.7819273424659501	0.0	0.21807265753404992
1885	0.7824671217571177	0.0	0.21753287824288225
1890	0.7830048169007131	0.0	0.2169951830992869
1895	0.7835404378337036	0.0	0.21645956216629636
1900	0.7840739944430428	0.0	0.21592600555695718
1905	0.7846054965658588	0.0	0.21539450343414124
1910	0.785134953989647	0.0	0.21486504601035294
1915	0.7856623764524667	0.0	0.21433762354753327
1920	0.7861877736431331	0.0	0.21381222635686692
1925	0.7867111552014119	0.0	0.21328884479858812
1930	0.7872325307182184	0.0	0.21276746928178158
1935	0.787751909735809	0.0	0.212248090264191
1940	0.7882693017479843	0.0	0.21173069825201574
1945	0.7887847162002795	0.0	0.21121528379972054
1950	0.7892981624901696	0.0	0.2107018375098304
1955	0.7898096499672644	0.0	0.21019035003273556
1960	0.7903191879335074	0.0	0.20968081206649258
1965	0.7908267856433766	0.0	0.2091732143566234
1970	0.7913324523040849	0.0	0.2086675476959151
1975	0.7918361970757787	0.0	0.20816380292422132
1980	0.7923380290717386	0.0	0.20766197092826144
1985	0.7928379573585836	0.0	0.20716204264141636
1990	0.7933359909564688	0.0	0.20666400904353122
1995	0.793832138839288	0.0	0.20616786116071195
2000	0.7943264099348747	0.0	0.2056735900651253
2005	0.7948598615599562	0.0	0.20514013844004375
2010	0.7953910048084055	0.0	0.20460899519159448
2015	0.7959198527259537	0.0	0.20408014727404633
2020	0.796446418273016	0.0	0.203553581726984
2025	0.7969707143252616	0.0	0.20302928567473844
2030	0.7974927536741876	0.0	0.2025072463258124
2035	0.7980125490276839	0.0	0.20198745097231607
2040	0.7985301130105986	0.0	0.20146988698940138
2045	0.7990454581652983	0.0	0.20095454183470174
2050	0.7995585969522279	0.0	0.20044140304777214
2055	0.8000695417504634	0.0	0.1999304582495366
2060	0.8005783048582653	0.0	0.1994216951417347
2065	0.801084898493628	0.0	0.19891510150637204
2070	0.8015893347948256	0.0	0.19841066520517436
2075	0.8020916258209536	0.0	0.1979083741790464
2080	0.8025917835524702	0.0	0.19740821644752982
2085	0.8030898198917333	0.0	0.19691018010826666
2090	0.8035857466635327	0.0	0.19641425333646734
2095	0.8040795756156223	0.0	0.19592042438437773
2100	0.8045713184192456	0.0	0.19542868158075444
2105	0.8050609866696625	0.0	0.19493901333033747
2110	0.8054650381002046	0.0	0.19453496189979536
2115	0.8058627845243127	0.0	0.1941372154756873
2120	0.8062592085686726	0.0	0.19374079143132739
2125	0.8066543158892452	0.0	0.1933456841107548
2130	0.8070481121144605	0.0	0.19295188788553952
2135	0.8074406028453531	0.0	0.19255939715464687
2140	0.8078317936556919	0.0	0.1921682063443081
2145	0.8082216900921153	0.0	0.1917783099078847
2150	0.8086102976742612	0.0	0.19138970232573882
2155	0.8089976218948965	0.0	0.19100237810510345
2160	0.809383668220051	0.0	0.19061633177994897
2165	0.8097684420891479	0.0	0.1902315579108521
2170	0.8101519489151308	0.0	0.18984805108486924
2175	0.8105341940845955	0.0	0.18946580591540452
2180	0.8109151829579194	0.0	0.18908481704208058
2185	0.8112949208693888	0.0	0.1887050791306112
2190	0.8116734131273274	0.0	0.18832658687267256
2195	0.8120506650142254	0.0	0.1879493349857746
2200	0.8124266817868655	0.0	0.1875733182131345
2205	0.8128014686764484	0.0	0.18719853132355158
2210	0.813175030888723	0.0	0.186824969111277
2215	0.8135473736041101	0.0	0.1864526263958899
2220	0.8139185019778258	0.0	0.18608149802217422
2225	0.814323789866921	0.0	0.185676210133079
2230	0.8147567483844003	0.0	0.18524325161559974
2235	0.815188124734876	0.0	0.184811875265124
2240	0.8156179261835469	0.0	0.1843820738164531
2245	0.8160461599587963	0.0	0.18395384004120374
2250	0.8164728332523636	0.0	0.18352716674763636
2255	0.816897953219514	0.0	0.18310204678048603
2260	0.8173215269792108	0.0	0.1826784730207892
2265	0.8177435616142859	0.0	0.18225643838571415
2270	0.818164064171609	0.0	0.18183593582839097
2275	0.8185830416622575	0.0	0.18141695833774252
2280	0.8190005010616876	0.0	0.18099949893831235
2285	0.8194164493099003	0.0	0.18058355069009968
2290	0.8198308933116149	0.0	0.18016910668838515
2295	0.8202438399364345	0.0	0.17975616006356554
2300	0.8206552960190142	0.0	0.1793447039809858
2305	0.821065268359232	0.0	0.178934731640768
2310	0.8214737637223528	0.0	0.1785262362776472
2315	0.8218807888391979	0.0	0.1781192111608021
2320	0.8222863504063112	0.0	0.17771364959368885
2325	0.8226904550861256	0.0	0.1773095449138744
2330	0.8230931095071299	0.0	0.17690689049287012
2335	0.8234943202640335	0.0	0.17650567973596654
2340	0.8238940939179321	0.0	0.1761059060820679
2345	0.8242924369964723	0.0	0.17570756300352774
2350	0.8246893559940176	0.0	0.1753106440059824
2355	0.8250701575533264	0.0	0.17492984244667364
2360	0.8254274361926499	0.0	0.1745725638073501
2365	0.8257834849290677	0.0	0.17421651507093228
2370	0.826138309375402	0.0	0.173861690624598
2375	0.8264919151140544	0.0	0.1735080848859456
2380	0.8268443076971856	0.0	0.17315569230281436
2385	0.8271954926468934	0.0	0.1728045073531066
2390	0.8275454754553888	0.0	0.1724545245446112
2395	0.8278942615851759	0.0	0.17210573841482413
2400	0.8282418564692249	0.0	0.17175814353077512
2405	0.8285882655111463	0.0	0.17141173448885372
2410	0.8289334940853672	0.0	0.1710665059146328
2415	0.8292775475372991	0.0	0.1707224524627009
2420	0.8296204311835149	0.0	0.17037956881648508
2425	0.8299621503119154	0.0	0.17003784968808455
2430	0.8303027101818996	0.0	0.1696972898181004
2435	0.830642116024535	0.0	0.16935788397546503
2440	0.8309803730427225	0.0	0.16901962695727746
2445	0.8313174864113653	0.0	0.16868251358863473
2450	0.8316534612775334	0.0	0.16834653872246663
2455	0.831988302760628	0.0	0.16801169723937204
2460	0.8323220159525468	0.0	0.16767798404745315
2465	0.832654605917845	0.0	0.16734539408215499
2470	0.8329860776938955	0.0	0.16701392230610446
2475	0.8333164362910568	0.0	0.16668356370894322
2480	0.8336456866928232	0.0	0.16635431330717676
2485	0.833973833855991	0.0	0.166026166144009
2490	0.8343008827108132	0.0	0.16569911728918685
2495	0.8346268381611587	0.0	0.16537316183884132
2500	0.8349517050846652	0.0	0.1650482949153348
2550	0.83793739521089	0.0	0.16206260478911005
2600	0.8408326655628415	0.0	0.15916733443715847
2650	0.8436415180468979	0.0	0.1563584819531021
2700	0.8466238484292283	0.0	0.15337615157077167
2750	0.8496412217564213	0.0	0.15035877824357868
2800	0.8525645281594088	0.0	0.14743547184059125
2850	0.8553975290966218	0.0	0.1446024709033782
2900	0.857890665211762	0.0	0.14210933478823795
2950	0.8602718360253792	0.0	0.13972816397462084
3000	0.8625882233873292	0.0	0.1374117766126708
3050	0.8648421286433265	0.0	0.13515787135667345
3100	0.867222281812797	0.0	0.13277771818720296
3150	0.8697415846789391	0.0	0.13025841532106086
3200	0.8721891693508916	0.0	0.12781083064910836
3250	0.8745675888143799	0.0	0.1254324111856201
3300	0.8768792933912171	0.0	0.12312070660878294
3350	0.8791103638067238	0.0	0.1208896361932762
3400	0.8812505306987597	0.0	0.1187494693012403
3450	0.8833339240105428	0.0	0.11666607598945722
3500	0.8853624360555998	0.0	0.11463756394440017
3550	0.8873378871689224	0.0	0.11266211283107763
3600	0.8892620285536357	0.0	0.11073797144636432
3650	0.8911881936695882	0.0	0.10881180633041176
3700	0.8931920536161917	0.0	0.1068079463838083
3750	0.8951430114475731	0.0	0.10485698855242687
3800	0.8970427896950592	0.0	0.10295721030494076
3850	0.8988930479858737	0.0	0.10110695201412634
3900	0.9006953853587599	0.0	0.09930461464124007
3950	0.902451342513544	0.0	0.09754865748645603
4000	0.9041616864395855	0.0	0.0958383135604145
4050	0.9057751726008334	0.0	0.0942248273991666
4100	0.9073486623315534	0.0	0.09265133766844658
4150	0.9088834051869883	0.0	0.09111659481301171
4200	0.9103806055699384	0.0	0.08961939443006162
4250	0.9118414244825491	0.0	0.08815857551745088
4300	0.9132669812126821	0.0	0.08673301878731787
4350	0.9146583549564995	0.0	0.0853416450435005
4400	0.9160165863789859	0.0	0.08398341362101414
4450	0.9173640552711283	0.0	0.0826359447288717
4500	0.9188258539480182	0.0	0.08117414605198181
4550	0.9202512074636593	0.0	0.0797487925363407
4600	0.9216412450944442	0.0	0.07835875490555577
4650	0.9229970560059518	0.0	0.07700294399404817
4700	0.9243196907666762	0.0	0.0756803092333238
4750	0.9256101628080128	0.0	0.07438983719198722
4800	0.9268694498316223	0.0	0.07313055016837766
4850	0.9280984951653761	0.0	0.07190150483462387
4900	0.9292982090691762	0.0	0.07070179093082385
4950	0.9304694699919778	0.0	0.06953053000802223
5000	0.9316137713303583	0.0	0.06838622866964172
5050	0.9327692700799046	0.0	0.06723072992009538
5100	0.9338964556679743	0.0	0.0661035443320257
5150	0.9349962090954229	0.0	0.06500379090457709
5200	0.9360693790515329	0.0	0.06393062094846713
5250	0.9371167832345311	0.0	0.06288321676546893
5300	0.9381218815368971	0.0	0.06187811846310287
5350	0.939097426551829	0.0	0.06090257344817096
5400	0.940049858294252	0.0	0.05995014170574797
5450	0.9409798848083017	0.0	0.05902011519169825
5500	0.9418881881253927	0.0	0.058111811874607344
5550	0.9427754253539988	0.0	0.05722457464600117
5600	0.9436424277913291	0.0	0.05635757220867088
5650	0.9444897114491098	0.0	0.05551028855089024
5700	0.945317842189953	0.0	0.05468215781004704
5750	0.9461273813059066	0.0	0.05387261869409343
5800	0.9469188702854563	0.0	0.05308112971454371
5850	0.9476928316146648	0.0	0.05230716838533522
5900	0.9484457324387118	0.0	0.051554267561288225
5950	0.9491754765158841	0.0	0.050824523484115924
6000	0.9498894326253312	0.0	0.05011056737466879
6050	0.9505880473204043	0.0	0.04941195267959575
6100	0.9512717518329362	0.0	0.04872824816706378
6150	0.9519409626813472	0.0	0.0480590373186528
6200	0.9525960822518231	0.0	0.04740391774817687
6250	0.9532374993538417	0.0	0.04676250064615828
6300	0.9538655897512744	0.0	0.046134410248725555
6350	0.9544807166702344	0.0	0.045519283329765625
6400	0.9550832312847667	0.0	0.04491676871523331
6450	0.9556734731814377	0.0	0.044326526818562306
6500	0.9562517708038275	0.0	0.043748229196172495
6550	0.9568184418778528	0.0	0.04318155812214719
6600	0.9573737938188462	0.0	0.04262620618115376
6650	0.9579181241212356	0.0	0.04208187587876444
6700	0.9584158612945404	0.0	0.04158413870545963
6750	0.9588878498541412	0.0	0.04111215014585878
6800	0.959350761427874	0.0	0.04064923857212599
6850	0.9598048343359523	0.0	0.04019516566404768
6900	0.9602502990799938	0.0	0.03974970092000618
6950	0.9606873786478932	0.0	0.03931262135210678
7000	0.9611162888050264	0.0	0.03888371119497358
7050	0.9615372383724665	0.0	0.03846276162753348
7100	0.9619504294928712	0.0	0.03804957050712876
7150	0.9623495647173415	0.0	0.037650435282658545
7200	0.962709319184249	0.0	0.03729068081575104
7250	0.9630629159832882	0.0	0.03693708401671181
7300	0.9634105026618683	0.0	0.03658949733813166
7350	0.9637522222815921	0.0	0.036247777718407925
7400	0.964088213582219	0.0	0.03591178641778103
7450	0.9644186111386651	0.0	0.035581388861334884
7500	0.9647435455113786	0.0	0.03525645448862136
7550	0.965063143390404	0.0	0.034936856609596
7600	0.9653775277334437	0.0	0.03462247226655635
7650	0.965686817898185	0.0	0.034313182101815
7700	0.965985928230072	0.0	0.03401407176992799
7750	0.9662567052839125	0.0	0.0337432947160875
7800	0.9665234814652459	0.0	0.033476518534754085
7850	0.966786341044335	0.0	0.03321365895566497
7900	0.9670453660136307	0.0	0.03295463398636933
7950	0.9673006361624061	0.0	0.032699363837593864
8000	0.9675522291485291	0.0	0.03244777085147088
8050	0.9678002205675007	0.0	0.0321997794324993
8100	0.9680446840188756	0.0	0.031955315981124444
8150	0.9682856911701878	0.0	0.03171430882981219
8200	0.9685233118184698	0.0	0.031476688181530155
8250	0.9687576139494901	0.0	0.031242386050509885
8300	0.9689886637947885	0.0	0.03101133620521146
8350	0.9692262479533053	0.0	0.030773752046694747
8400	0.9694776151415139	0.0	0.03052238485848613
8450	0.9697253971973986	0.0	0.030274602802601414
8500	0.9699696649820988	0.0	0.0300303350179012
8550	0.9702104875882899	0.0	0.02978951241171013
8600	0.9704479323931082	0.0	0.029552067606891774
8650	0.9706820651092362	0.0	0.02931793489076384
8700	0.970912949834227	0.0	0.029087050165772954
8750	0.9711406490981322	0.0	0.028859350901867753
8800	0.9713652239094923	0.0	0.028634776090507685
8850	0.9715867337997752	0.0	0.028413266200224774
8900	0.9740385403237858	0.0	0.025961459676214216
8950	0.9745621414467736	0.0	0.025437858553226445
9000	0.9722334479940202	0.0	0.027766552005979772
9050	0.9764077622372674	0.0	0.02359223776273256
9100	0.97775898104448	0.0	0.022241018955519998
9150	0.9728626074755197	0.0	0.02713739252448033
9200	0.98083644258211	0.0	0.019163557417889998
9250	0.9825286704185496	0.0	0.017471329581450368
9300	0.9734788030235448	0.0	0.026521196976455164
9350	0.9736788615173031	0.0	0.026321138482696904
9400	0.9868325198020742	0.0	0.013167480197925796
9450	0.9740712536941185	0.0	0.02592874630588149
9500	0.9742636787199495	0.0	0.025736321280050545
9550	0.9744536488987346	0.0	0.025546351101265352
9600	0.9746412073920436	0.0	0.02535879260795637
9650	0.9748263964054742	0.0	0.025173603594525806
9700	0.9750092572140185	0.0	0.024990742785981457
9750	0.975189830186648	0.0	0.024810169813352045
9800	0.975368154810139	0.0	0.024631845189860946
9850	0.9755442697121853	0.0	0.02445573028781467
9900	0.9757182126837933	0.0	0.02428178731620667
9950	0.9758900207010112	0.0	0.024109979298988837
10000	0.9760600185909794	0.0	0.02393998140902065
10050	0.9762365071210303	0.0	0.023763492878969728
10100	0.9764107358127578	0.0	0.023589264187242165
10150	0.9765827447247588	0.0	0.02341725527524119
10200	0.9767525730186968	0.0	0.02324742698130322
10250	0.9769202589833988	0.0	0.023079741016601152
10300	0.9770858400582191	0.0	0.02291415994178092
10350	0.9772493528556622	0.0	0.022750647144337832
10400	0.9774108331833145	0.0	0.022589166816685546
10450	0.9775703160650923	0.0	0.02242968393490774
10500	0.9777278357618459	0.0	0.022272164238154146
10550	0.9778768213868427	0.0	0.02212317861315727
10600	0.9780177141481471	0.0	0.021982285851852912
10650	0.978157002949885	0.0	0.021842997050115054
10700	0.9782947133960396	0.0	0.021705286603960428
10750	0.9784308705704599	0.0	0.021569129429540146
10800	0.9785654990496065	0.0	0.021434500950393454
10850	0.9786986229149427	0.0	0.021301377085057305
10900	0.978830265764967	0.0	0.02116973423503299
10950	0.9789604507269013	0.0	0.0210395492730987
11000	0.979089200468053	0.0	0.020910799531946966
11050	0.9792165372068611	0.0	0.020783462793138918
11100	0.9793424827236236	0.0	0.020657517276376436
11150	0.9794742953772579	0.0	0.020525704622742058
11200	0.9796062453461284	0.0	0.02039375465387161
11250	0.9797366861973199	0.0	0.020263313802680094
11300	0.9798656420857136	0.0	0.020134357914286416
11350	0.9799931366746386	0.0	0.02000686332536139
11400	0.9801191931479419	0.0	0.019880806852058064
11450	0.9802438342216994	0.0	0.01975616577830064
11500	0.9803670821556077	0.0	0.01963291784439225
11550	0.9804889587640415	0.0	0.01951104123595848
11600	0.9806094854268044	0.0	0.019390514573195627
11650	0.9807286830995748	0.0	0.01927131690042516
11700	0.9808465723240609	0.0	0.019153427675939083
11750	0.9809631732378687	0.0	0.019036826762131254
11800	0.9810717110033145	0.0	0.018928288996685527
11850	0.9811768447146758	0.0	0.01882315528532419
11900	0.9812809537325834	0.0	0.018719046267416606
11950	0.981384051959648	0.0	0.01861594804035205
12000	0.9814861530592661	0.0	0.01851384694073388
12050	0.981587270460578	0.0	0.018412729539421968
12100	0.9816874173633026	0.0	0.01831258263669744
12150	0.9817866067424611	0.0	0.0182133932575389
12200	0.9818848513529863	0.0	0.01811514864701369
12250	0.9819821637342178	0.0	0.01801783626578224
12300	0.9820785562142954	0.0	0.017921443785704594
12350	0.9821740409144469	0.0	0.017825959085553067
12400	0.9822686297531685	0.0	0.017731370246831468
12450	0.9823623344503166	0.0	0.01763766554968338
12500	0.9824549516752371	0.0	0.01754504832476289
12550	0.9825335734371574	0.0	0.017466426562842585
12600	0.9826115002085171	0.0	0.017388499791482936
12650	0.9826887410924505	0.0	0.017311258907549476
12700	0.9827653050348558	0.0	0.01723469496514418
12750	0.9828412008277634	0.0	0.017158799172236616
12800	0.9829164371126065	0.0	0.017083562887393544
12850	0.9829910223834143	0.0	0.017008977616585708
12900	0.9830649649899241	0.0	0.016935035010075872
12950	0.9831382731406142	0.0	0.016861726859385806
13000	0.9832109549056623	0.0	0.01678904509433765
13050	0.9832830182198313	0.0	0.01671698178016867
13100	0.9833544708852792	0.0	0.016645529114720836
13150	0.9834253205743019	0.0	0.016574679425698124
13200	0.9834955748320147	0.0	0.016504425167985337
13250	0.9835652410789537	0.0	0.01643475892104629
13300	0.9836343266136287	0.0	0.016365673386371293
13350	0.9837033245811863	0.0	0.016296675418813744
13400	0.9837726545093917	0.0	0.016227345490608336
13450	0.9838414072205688	0.0	0.016158592779431213
13500	0.9839095897951727	0.0	0.016090410204827266
13550	0.9839772091996105	0.0	0.016022790800389486
13600	0.9840442722885028	0.0	0.015955727711497225
13650	0.9841107858069014	0.0	0.015889214193098633
13700	0.9841767563924464	0.0	0.015823243607553605
13750	0.9842421905774786	0.0	0.015757809422521363
13800	0.9843070947910999	0.0	0.0156929052089001
13850	0.9843714753611843	0.0	0.0156285246388157
13900	0.9844353385163475	0.0	0.015564661483652542
13950	0.9844986903878664	0.0	0.015501309612133585
14000	0.9845615370115575	0.0	0.015438462988442536
14050	0.9846238843296078	0.0	0.01537611567039221
14100	0.9846857381923726	0.0	0.015314261807627405
14150	0.9847471043601222	0.0	0.01525289563987775
14200	0.9848079885047564	0.0	0.01519201149524363
14250	0.9848683962114775	0.0	0.015131603788522519
14300	0.9849298708857995	0.0	0.01507012911420047
14350	0.9849944588779449	0.0	0.0150055411220551
14400	0.9850585196307051	0.0	0.01494148036929488
14450	0.9851220593791592	0.0	0.014877940620840802
14500	0.9851850842626476	0.0	0.014814915737352385
14550	0.985247600326575	0.0	0.01475239967342501
14600	0.9853096135241639	0.0	0.014690386475836092
14650	0.9853711297181792	0.0	0.014628870281820805
14700	0.9854321546826085	0.0	0.014567845317391526
14750	0.9854926941043078	0.0	0.014507305895692157
14800	0.9855527535846109	0.0	0.014447246415389081
14850	0.9856123386409043	0.0	0.01438766135909575
14900	0.9856714547081653	0.0	0.014328545291834693
14950	0.9857301071404715	0.0	0.01426989285952851
15000	0.9857883012124754	0.0	0.014211698787524596
15050	0.9858460421208419	0.0	0.014153957879158074
15100	0.9859033349856684	0.0	0.0140966650143316
15150	0.9859601848518582	0.0	0.014039815148141788
15200	0.9860165966904781	0.0	0.013983403309521858
15250	0.9860725754000813	0.0	0.013927424599918692
15300	0.9861281258079986	0.0	0.013871874192001421
15350	0.9861832526716136	0.0	0.013816747328386447
15400	0.9862335922253769	0.0	0.013766407774623124
15450	0.9862743481966276	0.0	0.013725651803372374
15500	0.9863148647547829	0.0	0.013685135245217084
15550	0.9863551439912607	0.0	0.013644856008739326
15600	0.9863951879733522	0.0	0.013604812026647761
15650	0.9864349987445623	0.0	0.013565001255437692
15700	0.986474578324951	0.0	0.013525421675048999
15750	0.9865139287114656	0.0	0.013486071288534407
15800	0.9865530518782669	0.0	0.013446948121733082
15850	0.9865919497770523	0.0	0.013408050222947665
15900	0.9866306243373711	0.0	0.013369375662628857
15950	0.9866690774669357	0.0	0.013330922533064338
16000	0.9867073110519264	0.0	0.013292688948073561
16050	0.9867453269572941	0.0	0.013254673042705889
16100	0.9867831270270551	0.0	0.013216872972944937
16150	0.9868207130845803	0.0	0.013179286915419697
16200	0.9868580869328845	0.0	0.01314191306711554
16250	0.986895250354904	0.0	0.013104749645096003
16300	0.9869322051137787	0.0	0.01306779488622134
16350	0.9869689529531178	0.0	0.013031047046882183
16400	0.9870054955972714	0.0	0.012994504402728646
16450	0.9870418347515943	0.0	0.012958165248405651
16500	0.9870779721027021	0.0	0.012922027897297905
16550	0.9871139093187306	0.0	0.012886090681269446
16600	0.9871496480495822	0.0	0.012850351950417838
16650	0.9871851899271746	0.0	0.012814810072825367
16700	0.9872237476463451	0.0	0.012776252353654871
16750	0.9872636051573007	0.0	0.012736394842699283
16800	0.987303216808489	0.0	0.012696783191511019
16850	0.9873425848518889	0.0	0.01265741514811114
16900	0.9873817115122278	0.0	0.012618288487772245
16950	0.9874205989873838	0.0	0.012579401012616231
17000	0.9874592494487946	0.0	0.012540750551205404
17050	0.9874976650418485	0.0	0.012502334958151451
17100	0.98753584788627	0.0	0.012464152113729976
17150	0.9875738000765047	0.0	0.012426199923495251
17200	0.9876115236820899	0.0	0.012388476317910069
17250	0.987649020748022	0.0	0.012350979251978034
17300	0.98768629329512	0.0	0.012313706704879968
17350	0.9877233433203766	0.0	0.01227665667962341
17400	0.9877601727973091	0.0	0.0122398272026909
17450	0.9877967836762995	0.0	0.012203216323700472
17500	0.9878331778849324	0.0	0.012166822115067588
17550	0.9878693573283257	0.0	0.012130642671674297
17600	0.9879053238894526	0.0	0.012094676110547375
17650	0.9879410794294652	0.0	0.012058920570534815
17700	0.9879766257880036	0.0	0.012023374211996396
17750	0.9880119647835086	0.0	0.011988035216491388
17800	0.9880470982135203	0.0	0.011952901786479675
17850	0.9880820278549798	0.0	0.011917972145020217
17900	0.9881167554645189	0.0	0.011883244535481063
17950	0.988151282778752	0.0	0.011848717221248029
18000	0.9881856115145535	0.0	0.01181438848544647
18050	0.9882197433693418	0.0	0.011780256630658181
18100	0.9882536800213488	0.0	0.011746319978651165
18150	0.9882874231298916	0.0	0.011712576870108404
18200	0.9883210088095049	0.0	0.011678991190495092
18250	0.9883544623169513	0.0	0.011645537683048657
18300	0.9883877255653034	0.0	0.01161227443469659
18350	0.9884208001667122	0.0	0.011579199833287812
18400	0.9884536877152313	0.0	0.011546312284768656
18450	0.9884863897870656	0.0	0.0115136102129344
18500	0.9885189079408235	0.0	0.011481092059176468
18550	0.9885512437177577	0.0	0.01144875628224229
18600	0.9885833986420057	0.0	0.011416601357994272
18650	0.9886153742208305	0.0	0.011384625779169544
18700	0.9886471719448451	0.0	0.011352828055154918
18750	0.9886787932882486	0.0	0.011321206711751408
18800	0.9887102397090458	0.0	0.011289760290954187
18850	0.9887415126492701	0.0	0.011258487350729873
18900	0.9887726135352002	0.0	0.011227386464799816
18950	0.9888035437775764	0.0	0.0111964562224236
19000	0.9888343047718069	0.0	0.011165695228193107
19050	0.9888648978981803	0.0	0.011135102101819672
19100	0.988895324522062	0.0	0.01110467547793803
19150	0.9889255859941023	0.0	0.011074414005897704
19200	0.9889556836504294	0.0	0.011044316349570593
19250	0.9889856188128423	0.0	0.011014381187157696
19300	0.989015392789005	0.0	0.010984607210995034
19350	0.9890450068726335	0.0	0.010954993127366475
19400	0.9890744623436797	0.0	0.010925537656320317
19450	0.9891037604685143	0.0	0.010896239531485663
19500	0.9891329025001052	0.0	0.010867097499894784
19550	0.9891618896781942	0.0	0.010838110321805816
19600	0.9891907232294715	0.0	0.010809276770528453
19650	0.9892194043677449	0.0	0.010780595632255086
19700	0.989247934294109	0.0	0.010752065705891045
19750	0.9892763141971105	0.0	0.010723685802889515
19800	0.9893045452529109	0.0	0.010695454747089106
19850	0.9893326286254476	0.0	0.010667371374552426
19900	0.9893605654665911	0.0	0.010639434533408876
19950	0.9893883569163011	0.0	0.010611643083698885
20000	0.9894160041027805	0.0	0.010583995897219478
20050	0.9894410235887611	0.0	0.01055897641123893
20100	0.989465925385586	0.0	0.010534074614414024
20150	0.9894907103192272	0.0	0.010509289680772804
20200	0.9895153792079736	0.0	0.010484620792026389
20250	0.9895399328625143	0.0	0.010460067137485707
20300	0.9895643720860332	0.0	0.010435627913966794
20350	0.9895886976742886	0.0	0.010411302325711413
20400	0.9896129104157023	0.0	0.010387089584297682
20450	0.9896370110914441	0.0	0.010362988908555915
20500	0.9896610004755096	0.0	0.010338999524490355
20550	0.9896848793348105	0.0	0.01031512066518947
20600	0.9897086484292484	0.0	0.010291351570751561
20650	0.9897323085117951	0.0	0.010267691488204944
20700	0.989755860328575	0.0	0.010244139671425012
20750	0.9897793046189387	0.0	0.010220695381061295
20800	0.9898026421155415	0.0	0.010197357884458524
20850	0.98982748919384	0.0	0.010172510806159996
20900	0.9898554797192873	0.0	0.010144520280712666
20950	0.9898833186958554	0.0	0.010116681304144559
21000	0.9899110073376751	0.0	0.01008899266232488
21050	0.989938546846057	0.0	0.010061453153943023
21100	0.9899659384096626	0.0	0.010034061590337373
21150	0.9899931832046647	0.0	0.010006816795335327
21200	0.9900202823949146	0.0	0.009979717605085425
21250	0.9900472371320972	0.0	0.009952762867902809
21300	0.9900740485558928	0.0	0.00992595144410724
21350	0.9901007177941289	0.0	0.009899282205871107
21400	0.9901272459629332	0.0	0.009872754037066778
21450	0.9901536341668842	0.0	0.009846365833115822
21500	0.9901798834991593	0.0	0.009820116500840692
21550	0.9902059950416795	0.0	0.009794004958320501
21600	0.9902319698652563	0.0	0.0097680301347437
21650	0.9902578090297275	0.0	0.009742190970272513
21700	0.9902835135840983	0.0	0.009716486415901726
21750	0.9903080329711573	0.0	0.009691967028842674
21800	0.9903285399909186	0.0	0.009671460009081367
21850	0.9903489628548757	0.0	0.009651037145124275
21900	0.9903693020590598	0.0	0.00963069794094018
21950	0.9903895580958543	0.0	0.009610441904145728
22000	0.9904097314540311	0.0	0.009590268545968894
22050	0.9904298226187733	0.0	0.009570177381226674
22100	0.9904498320717097	0.0	0.009550167928290332
22150	0.9904697602909411	0.0	0.009530239709058863
22200	0.9904896077510685	0.0	0.009510392248931465
22250	0.990509374923223	0.0	0.009490625076777004
22300	0.9905290622750954	0.0	0.009470937724904593
22350	0.9905486702709628	0.0	0.009451329729037172
22400	0.9905681993717137	0.0	0.009431800628286302
22450	0.9905876500348831	0.0	0.009412349965116862
22500	0.9906070227146728	0.0	0.009392977285327175
22550	0.9906263178619807	0.0	0.009373682138019257
22600	0.9906455359244323	0.0	0.009354464075567726
22650	0.9906646773464007	0.0	0.009335322653599265
22700	0.9906837425690377	0.0	0.009316257430962316
22750	0.9907009495483087	0.0	0.009299050451691326
22800	0.9907158740585594	0.0	0.009284125941440569
22850	0.9907307579932729	0.0	0.009269242006727074
22900	0.9907456014509358	0.0	0.00925439854906418
22950	0.9907604045306784	0.0	0.009239595469321626
23000	0.9907751673322525	0.0	0.00922483266774754
23050	0.9907898899560071	0.0	0.009210110043992858
23100	0.9908045725028662	0.0	0.009195427497133757
23150	0.990819215074306	0.0	0.009180784925693963
23200	0.990833817772335	0.0	0.009166182227664965
23250	0.9908483806994699	0.0	0.0091516193005301
23300	0.9908629039587165	0.0	0.009137096041283543
23350	0.9908773876535488	0.0	0.009122612346451175
23400	0.9908918318878903	0.0	0.009108168112109682
23450	0.9909062367660939	0.0	0.009093763233906094
23500	0.9909206023929201	0.0	0.009079397607079875
23550	0.9909349288735241	0.0	0.009065071126475921
23600	0.9909492163134348	0.0	0.0090507836865652
23650	0.9909634648185345	0.0	0.009036535181465521
23700	0.990977674495045	0.0	0.009022325504954964
23750	0.9909918454495119	0.0	0.00900815455048809
23800	0.9910059777887824	0.0	0.00899402221121759
23850	0.9910160502208135	0.0	0.008983949779186484
23900	0.9910250844258636	0.0	0.008974915574136433
23950	0.9910341283623632	0.0	0.008965871637636846
24000	0.9910431816283372	0.0	0.008956818371662845
24050	0.9910522438283846	0.0	0.008947756171615362
24100	0.991061314573569	0.0	0.008938685426430948
24150	0.9910703934813181	0.0	0.00892960651868191
24200	0.9910794801753158	0.0	0.008920519824684225
24250	0.991088574285409	0.0	0.008911425714591026
24300	0.991097675447502	0.0	0.008902324552497953
24350	0.9911067833034639	0.0	0.008893216696536088
24400	0.9911158975010319	0.0	0.008884102498968094
24450	0.9911250176937161	0.0	0.008874982306283918
24500	0.9911341435407099	0.0	0.008865856459290056
24550	0.9911432747067972	0.0	0.008856725293202805
24600	0.9911524108622629	0.0	0.008847589137737089
24650	0.991161551682809	0.0	0.00883844831719105
24700	0.9911706968494665	0.0	0.00882930315053354
24750	0.9911798460485078	0.0	0.00882015395149216
24800	0.9911889989713689	0.0	0.008811001028631082
24850	0.9911981553145643	0.0	0.008801844685435656
24900	0.9912073147796078	0.0	0.008792685220392227
24950	0.9912164770729326	0.0	0.008783522927067411
25000	0.9912256419058147	0.0	0.008774358094185253
25050	0.9912317516642573	0.0	0.008768248335742745
25100	0.9912378256603813	0.0	0.008762174339618678
25150	0.9912439260440933	0.0	0.008756073955906718
25200	0.9912500523270997	0.0	0.008749947672900271
25250	0.9912562040278285	0.0	0.008743795972171453
25300	0.9912623806713342	0.0	0.008737619328665791
25350	0.9912685817892	0.0	0.008731418210800035
25400	0.9912748069194449	0.0	0.008725193080555083
25450	0.9912810556064324	0.0	0.008718944393567574
25500	0.9912873274007806	0.0	0.008712672599219373
25550	0.9912936218592692	0.0	0.00870637814073083
25600	0.991299938544754	0.0	0.008700061455246044
25650	0.9913062770260821	0.0	0.008693722973917906
25700	0.9913126368780011	0.0	0.008687363121998914
25750	0.9913190176810819	0.0	0.008680982318918118
25800	0.9913254190216297	0.0	0.008674580978370261
25850	0.9913318404916087	0.0	0.008668159508391282
25900	0.9913382816885552	0.0	0.0086617183114448
25950	0.9913447422155071	0.0	0.008655257784492942
26000	0.991351221680918	0.0	0.008648778319081951
26050	0.9913577196985859	0.0	0.008642280301414118
26100	0.9913642358875768	0.0	0.008635764112423172
26150	0.9913707698721496	0.0	0.00862923012785044
26200	0.9913773212816838	0.0	0.008622678718316235
26250	0.9913838897506096	0.0	0.008616110249390352
26300	0.9913904749183318	0.0	0.008609525081668234
26350	0.9913956332939483	0.0	0.008604366706051692
26400	0.9914000754515802	0.0	0.008599924548419846
26450	0.9914045546083441	0.0	0.00859544539165591
26500	0.9914090701972741	0.0	0.00859092980272591
26550	0.9914136216587766	0.0	0.008586378341223444
26600	0.9914182084405323	0.0	0.0085817915594677
26650	0.9914228299973925	0.0	0.008577170002607493
26700	0.9914274857912792	0.0	0.00857251420872085
26750	0.9914321752910895	0.0	0.008567824708910488
26800	0.9914368979725994	0.0	0.008563102027400626
26850	0.9914416533183676	0.0	0.008558346681632356
26900	0.9914464408176409	0.0	0.008553559182359116
26950	0.991451259966267	0.0	0.00854874003373296
27000	0.9914561102665996	0.0	0.008543889733400367
27050	0.9914609912274092	0.0	0.00853900877259084
27100	0.9914659023638007	0.0	0.008534097636199278
27150	0.9914708431971185	0.0	0.008529156802881466
27200	0.9914758132548687	0.0	0.008524186745131335
27250	0.9914808120706307	0.0	0.008519187929369343
27300	0.9914858391839771	0.0	0.008514160816022853
27350	0.9914908941403903	0.0	0.008509105859609734
27400	0.9914959764911837	0.0	0.008504023508816294
27450	0.9915010857934236	0.0	0.008498914206576447
27500	0.9915062216098465	0.0	0.008493778390153528
27550	0.9915113835087888	0.0	0.008488616491211243
27600	0.9915165710641083	0.0	0.008483428935891713
27650	0.9915217838551084	0.0	0.008478216144891637
27700	0.991527021466468	0.0	0.008472978533532016
27750	0.9915322834881661	0.0	0.008467716511833867
27800	0.9915344452948204	0.0	0.008465554705179623
27850	0.9915321706267052	0.0	0.008467829373294822
27900	0.9915299695875888	0.0	0.008470030412411234
27950	0.9915278414292585	0.0	0.008472158570741462
28000	0.9915257854112738	0.0	0.008474214588726214
28050	0.9915238008008851	0.0	0.008476199199114909
28100	0.9915218868729377	0.0	0.008478113127062259
28150	0.9915200429097932	0.0	0.008479957090206769
28200	0.9915182682012357	0.0	0.008481731798764325
28250	0.9915165620443929	0.0	0.008483437955607132
28300	0.9915149237436481	0.0	0.008485076256351864
28350	0.9915133526105614	0.0	0.008486647389438606
28400	0.9915118479637847	0.0	0.008488152036215335
28450	0.9915104091289828	0.0	0.008489590871017194
28500	0.9915090354387553	0.0	0.008490964561244652
28550	0.9915077262325532	0.0	0.008492273767446767
28600	0.9915064808566069	0.0	0.008493519143393136
28650	0.9915052986638451	0.0	0.00849470133615493
28700	0.9915041790138233	0.0	0.008495820986176739
28750	0.9915031212726454	0.0	0.008496878727354606
28800	0.991502124812893	0.0	0.008497875187106985
28850	0.9915011890135483	0.0	0.008498810986451666
28900	0.9915003132599278	0.0	0.008499686740072177
28950	0.9914994969436063	0.0	0.008500503056393716
29000	0.9914987394623508	0.0	0.008501260537649213
29050	0.9914980402200474	0.0	0.008501959779952606
29100	0.9914973986266343	0.0	0.00850260137336567
29150	0.9914968140980372	0.0	0.008503185901962751
29200	0.991496286056099	0.0	0.008503713943901037
29250	0.9914958139285128	0.0	0.008504186071487174
29300	0.9914953971487614	0.0	0.008504602851238552
29350	0.9914950351560491	0.0	0.008504964843950913
29400	0.9914947273952408	0.0	0.008505272604759195
29450	0.9914923974653377	0.0	0.008507602534662317
29500	0.9914893190759707	0.0	0.00851068092402929
29550	0.9914862999285021	0.0	0.008513700071497876
29600	0.991483339532879	0.0	0.008516660467120962
29650	0.9914804374032403	0.0	0.008519562596759678
29700	0.9914775930578781	0.0	0.008522406942121918
29750	0.991474806019196	0.0	0.00852519398080398
29800	0.9914720758136747	0.0	0.008527924186325309
29850	0.9914694019718278	0.0	0.008530598028172243
29900	0.9914667840281687	0.0	0.00853321597183132
29950	0.9914642215211703	0.0	0.008535778478829692
30000	0.9914617139932304	0.0	0.008538286006769646
