280	2.0791617811947397e-23
285	3.5382167547786807e-15
290	2.668425171188132e-09
295	5.475097673182565e-06
300	0.000456655606901213
305	0.007399557967373363
310	0.022996059449560596
315	0.061777583644499985
320	0.093475219537484
325	0.12756855817704832
330	0.21650120774971549
335	0.21395282856825681
340	0.23241322535367748
345	0.21346524120886534
350	0.24656963905834445
355	0.2866961397383427
360	0.28163132367807464
365	0.29478209136696953
370	0.35836086740269174
375	0.2807935190417113
380	0.33521956506516665
385	0.32345431050997286
390	0.3842123615029479
395	0.39087766119549444
400	0.5411928204339213
405	0.5612742499231581
410	0.5131580773475539
415	0.6021567730993238
420	0.553784662932357
425	0.6179556720330169
430	0.4343614496113288
435	0.620619398591765
440	0.6751949951610092
445	0.7337933758187069
450	0.785519952695705
455	0.775101638038154
460	0.7806064956377807
465	0.7910538934523701
470	0.8007746346049794
475	0.8028951955471497
480	0.8181580067769713
485	0.8114680442353909
490	0.7512526631051264
495	0.8059091619795496
500	0.8075615997231286
505	0.7620712429710358
510	0.8329244712010019
515	0.7825412827560466
520	0.7360338982167418
525	0.8413476168087649
530	0.8527261798876111
535	0.8143830769923273
540	0.819498944638581
545	0.8454980633388824
550	0.8333904087829536
555	0.8373941007379729
560	0.782250903253392
565	0.818251275302134
570	0.8043473055602421
575	0.8236234165551946
580	0.8068727657203103
585	0.8462637175909253
590	0.708304633529716
595	0.7982150010440812
600	0.8067373932272826
605	0.8263585672710972
610	0.8190177952198548
615	0.7892873920467277
620	0.8224584851974905
625	0.7901836530604572
630	0.7920048958941647
635	0.8036027277535532
640	0.8260672555485957
645	0.8177501859769397
650	0.7663443696047131
655	0.8042782036328842
660	0.7921338002763623
665	0.7976124111833252
670	0.8239920704332939
675	0.807613326643795
680	0.8022372914396922
685	0.7921457325510504
690	0.6517812448185301
695	0.7220029746078137
700	0.750033493474725
705	0.7610666243698558
710	0.7637918677779343
715	0.7616598994926018
720	0.5408903707701104
725	0.6197926346299888
730	0.6159234595685299
735	0.7288019293500473
740	0.7036699476877947
745	0.7406102728198134
750	0.7335289840597953
755	0.73883501326134
760	0.7120764907983709
765	0.32185453605428105
770	0.6751201306496754
775	0.7060839199361657
780	0.7071672695217129
785	0.6948099991733444
790	0.6793717316984269
795	0.6634956314825113
800	0.6607526859855879
805	0.6545867259101464
810	0.6416323524755523
815	0.5507000634260512
820	0.5527562583978773
825	0.5720882774145845
830	0.5696434066349738
835	0.5736768929882058
840	0.6160847993432318
845	0.6079885578426041
850	0.608893192828609
855	0.5265828265788356
860	0.6146797958339643
865	0.6079958216234752
870	0.5906720480468313
875	0.5860266800038294
880	0.5846516287391967
885	0.5834814586316371
890	0.5854366137081498
895	0.5342073166422675
900	0.34491704089163056
905	0.5317980918235461
910	0.444231291884842
915	0.3958115623776626
920	0.46752791618052064
925	0.457355143109797
930	0.35002216554229393
935	0.09145324098589291
940	0.2540830724194012
945	0.18234367242524427
950	0.31566757398704604
955	0.2714603993633939
960	0.23966821461554602
965	0.294460835559002
970	0.4412987421618306
975	0.37053344130137117
980	0.41165188417895043
985	0.47634940029631584
990	0.48466767684163053
995	0.48866343533388296
1000	0.47931667596400507
1005	0.4701725430187117
1010	0.4685265552605818
1015	0.4698691967501958
1020	0.4497538916999241
1025	0.4516108407226187
1030	0.4494731558363065
1035	0.44612370404179097
1040	0.44429645615374896
1045	0.4396695749759788
1050	0.43414144872802046
1055	0.42652731004103167
1060	0.4088365003882136
1065	0.4181668590532885
1070	0.3884831522610724
1075	0.4124746154236766
1080	0.40186811572462644
1085	0.3849854476944828
1090	0.385970862632734
1095	0.3601219991563968
1100	0.3392831184464089
1105	0.3129363104702519
1110	0.27659687096679586
1115	0.20121055809159988
1120	0.07604993689371475
1125	0.07314999020046238
1130	0.07137321614510383
1135	0.028168305795707383
1140	0.20172468256383577
1145	0.07664682212928832
1150	0.14809756562258283
1155	0.09668671254116867
1160	0.22895230696860702
1165	0.27345808257559995
1170	0.2882856501042229
1175	0.22987357358745517
1180	0.3304655776494615
1185	0.2872175048860157
1190	0.28474664252260196
1195	0.3216164711649431
1200	0.2506027187069912
1205	0.24926335047878
1210	0.285259208487328
1215	0.29926894072006555
1220	0.3083207721532653
1225	0.30971364881366037
1230	0.3233431776677093
1235	0.32579240563432016
1240	0.32103634226599026
1245	0.3162657142181386
1250	0.31970172818546827
1255	0.3089362518449828
1260	0.2978974340099302
1265	0.259330683207716
1270	0.17230642633790788
1275	0.28421894483853805
1280	0.29746877790147214
1285	0.29517501558002984
1290	0.28750755110351484
1295	0.28422837123091005
1300	0.2875990270208517
1305	0.21188630681759962
1310	0.27106373209522394
1315	0.20369878574325814
1320	0.18994438492085688
1325	0.1858720348556003
1330	0.12589749745921266
1335	0.12012181847231941
1340	0.12562961395638628
1345	0.05380898213167949
1350	0.011507361747074356
1355	0.00020681316603732858
1360	5.241477705854675e-07
1365	9.709424550367335e-07
1370	3.695691415683132e-07
1375	0.00012829853261450832
1380	3.739372377694542e-05
1385	4.4269488583928137e-07
1390	0.00041737307673085845
1395	5.4315496346632615e-05
1400	0.0005847684291261205
1405	0.0005325316623681708
1410	0.00044671311698155135
1415	0.0002627229190863671
1420	0.0015501596713114957
1425	0.012284870171698947
1430	0.02754366276407873
1435	0.01520170298497793
1440	0.03705179845633592
1445	0.04490323698257605
1450	0.07429314483520874
1455	0.10018967707199085
1460	0.11886352330917486
1465	0.11078906237593546
1470	0.06927221161770931
1475	0.07116446446435973
1480	0.08782602374314241
1485	0.10070267328407753
1490	0.13912147460571322
1495	0.14948862903711668
1500	0.15986036628772485
1505	0.11787641979716908
1510	0.13757715370053736
1515	0.166303817811048
1520	0.18022357905005407
1525	0.20329285113263534
1530	0.20130425862010445
1535	0.19888923996996982
1540	0.20205766825710839
1545	0.20161498338224604
1550	0.20277973482549216
1555	0.1965223025547239
1560	0.19918320365492123
1565	0.19531842420254047
1570	0.18945075391899796
1575	0.17988368047310505
1580	0.17651747327098607
1585	0.18586949913923695
1590	0.17355162039040992
1595	0.19158114592361972
1600	0.18110801537368978
1605	0.1710800000493877
1610	0.17036644610387866
1615	0.1788490983357813
1620	0.1809702272236984
1625	0.18239515347417948
1630	0.18155750763273223
1635	0.1752745712322062
1640	0.16595875920216677
1645	0.16857895403797818
1650	0.16503659478208943
1655	0.16302847723930441
1660	0.1672228615073238
1665	0.16719397768371846
1670	0.1629267512754412
1675	0.16351094765837282
1680	0.16158468697410483
1685	0.15028667101714377
1690	0.15740872955252916
1695	0.15570604936928276
1700	0.1563970521621805
1705	0.15534430772409255
1710	0.1507598683950702
1715	0.14334465496595922
1720	0.14479622437543843
1725	0.1428721381360172
1730	0.1361801710748055
1735	0.13321936197062356
1740	0.12372758961292012
1745	0.128914642341722
1750	0.11875905116896637
1755	0.12718138981970126
1760	0.11756074463510022
1765	0.12301079391416803
1770	0.10222093145479838
1775	0.10913749485054039
1780	0.08850469962924676
1785	0.07751182693309906
1790	0.05941726858028672
1795	0.06867143614684915
1800	0.03627762190650394
1805	0.024621301909617317
1810	0.011468971679385766
1815	0.007507849653219278
1820	0.0025441711254685687
1825	0.0007661899998322384
1830	0.0009894603438137491
1835	4.043449756430924e-06
1840	4.990983490808917e-06
1845	4.87885575812e-08
1850	4.878829685519175e-06
1855	2.33704505964965e-06
1860	2.2141701017694504e-07
1865	8.701074000750784e-06
1870	1.3260250207664505e-05
1875	2.083329937554534e-10
1880	3.528838096548833e-10
1885	6.064511427178541e-05
1890	3.43660814137723e-05
1895	0.00017498808598140103
1900	0.00010151406006054075
1905	6.764947051940491e-07
1910	4.449124243773133e-07
1915	1.8105589465347096e-05
1920	1.5682087520859575e-05
1925	0.00035456285053772434
1930	0.0007369677336318602
1935	0.0004351699099762556
1940	0.0028326457358313815
1945	0.0025888703170409374
1950	0.008574145939130712
1955	0.013211146015002432
1960	0.00793164337010068
1965	0.017323851566303807
1970	0.022602828835161577
1975	0.03867882271856056
1980	0.05376568163872096
1985	0.05986877983606136
1990	0.06589686741681716
1995	0.06796235090244797
2000	0.06449136122261248
2005	0.030328672877681692
2010	0.011931660463130891
2015	0.03163622230615121
2020	0.021223704154139333
2025	0.035848539701064594
2030	0.05902243869942663
2035	0.06771615286029314
2040	0.07696712347263956
2045	0.07173910027953864
2050	0.0728189996588272
2055	0.05434632376248373
2060	0.043956552406547916
2065	0.0554294673814696
2070	0.049598340090429835
2075	0.05267816961741695
2080	0.06215511549365395
2085	0.06971783344444116
2090	0.06838675421255995
2095	0.07164349018735194
2100	0.07220786211417203
2105	0.06934231796481805
2110	0.07503148469414836
2115	0.07224882208374273
2120	0.07391220042711592
2125	0.0706532382201072
2130	0.07153028827292886
2135	0.07248717267983874
2140	0.07274040602793312
2145	0.07335985814459103
2150	0.07235930109767894
2155	0.06847274971956216
2160	0.06866811041178913
2165	0.06815820977064357
2170	0.06182269522171363
2175	0.0664605617781605
2180	0.0652365046385987
2185	0.06637041488648296
2190	0.06051025294864226
2195	0.06420722198134478
2200	0.06417520844770809
2205	0.05787309017270048
2210	0.0601830840360744
2215	0.06452650993740999
2220	0.0620800059013547
2225	0.06329738818635576
2230	0.06147584093584816
2235	0.06176924977553575
2240	0.060599596297511354
2245	0.059667663123867266
2250	0.05783730256193093
2255	0.05876518806075218
2260	0.05532449416122278
2265	0.05473075883528254
2270	0.055747244840460924
2275	0.053099026163505654
2280	0.0524332310784703
2285	0.05431747759185467
2290	0.051714932750096664
2295	0.051855815560781386
2300	0.050277446710604905
2305	0.04829834334596347
2310	0.04860742407321534
2315	0.05249352598315957
2320	0.047808550698973336
2325	0.0428054070685862
2330	0.04627017915094331
2335	0.046794241254683434
2340	0.04775866894214077
2345	0.037782268142170304
2350	0.0423890328980925
2355	0.03427011406413496
2360	0.03918551667837367
2365	0.041484884932381574
2370	0.04081866772792924
2375	0.025470001348069815
2380	0.036502695651907655
2385	0.03519882260311061
2390	0.025509916826387816
2395	0.030722328153164294
2400	0.03362164992151171
2405	0.03658217192231711
2410	0.02785133646777425
2415	0.028040361714878698
2420	0.02264863777130996
2425	0.022068693576793832
2430	0.02746475304739688
2435	0.037461128790590506
2440	0.012363325990129627
2445	0.035953649969805136
2450	0.01729672868765014
2455	0.011324192788874907
2460	0.020685699062468647
2465	0.02777985561723706
2470	0.02011494780415219
2475	0.013938884029840505
2480	0.013717639774530407
2485	0.006704732637285239
2490	0.004680594812184204
2495	0.002930625216835277
2500	0.0024023230458695985
2550	4.504583849174702e-11
2600	1.9202936416124173e-33
2650	7.591761292600425e-19
2700	6.035073441142911e-33
2750	1.1169383501209915e-23
2800	3.0867098742011394e-16
2850	3.4707754743095426e-05
2900	0.002285678099323698
2950	0.0012464478632171717
3000	0.003687995949092526
3050	0.0036401205194597614
3100	0.0005681173168155634
3150	0.0028281387109005064
3200	0.002348543776311146
3250	0.0006420113212727482
3300	0.0010727741275348148
3350	0.0031127539761668477
3400	0.008412858191315709
3450	0.009997573351951323
3500	0.010858970278221932
3550	0.00846804292483046
3600	0.008599163816113658
3650	0.009445703664703967
3700	0.009049821887239254
3750	0.009247722451264878
3800	0.00795605191036342
3850	0.00789237085062077
3900	0.0067335987009420895
3950	0.006805566064163137
4000	0.006519005759229412
4050	0.0
4100	0.0
4150	0.0
4200	0.0
4250	0.0
4300	0.0
4350	0.0
4400	0.0
4450	0.0
4500	0.0
4550	0.0
4600	0.0
4650	0.0
4700	0.0
4750	0.0
4800	0.0
4850	0.0
4900	0.0
4950	0.0
5000	0.0
5050	0.0
5100	0.0
5150	0.0
5200	0.0
5250	0.0
5300	0.0
5350	0.0
5400	0.0
5450	0.0
5500	0.0
5550	0.0
5600	0.0
5650	0.0
5700	0.0
5750	0.0
5800	0.0
5850	0.0
5900	0.0
5950	0.0
6000	0.0
6050	0.0
6100	0.0
6150	0.0
6200	0.0
6250	0.0
6300	0.0
6350	0.0
6400	0.0
6450	0.0
6500	0.0
6550	0.0
6600	0.0
6650	0.0
6700	0.0
6750	0.0
6800	0.0
6850	0.0
6900	0.0
6950	0.0
7000	0.0
7050	0.0
7100	0.0
7150	0.0
7200	0.0
7250	0.0
7300	0.0
7350	0.0
7400	0.0
7450	0.0
7500	0.0
7550	0.0
7600	0.0
7650	0.0
7700	0.0
7750	0.0
7800	0.0
7850	0.0
7900	0.0
7950	0.0
8000	0.0
8050	0.0
8100	0.0
8150	0.0
8200	0.0
8250	0.0
8300	0.0
8350	0.0
8400	0.0
8450	0.0
8500	0.0
8550	0.0
8600	0.0
8650	0.0
8700	0.0
8750	0.0
8800	0.0
8850	0.0
8900	0.0
8950	0.0
9000	0.0
9050	0.0
9100	0.0
9150	0.0
9200	0.0
9250	0.0
9300	0.0
9350	0.0
9400	0.0
9450	0.0
9500	0.0
9550	0.0
9600	0.0
9650	0.0
9700	0.0
9750	0.0
9800	0.0
9850	0.0
9900	0.0
9950	0.0
10000	0.0
10050	0.0
10100	0.0
10150	0.0
10200	0.0
10250	0.0
10300	0.0
10350	0.0
10400	0.0
10450	0.0
10500	0.0
10550	0.0
10600	0.0
10650	0.0
10700	0.0
10750	0.0
10800	0.0
10850	0.0
10900	0.0
10950	0.0
11000	0.0
11050	0.0
11100	0.0
11150	0.0
11200	0.0
11250	0.0
11300	0.0
11350	0.0
11400	0.0
11450	0.0
11500	0.0
11550	0.0
11600	0.0
11650	0.0
11700	0.0
11750	0.0
11800	0.0
11850	0.0
11900	0.0
11950	0.0
12000	0.0
12050	0.0
12100	0.0
12150	0.0
12200	0.0
12250	0.0
12300	0.0
12350	0.0
12400	0.0
12450	0.0
12500	0.0
12550	0.0
12600	0.0
12650	0.0
12700	0.0
12750	0.0
12800	0.0
12850	0.0
12900	0.0
12950	0.0
13000	0.0
13050	0.0
13100	0.0
13150	0.0
13200	0.0
13250	0.0
13300	0.0
13350	0.0
13400	0.0
13450	0.0
13500	0.0
13550	0.0
13600	0.0
13650	0.0
13700	0.0
13750	0.0
13800	0.0
13850	0.0
13900	0.0
13950	0.0
14000	0.0
14050	0.0
14100	0.0
14150	0.0
14200	0.0
14250	0.0
14300	0.0
14350	0.0
14400	0.0
14450	0.0
14500	0.0
14550	0.0
14600	0.0
14650	0.0
14700	0.0
14750	0.0
14800	0.0
14850	0.0
14900	0.0
14950	0.0
15000	0.0
15050	0.0
15100	0.0
15150	0.0
15200	0.0
15250	0.0
15300	0.0
15350	0.0
15400	0.0
15450	0.0
15500	0.0
15550	0.0
15600	0.0
15650	0.0
15700	0.0
15750	0.0
15800	0.0
15850	0.0
15900	0.0
15950	0.0
16000	0.0
16050	0.0
16100	0.0
16150	0.0
16200	0.0
16250	0.0
16300	0.0
16350	0.0
16400	0.0
16450	0.0
16500	0.0
16550	0.0
16600	0.0
16650	0.0
16700	0.0
16750	0.0
16800	0.0
16850	0.0
16900	0.0
16950	0.0
17000	0.0
17050	0.0
17100	0.0
17150	0.0
17200	0.0
17250	0.0
17300	0.0
17350	0.0
17400	0.0
17450	0.0
17500	0.0
17550	0.0
17600	0.0
17650	0.0
17700	0.0
17750	0.0
17800	0.0
17850	0.0
17900	0.0
17950	0.0
18000	0.0
18050	0.0
18100	0.0
18150	0.0
18200	0.0
18250	0.0
18300	0.0
18350	0.0
18400	0.0
18450	0.0
18500	0.0
18550	0.0
18600	0.0
18650	0.0
18700	0.0
18750	0.0
18800	0.0
18850	0.0
18900	0.0
18950	0.0
19000	0.0
19050	0.0
19100	0.0
19150	0.0
19200	0.0
19250	0.0
19300	0.0
19350	0.0
19400	0.0
19450	0.0
19500	0.0
19550	0.0
19600	0.0
19650	0.0
19700	0.0
19750	0.0
19800	0.0
19850	0.0
19900	0.0
19950	0.0
20000	0.0
20050	0.0
20100	0.0
20150	0.0
20200	0.0
20250	0.0
20300	0.0
20350	0.0
20400	0.0
20450	0.0
20500	0.0
20550	0.0
20600	0.0
20650	0.0
20700	0.0
20750	0.0
20800	0.0
20850	0.0
20900	0.0
20950	0.0
21000	0.0
21050	0.0
21100	0.0
21150	0.0
21200	0.0
21250	0.0
21300	0.0
21350	0.0
21400	0.0
21450	0.0
21500	0.0
21550	0.0
21600	0.0
21650	0.0
21700	0.0
21750	0.0
21800	0.0
21850	0.0
21900	0.0
21950	0.0
22000	0.0
22050	0.0
22100	0.0
22150	0.0
22200	0.0
22250	0.0
22300	0.0
22350	0.0
22400	0.0
22450	0.0
22500	0.0
22550	0.0
22600	0.0
22650	0.0
22700	0.0
22750	0.0
22800	0.0
22850	0.0
22900	0.0
22950	0.0
23000	0.0
23050	0.0
23100	0.0
23150	0.0
23200	0.0
23250	0.0
23300	0.0
23350	0.0
23400	0.0
23450	0.0
23500	0.0
23550	0.0
23600	0.0
23650	0.0
23700	0.0
23750	0.0
23800	0.0
23850	0.0
23900	0.0
23950	0.0
24000	0.0
24050	0.0
24100	0.0
24150	0.0
24200	0.0
24250	0.0
24300	0.0
24350	0.0
24400	0.0
24450	0.0
24500	0.0
24550	0.0
24600	0.0
24650	0.0
24700	0.0
24750	0.0
24800	0.0
24850	0.0
24900	0.0
24950	0.0
25000	0.0
25050	0.0
25100	0.0
25150	0.0
25200	0.0
25250	0.0
25300	0.0
25350	0.0
25400	0.0
25450	0.0
25500	0.0
25550	0.0
25600	0.0
25650	0.0
25700	0.0
25750	0.0
25800	0.0
25850	0.0
25900	0.0
25950	0.0
26000	0.0
26050	0.0
26100	0.0
26150	0.0
26200	0.0
26250	0.0
26300	0.0
26350	0.0
26400	0.0
26450	0.0
26500	0.0
26550	0.0
26600	0.0
26650	0.0
26700	0.0
26750	0.0
26800	0.0
26850	0.0
26900	0.0
26950	0.0
27000	0.0
27050	0.0
27100	0.0
27150	0.0
27200	0.0
27250	0.0
27300	0.0
27350	0.0
27400	0.0
27450	0.0
27500	0.0
27550	0.0
27600	0.0
27650	0.0
27700	0.0
27750	0.0
27800	0.0
27850	0.0
27900	0.0
27950	0.0
28000	0.0
28050	0.0
28100	0.0
28150	0.0
28200	0.0
28250	0.0
28300	0.0
28350	0.0
28400	0.0
28450	0.0
28500	0.0
28550	0.0
28600	0.0
28650	0.0
28700	0.0
28750	0.0
28800	0.0
28850	0.0
28900	0.0
28950	0.0
29000	0.0
29050	0.0
29100	0.0
29150	0.0
29200	0.0
29250	0.0
29300	0.0
29350	0.0
29400	0.0
29450	0.0
29500	0.0
29550	0.0
29600	0.0
29650	0.0
29700	0.0
29750	0.0
29800	0.0
29850	0.0
29900	0.0
29950	0.0
30000	0.0
