1.000000000000000000e+06 1.530960429915352847e+02 1.000000000000000000e+00 1.000000000000000000e+00
1.000000000000000000e+06 1.585985966646885856e+02 1.000000000000000000e+00 1.000000000000000000e+00
1.000000000000000000e+06 1.391151245110357024e+02 1.000000000000000000e+00 1.000000000000000000e+00
1.000000000000000000e+06 1.449166715418297429e+02 1.000000000000000000e+00 1.000000000000000000e+00
1.000000000000000000e+06 1.391489690651662841e+02 1.000000000000000000e+00 1.000000000000000000e+00
1.000000000000000000e+06 1.405671968077130600e+02 1.000000000000000000e+00 1.000000000000000000e+00
1.000000000000000000e+06 1.510062144010315137e+02 1.000000000000000000e+00 1.000000000000000000e+00
1.000000000000000000e+06 1.406927836271253511e+02 1.000000000000000000e+00 1.000000000000000000e+00
1.000000000000000000e+06 1.438649109130883517e+02 1.000000000000000000e+00 1.000000000000000000e+00
1.000000000000000000e+06 1.446687114289628084e+02 1.000000000000000000e+00 1.000000000000000000e+00
1.000000000000000000e+06 1.399796052960106749e+02 1.000000000000000000e+00 1.000000000000000000e+00
1.000000000000000000e+06 1.418959249732192234e+02 1.000000000000000000e+00 1.000000000000000000e+00
1.000000000000000000e+06 1.421831369664825218e+02 1.000000000000000000e+00 1.000000000000000000e+00
1.000000000000000000e+06 1.513196675770620914e+02 1.000000000000000000e+00 1.000000000000000000e+00
1.000000000000000000e+06 1.375393965209154032e+02 1.000000000000000000e+00 1.000000000000000000e+00
1.000000000000000000e+06 1.415937834535445177e+02 1.000000000000000000e+00 1.000000000000000000e+00
1.000000000000000000e+06 1.430674551606285263e+02 1.000000000000000000e+00 1.000000000000000000e+00
1.000000000000000000e+06 1.370268038556182830e+02 1.000000000000000000e+00 1.000000000000000000e+00
1.000000000000000000e+06 1.528002535657369947e+02 1.000000000000000000e+00 1.000000000000000000e+00
1.000000000000000000e+06 1.495496321250722076e+02 1.000000000000000000e+00 1.000000000000000000e+00
1.000000000000000000e+06 1.438896016031938245e+02 1.000000000000000000e+00 1.000000000000000000e+00
1.000000000000000000e+06 1.491164453978493327e+02 1.000000000000000000e+00 1.000000000000000000e+00
1.000000000000000000e+06 1.461370197563916520e+02 1.000000000000000000e+00 1.000000000000000000e+00
1.000000000000000000e+06 1.381374486191647577e+02 1.000000000000000000e+00 1.000000000000000000e+00
1.000000000000000000e+06 1.419417050049501370e+02 1.000000000000000000e+00 1.000000000000000000e+00
1.000000000000000000e+06 1.462357632643698366e+02 1.000000000000000000e+00 1.000000000000000000e+00
1.000000000000000000e+06 1.467661879243667329e+02 1.000000000000000000e+00 1.000000000000000000e+00
1.000000000000000000e+06 1.385028600482362435e+02 1.000000000000000000e+00 1.000000000000000000e+00
1.000000000000000000e+06 1.445560687354550851e+02 1.000000000000000000e+00 1.000000000000000000e+00
1.000000000000000000e+06 1.387816669626011219e+02 1.000000000000000000e+00 1.000000000000000000e+00
1.000000000000000000e+06 1.423615847294587695e+02 1.000000000000000000e+00 1.000000000000000000e+00
1.000000000000000000e+06 1.423937692729432172e+02 1.000000000000000000e+00 1.000000000000000000e+00
1.000000000000000000e+06 1.432066077361746750e+02 1.000000000000000000e+00 1.000000000000000000e+00
1.000000000000000000e+06 1.556753259126929265e+02 1.000000000000000000e+00 1.000000000000000000e+00
1.000000000000000000e+06 1.430204043877568267e+02 1.000000000000000000e+00 1.000000000000000000e+00
1.000000000000000000e+06 1.447352150065406420e+02 1.000000000000000000e+00 1.000000000000000000e+00
1.000000000000000000e+06 1.360980541705726523e+02 1.000000000000000000e+00 1.000000000000000000e+00
1.000000000000000000e+06 1.397541209381374188e+02 1.000000000000000000e+00 1.000000000000000000e+00
1.000000000000000000e+06 1.473968305952986100e+02 1.000000000000000000e+00 1.000000000000000000e+00
1.000000000000000000e+06 1.440487979285794324e+02 1.000000000000000000e+00 1.000000000000000000e+00
1.000000000000000000e+06 1.490155884208714099e+02 1.000000000000000000e+00 1.000000000000000000e+00
1.000000000000000000e+06 1.440508249675234822e+02 1.000000000000000000e+00 1.000000000000000000e+00
1.000000000000000000e+06 1.451820746068561050e+02 1.000000000000000000e+00 1.000000000000000000e+00
1.000000000000000000e+06 1.389372023714333295e+02 1.000000000000000000e+00 1.000000000000000000e+00
1.000000000000000000e+06 1.390402487734958470e+02 1.000000000000000000e+00 1.000000000000000000e+00
1.000000000000000000e+06 1.510299288850424659e+02 1.000000000000000000e+00 1.000000000000000000e+00
1.000000000000000000e+06 1.340529212173806286e+02 1.000000000000000000e+00 1.000000000000000000e+00
1.000000000000000000e+06 1.402087671511758629e+02 1.000000000000000000e+00 1.000000000000000000e+00
