2.9372591972351074
2.92109751701355
3.1117990016937256
2.98488187789917
3.0181634426116943
3.002000331878662
2.922515869140625
2.937570333480835
2.9855873584747314
2.9715769290924072
3.019137144088745
3.0026419162750244
2.9550817012786865
2.9550817012786865
3.0825915336608887
2.955742835998535
2.955442190170288
2.9409284591674805
2.97273588180542
2.925297737121582
2.989175796508789
2.9409737586975098
3.0044476985931396
2.940629482269287
3.0679636001586914
2.9727001190185547
2.925666093826294
2.957745313644409
2.973818778991699
3.0846946239471436
3.0846946239471436
3.1799800395965576
3.005544424057007
2.9093399047851562
2.9414191246032715
2.95815372467041
2.95815372467041
2.942486524581909
2.9736645221710205
2.957995653152466
2.9736645221710205
2.942990779876709
2.9586596488952637
2.974781036376953
2.974781036376953
2.974781036376953
2.959153890609741
2.927363634109497
