5.007076172207858278e-02 5.007076172207858278e-02 5.007076172207858278e-02 5.007076172207858278e-02 5.007076172207858278e-02 5.007076172207858278e-02 5.007076172207858278e-02 5.007076172207858278e-02 5.007076172207858278e-02 5.007076172207858278e-02 5.007076172207858278e-02 5.007076172207858278e-02 5.007076172207858278e-02 5.007076172207858278e-02 5.007076172207858278e-02 5.007076172207858278e-02 5.007076172207858278e-02 5.007076172207858278e-02 5.007076172207858278e-02 5.007076172207858278e-02 4.866516732817127711e-02
6.279478923909309618e-02 6.279478923909309618e-02 6.279478923909309618e-02 6.279478923909309618e-02 6.279478923909309618e-02 6.279478923909309618e-02 6.279478923909309618e-02 6.279478923909309618e-02 5.727262453541992482e-02 5.727262453541992482e-02 5.727262453541992482e-02 5.727262453541992482e-02 5.727262453541992482e-02 5.578583774107093163e-02 5.578583774107093163e-02 5.461118773566830953e-02 5.461118773566830953e-02 5.461118773566830953e-02 5.102671512174195012e-02 5.102671512174195012e-02 5.102671512174195012e-02 5.102671512174195012e-02 5.025424266827438480e-02 5.025424266827438480e-02
6.328480596003160930e-02 5.633795806082597668e-02 5.633795806082597668e-02 5.553284800087932016e-02 5.553284800087932016e-02 5.553284800087932016e-02 5.350982556904326781e-02 5.350982556904326781e-02 5.350982556904326781e-02 5.350982556904326781e-02 5.284470909927707627e-02 5.284470909927707627e-02 5.284470909927707627e-02 5.165590660282293189e-02 5.165590660282293189e-02 5.165590660282293189e-02 5.165590660282293189e-02 4.799132631458125076e-02 4.799132631458125076e-02 4.799132631458125076e-02 4.799132631458125076e-02 4.799132631458125076e-02 4.799132631458125076e-02
6.420284090826200440e-02 6.420284090826200440e-02 6.231093172428614491e-02 5.689854694862617190e-02 5.689854694862617190e-02 5.536458756757034472e-02 5.536458756757034472e-02 5.509062807558084973e-02 5.509062807558084973e-02 5.509062807558084973e-02 4.968244430347779073e-02 4.968244430347779073e-02 4.968244430347779073e-02 4.968244430347779073e-02 4.968244430347779073e-02 4.968244430347779073e-02 4.968244430347779073e-02 4.968244430347779073e-02 4.968244430347779073e-02 4.968244430347779073e-02 4.968244430347779073e-02 4.968244430347779073e-02 4.968244430347779073e-02
5.818693736390079252e-02 5.818693736390079252e-02 5.818693736390079252e-02 5.818693736390079252e-02 5.640499219620476179e-02 5.640499219620476179e-02 5.594432876184884940e-02 5.594432876184884940e-02 5.594432876184884940e-02 5.428044620607008763e-02 5.428044620607008763e-02 5.428044620607008763e-02 5.428044620607008763e-02 4.861060756722068721e-02 4.861060756722068721e-02 4.861060756722068721e-02 4.861060756722068721e-02 4.861060756722068721e-02 4.861060756722068721e-02
6.021447517205102962e-02 5.700479078751696793e-02 5.642380084473186397e-02 5.642380084473186397e-02 5.642380084473186397e-02 5.642380084473186397e-02 5.642380084473186397e-02 5.642380084473186397e-02 5.642380084473186397e-02 5.332343975251008228e-02 5.332343975251008228e-02 5.332343975251008228e-02 5.332343975251008228e-02 5.332343975251008228e-02 5.264187004429821126e-02 5.198924376819435977e-02 5.198924376819435977e-02 5.198924376819435977e-02 5.198924376819435977e-02 4.772836161739235639e-02 4.772836161739235639e-02 4.772836161739235639e-02
5.727123001113010314e-02 5.727123001113010314e-02 5.727123001113010314e-02 5.554981062210329057e-02 5.554981062210329057e-02 5.554981062210329057e-02 5.524838325186043342e-02 5.524838325186043342e-02 5.524838325186043342e-02 5.524838325186043342e-02 5.524838325186043342e-02 5.524838325186043342e-02 5.524838325186043342e-02 5.524838325186043342e-02 5.524838325186043342e-02 5.524838325186043342e-02 5.524838325186043342e-02 5.524838325186043342e-02 5.285793315922182600e-02 4.977847235926646796e-02 4.977847235926646796e-02 4.977847235926646796e-02
5.384643220699270039e-02 5.384643220699270039e-02 5.384643220699270039e-02 5.384643220699270039e-02 5.384643220699270039e-02 5.384643220699270039e-02 5.384643220699270039e-02 5.384643220699270039e-02 5.384643220699270039e-02 5.384643220699270039e-02 5.384643220699270039e-02 5.384643220699270039e-02 5.384643220699270039e-02 5.384643220699270039e-02 5.384643220699270039e-02 5.384643220699270039e-02 5.173688902293516190e-02 5.173688902293516190e-02 5.173688902293516190e-02 5.173688902293516190e-02
6.473005011921750818e-02 6.274443981911870249e-02 6.274443981911870249e-02 5.606285485511830480e-02 5.606285485511830480e-02 5.606285485511830480e-02 5.606285485511830480e-02 5.606285485511830480e-02 5.606285485511830480e-02 5.606285485511830480e-02 5.550195802821678015e-02 5.384699032720652312e-02 5.110861538788413760e-02 5.110861538788413760e-02 5.110861538788413760e-02 5.110861538788413760e-02 5.108663080151099045e-02 5.098660379363084694e-02 5.066748249304564577e-02 4.842247571794067174e-02
5.452013108347542047e-02 5.452013108347542047e-02 5.452013108347542047e-02 5.452013108347542047e-02 5.452013108347542047e-02 5.452013108347542047e-02 5.452013108347542047e-02 5.161850335734774475e-02 5.161850335734774475e-02 5.161850335734774475e-02 5.116958147825412251e-02 5.116958147825412251e-02 5.116958147825412251e-02 5.116958147825412251e-02 5.116958147825412251e-02 5.116958147825412251e-02 5.116958147825412251e-02 5.116958147825412251e-02 5.116958147825412251e-02 5.116958147825412251e-02 5.116958147825412251e-02 5.116958147825412251e-02 5.116958147825412251e-02
6.310463539243904574e-02 6.310463539243904574e-02 6.310463539243904574e-02 6.310463539243904574e-02 6.303853910505152758e-02 5.903236473347439617e-02 5.309784504205161682e-02 5.309784504205161682e-02 5.309784504205161682e-02 5.309784504205161682e-02 5.309784504205161682e-02 4.780519112442793705e-02 4.780519112442793705e-02 4.343879000543293678e-02 4.343879000543293678e-02 4.343879000543293678e-02 4.343879000543293678e-02 4.343879000543293678e-02 4.343879000543293678e-02 4.343879000543293678e-02 4.343879000543293678e-02
5.674662035981237196e-02 5.151663895503233448e-02 5.151663895503233448e-02 5.151663895503233448e-02 5.151663895503233448e-02 5.151663895503233448e-02 5.151663895503233448e-02 4.957744793730733956e-02 4.957744793730733956e-02 4.957744793730733956e-02 4.957744793730733956e-02 4.957744793730733956e-02 4.957744793730733956e-02 4.957744793730733956e-02 4.916038153906543418e-02 4.916038153906543418e-02 4.916038153906543418e-02 4.916038153906543418e-02 4.916038153906543418e-02 4.916038153906543418e-02
5.754053104511658301e-02 5.754053104511658301e-02 5.754053104511658301e-02 5.754053104511658301e-02 5.754053104511658301e-02 5.754053104511658301e-02 5.754053104511658301e-02 5.001904265811074612e-02 5.001904265811074612e-02 5.001904265811074612e-02 5.001904265811074612e-02 5.001904265811074612e-02 5.001904265811074612e-02 5.001904265811074612e-02 5.001904265811074612e-02 5.001904265811074612e-02 5.001904265811074612e-02 5.001904265811074612e-02 5.001904265811074612e-02 5.001904265811074612e-02 5.001904265811074612e-02 5.001904265811074612e-02 5.001904265811074612e-02
6.198052759544658841e-02 5.622134694147107314e-02 5.622134694147107314e-02 5.442607555368272898e-02 5.442607555368272898e-02 5.442607555368272898e-02 5.442607555368272898e-02 5.442607555368272898e-02 5.301487541613547627e-02 5.301487541613547627e-02 5.144975386579231369e-02 5.144975386579231369e-02 5.144975386579231369e-02 5.144975386579231369e-02 5.144975386579231369e-02 5.144975386579231369e-02 5.106928899801488342e-02 5.106928899801488342e-02 5.083469324384137789e-02
5.964975626430879529e-02 5.964975626430879529e-02 5.964975626430879529e-02 5.942698608881613609e-02 5.942698608881613609e-02 5.942698608881613609e-02 5.881026842474634808e-02 5.881026842474634808e-02 5.673633455763138489e-02 5.673633455763138489e-02 5.673633455763138489e-02 5.132965590812932355e-02 5.132965590812932355e-02 5.132965590812932355e-02 5.132965590812932355e-02 5.132965590812932355e-02 5.132965590812932355e-02 5.028280793220474276e-02 5.028280793220474276e-02 5.028280793220474276e-02 4.946434882548345069e-02 4.906745001570445019e-02
6.538250416602375825e-02 6.538250416602375825e-02 6.431322354631041627e-02 5.757171353109424849e-02 5.757171353109424849e-02 5.757171353109424849e-02 5.757171353109424849e-02 5.757171353109424849e-02 5.683742917690759455e-02 5.683742917690759455e-02 5.683742917690759455e-02 5.683742917690759455e-02 5.683742917690759455e-02 5.336856908067411087e-02 4.355771582451184454e-02 4.355771582451184454e-02 4.355771582451184454e-02 4.355771582451184454e-02 4.355771582451184454e-02 4.355771582451184454e-02 4.355771582451184454e-02 4.355771582451184454e-02
6.222347059137534053e-02 6.222347059137534053e-02 6.222347059137534053e-02 6.222347059137534053e-02 6.220517209780895840e-02 6.220517209780895840e-02 6.220517209780895840e-02 6.220517209780895840e-02 5.822621292793883629e-02 5.822621292793883629e-02 5.822621292793883629e-02 5.822621292793883629e-02 5.822621292793883629e-02 5.822621292793883629e-02 5.822621292793883629e-02 5.822621292793883629e-02 5.822621292793883629e-02 5.822621292793883629e-02 5.259127948149311393e-02 5.259127948149311393e-02 5.259127948149311393e-02 5.259127948149311393e-02 5.259127948149311393e-02 5.259127948149311393e-02 5.259127948149311393e-02 5.259127948149311393e-02 5.259127948149311393e-02 5.259127948149311393e-02 5.259127948149311393e-02
6.336056986332150309e-02 6.250610205720807944e-02 6.250610205720807944e-02 6.250610205720807944e-02 6.250610205720807944e-02 6.035246574227504102e-02 6.035246574227504102e-02 6.035246574227504102e-02 6.035246574227504102e-02 6.035246574227504102e-02 6.035246574227504102e-02 5.668165664660529401e-02 5.668165664660529401e-02 5.514795708193953594e-02 5.514795708193953594e-02 5.514795708193953594e-02 5.514795708193953594e-02 5.514795708193953594e-02 5.209381182941064115e-02 5.209381182941064115e-02 5.209381182941064115e-02 5.209381182941064115e-02 4.956115044149200788e-02
6.625812698376765120e-02 6.411979956093483146e-02 6.411979956093483146e-02 5.543276477171232841e-02 5.423998741579028060e-02 5.423998741579028060e-02 5.423998741579028060e-02 5.423998741579028060e-02 5.423998741579028060e-02 5.423998741579028060e-02 5.373560226290241548e-02 5.373560226290241548e-02 5.373560226290241548e-02 5.373560226290241548e-02 4.847845925275595658e-02 4.643921297396580439e-02 4.643921297396580439e-02 4.643921297396580439e-02 4.643921297396580439e-02 4.643921297396580439e-02 4.643921297396580439e-02
5.865028755938550553e-02 5.865028755938550553e-02 5.865028755938550553e-02 5.865028755938550553e-02 5.713705106420940982e-02 5.713705106420940982e-02 5.713705106420940982e-02 5.713705106420940982e-02 5.228203751665450039e-02 5.228203751665450039e-02 5.228203751665450039e-02 5.228203751665450039e-02 5.228203751665450039e-02 5.228203751665450039e-02 5.228203751665450039e-02 4.871280025251578660e-02 4.871280025251578660e-02 4.871280025251578660e-02 4.871280025251578660e-02 4.871280025251578660e-02 4.871280025251578660e-02 4.780784561738260496e-02 4.780784561738260496e-02 4.780784561738260496e-02
6.114461678513694043e-02 6.114461678513694043e-02 6.033611687393214407e-02 6.033611687393214407e-02 6.014528199031821121e-02 6.014528199031821121e-02 5.571548277518612036e-02 5.445736165909287330e-02 5.445736165909287330e-02 5.445736165909287330e-02 5.445736165909287330e-02 5.445736165909287330e-02 5.445736165909287330e-02 5.445736165909287330e-02 5.445736165909287330e-02 5.445736165909287330e-02 5.445736165909287330e-02 4.931864314382461423e-02 4.931864314382461423e-02 4.931864314382461423e-02 4.931864314382461423e-02 4.931864314382461423e-02 4.931864314382461423e-02
5.963609002467340492e-02 5.854566408987571524e-02 5.854566408987571524e-02 5.567284892299306787e-02 5.567284892299306787e-02 5.493783531677087772e-02 5.493783531677087772e-02 5.493783531677087772e-02 5.493783531677087772e-02 5.493783531677087772e-02 5.493783531677087772e-02 5.493783531677087772e-02 5.493783531677087772e-02 5.493783531677087772e-02 5.493783531677087772e-02 5.493783531677087772e-02 5.456636870750464219e-02 5.456636870750464219e-02 5.141186607769088202e-02 5.141186607769088202e-02 5.141186607769088202e-02 5.141186607769088202e-02 5.141186607769088202e-02 5.104686845271932949e-02 5.104686845271932949e-02
6.283669622653231812e-02 5.975204835984859741e-02 5.528015482209236442e-02 5.528015482209236442e-02 5.528015482209236442e-02 5.528015482209236442e-02 5.528015482209236442e-02 5.528015482209236442e-02 5.326149927229051340e-02 5.326149927229051340e-02 5.326149927229051340e-02 5.326149927229051340e-02 5.326149927229051340e-02 5.123791573462854743e-02 5.123791573462854743e-02 5.123791573462854743e-02 5.123791573462854743e-02 5.123791573462854743e-02 5.123791573462854743e-02 5.123791573462854743e-02 5.123791573462854743e-02 4.923867585463270746e-02 4.817323859492295135e-02
5.803602214578218454e-02 5.803602214578218454e-02 5.803602214578218454e-02 5.674316214238306344e-02 5.674316214238306344e-02 5.674316214238306344e-02 5.674316214238306344e-02 5.674316214238306344e-02 5.440490949209220162e-02 5.440490949209220162e-02 5.440490949209220162e-02 5.440490949209220162e-02 5.220210727577712095e-02 5.220210727577712095e-02 5.220210727577712095e-02 5.220210727577712095e-02 5.220210727577712095e-02 5.220210727577712095e-02 5.220210727577712095e-02 5.220210727577712095e-02 5.220210727577712095e-02
5.831069350966777698e-02 5.831069350966777698e-02 5.831069350966777698e-02 5.831069350966777698e-02 5.446416255146790952e-02 5.446416255146790952e-02 4.965207281684524965e-02 4.965207281684524965e-02 4.965207281684524965e-02 4.965207281684524965e-02 4.965207281684524965e-02 4.965207281684524965e-02 4.965207281684524965e-02 4.965207281684524965e-02 4.965207281684524965e-02 4.965207281684524965e-02 4.965207281684524965e-02 4.965207281684524965e-02 4.965207281684524965e-02 4.965207281684524965e-02 4.965207281684524965e-02
5.905829255085215390e-02 5.283914739735207089e-02 5.283914739735207089e-02 5.283914739735207089e-02 5.283914739735207089e-02 5.283914739735207089e-02 5.283914739735207089e-02 5.283914739735207089e-02 5.056309225097832538e-02 5.056309225097832538e-02 5.056309225097832538e-02 5.056309225097832538e-02 5.056309225097832538e-02 5.056309225097832538e-02 5.056309225097832538e-02 5.056309225097832538e-02 5.056309225097832538e-02 5.056309225097832538e-02 5.056309225097832538e-02 4.652742811765808728e-02 4.652742811765808728e-02 4.652742811765808728e-02
5.575619170265844193e-02 5.575619170265844193e-02 5.575619170265844193e-02 5.575619170265844193e-02 5.575619170265844193e-02 5.575619170265844193e-02 5.575619170265844193e-02 5.575619170265844193e-02 5.575619170265844193e-02 5.575619170265844193e-02 5.575619170265844193e-02 5.575619170265844193e-02 5.575619170265844193e-02 5.468115536633777474e-02 5.468115536633777474e-02 5.438733431081743674e-02 5.015571574381361142e-02 5.015571574381361142e-02 5.015571574381361142e-02 5.015571574381361142e-02 5.015571574381361142e-02 5.015571574381361142e-02 4.628686707647944321e-02 4.628686707647944321e-02 4.628686707647944321e-02 4.628686707647944321e-02 4.628686707647944321e-02 4.628686707647944321e-02
6.174674143950298344e-02 6.089195789522572344e-02 6.089195789522572344e-02 5.560771078414039614e-02 5.560771078414039614e-02 5.551575901884198139e-02 5.175294319309531321e-02 5.175294319309531321e-02 5.175294319309531321e-02 5.175294319309531321e-02 5.175294319309531321e-02 5.175294319309531321e-02 5.175294319309531321e-02 4.717997924162653511e-02 4.717997924162653511e-02 4.717997924162653511e-02 4.717997924162653511e-02 4.717997924162653511e-02 4.717997924162653511e-02
5.563634770578518296e-02 5.563634770578518296e-02 5.563634770578518296e-02 5.563634770578518296e-02 5.563634770578518296e-02 5.561445240449969241e-02 5.561445240449969241e-02 5.561445240449969241e-02 5.560919395889962757e-02 5.560919395889962757e-02 5.560919395889962757e-02 5.474296652079368997e-02 5.474296652079368997e-02 5.415242607984604994e-02 5.415242607984604994e-02 5.233600203062738210e-02 4.938408037487795887e-02 4.782389984350854384e-02 4.782389984350854384e-02 4.782389984350854384e-02
6.914221029634259885e-02 6.914221029634259885e-02 5.303831150405369232e-02 5.303831150405369232e-02 5.303831150405369232e-02 5.303831150405369232e-02 5.303831150405369232e-02 5.303831150405369232e-02 5.303831150405369232e-02 5.303831150405369232e-02 5.303831150405369232e-02 5.303831150405369232e-02 5.303831150405369232e-02 5.050025935798818644e-02 5.050025935798818644e-02 5.050025935798818644e-02 5.050025935798818644e-02 5.050025935798818644e-02 5.050025935798818644e-02 4.954250476276700343e-02 4.954250476276700343e-02
6.414378812424970100e-02 5.999264666554293690e-02 5.999264666554293690e-02 5.999264666554293690e-02 5.999264666554293690e-02 5.999264666554293690e-02 5.999264666554293690e-02 5.999264666554293690e-02 5.999264666554293690e-02 5.999264666554293690e-02 5.999264666554293690e-02 5.543636622957559545e-02 5.543636622957559545e-02 5.543636622957559545e-02 5.543636622957559545e-02 5.543636622957559545e-02 5.543636622957559545e-02 5.419569790843759005e-02 5.419569790843759005e-02 5.419569790843759005e-02 5.419569790843759005e-02 5.419569790843759005e-02 5.289174618821690377e-02 5.289174618821690377e-02
5.550734116953881525e-02 5.550734116953881525e-02 5.550734116953881525e-02 5.550734116953881525e-02 5.550734116953881525e-02 5.550734116953881525e-02 5.550734116953881525e-02 5.550734116953881525e-02 5.550734116953881525e-02 5.550734116953881525e-02 4.398573155706619886e-02 4.398573155706619886e-02 4.398573155706619886e-02 4.398573155706619886e-02 4.398573155706619886e-02 4.398573155706619886e-02 4.398573155706619886e-02 4.398573155706619886e-02 4.398573155706619886e-02 4.398573155706619886e-02 4.398573155706619886e-02
5.779782502944807998e-02 5.779782502944807998e-02 5.779782502944807998e-02 5.779782502944807998e-02 5.779782502944807998e-02 5.779782502944807998e-02 5.779782502944807998e-02 5.515891016833285310e-02 5.515891016833285310e-02 5.515891016833285310e-02 4.985924413092168717e-02 4.985924413092168717e-02 4.985924413092168717e-02 4.985924413092168717e-02 4.985924413092168717e-02 4.985924413092168717e-02 4.985924413092168717e-02 4.985924413092168717e-02 4.985924413092168717e-02 4.985924413092168717e-02 4.985924413092168717e-02 4.985924413092168717e-02
6.295847634874940368e-02 6.287755379860326954e-02 6.287755379860326954e-02 5.737368655465546752e-02 4.805405121773420607e-02 4.805405121773420607e-02 4.805405121773420607e-02 4.805405121773420607e-02 4.805405121773420607e-02 4.805405121773420607e-02 4.805405121773420607e-02 4.805405121773420607e-02 4.805405121773420607e-02 4.805405121773420607e-02 4.805405121773420607e-02 4.805405121773420607e-02 4.805405121773420607e-02 4.805405121773420607e-02 4.805405121773420607e-02
6.197002266977047480e-02 6.197002266977047480e-02 6.197002266977047480e-02 6.197002266977047480e-02 6.082457882661596038e-02 6.082457882661596038e-02 6.082457882661596038e-02 5.622234074959342465e-02 5.622234074959342465e-02 5.622234074959342465e-02 5.555006784124416619e-02 5.532670428300556775e-02 5.532670428300556775e-02 5.532670428300556775e-02 5.196386063569824465e-02 5.196386063569824465e-02 5.196386063569824465e-02 5.196386063569824465e-02 5.196386063569824465e-02 5.196386063569824465e-02 5.067672182065408037e-02 5.067672182065408037e-02
6.379802632414399710e-02 6.379802632414399710e-02 6.052922588333686793e-02 6.052922588333686793e-02 6.052922588333686793e-02 6.052922588333686793e-02 6.035701075083588218e-02 6.035701075083588218e-02 5.817439044873395915e-02 5.817439044873395915e-02 5.684827939931369478e-02 5.644845527928066264e-02 5.644845527928066264e-02 5.644845527928066264e-02 5.644845527928066264e-02 5.322422898743728314e-02 5.322422898743728314e-02 5.322422898743728314e-02 5.322422898743728314e-02 5.322422898743728314e-02 5.268147070380313490e-02 5.022075962900185431e-02
6.076129805261121231e-02 6.076129805261121231e-02 6.076129805261121231e-02 5.783481020954839291e-02 5.777391476576931861e-02 5.777391476576931861e-02 5.777391476576931861e-02 5.777391476576931861e-02 5.777391476576931861e-02 5.777391476576931861e-02 5.777391476576931861e-02 5.502476677673295846e-02 5.502476677673295846e-02 5.407357584874450396e-02 5.365873026273093593e-02 5.365873026273093593e-02 5.365873026273093593e-02 5.365873026273093593e-02 5.365873026273093593e-02 5.365873026273093593e-02
5.640912929030383882e-02 5.640912929030383882e-02 5.229474618645502115e-02 5.229474618645502115e-02 5.229474618645502115e-02 5.229474618645502115e-02 5.229474618645502115e-02 5.229474618645502115e-02 5.229474618645502115e-02 5.229474618645502115e-02 5.229474618645502115e-02 5.229474618645502115e-02 5.229474618645502115e-02 5.229474618645502115e-02 5.229474618645502115e-02 5.229474618645502115e-02 5.229474618645502115e-02 5.229474618645502115e-02 5.229474618645502115e-02 5.229474618645502115e-02 5.229474618645502115e-02 5.229474618645502115e-02 5.229474618645502115e-02
5.570991104896017010e-02 5.570991104896017010e-02 5.570991104896017010e-02 5.570991104896017010e-02 5.570991104896017010e-02 5.570991104896017010e-02 5.570991104896017010e-02 4.921445444954819504e-02 4.921445444954819504e-02 4.921445444954819504e-02 4.921445444954819504e-02 4.921445444954819504e-02 4.921445444954819504e-02 4.921445444954819504e-02 4.921445444954819504e-02 4.832773862633377160e-02 4.832773862633377160e-02 4.832773862633377160e-02 4.832773862633377160e-02 4.832773862633377160e-02 4.832773862633377160e-02
6.866434520901676386e-02 6.866434520901676386e-02 6.866434520901676386e-02 6.798971037922563188e-02 6.685341317795667759e-02 6.685341317795667759e-02 6.685341317795667759e-02 6.179260886291915167e-02 6.179260886291915167e-02 6.179260886291915167e-02 6.179260886291915167e-02 5.928368634338077037e-02 5.928368634338077037e-02 5.928368634338077037e-02 5.819310914653574862e-02 5.339013423768168565e-02 5.339013423768168565e-02 5.339013423768168565e-02 5.339013423768168565e-02 5.339013423768168565e-02 5.339013423768168565e-02 5.115192172440019558e-02 5.115192172440019558e-02 4.934487387834074479e-02
6.091739170351950783e-02 5.794373277647824061e-02 5.794373277647824061e-02 5.760714701519797920e-02 5.748618926457327305e-02 5.748618926457327305e-02 5.350829598237905049e-02 5.350829598237905049e-02 5.350829598237905049e-02 5.350829598237905049e-02 5.350829598237905049e-02 5.345425672534875883e-02 5.345425672534875883e-02 5.345425672534875883e-02 5.247902292952755232e-02 5.247902292952755232e-02 5.247902292952755232e-02 5.247902292952755232e-02 5.247902292952755232e-02 5.045148704807556062e-02 5.045148704807556062e-02 4.808287287075374561e-02
6.439876220765383685e-02 6.439876220765383685e-02 6.263077213143508626e-02 6.263077213143508626e-02 6.112333620267162981e-02 5.478046903373379184e-02 5.066823545549237195e-02 5.066823545549237195e-02 5.066823545549237195e-02 5.066823545549237195e-02 5.066823545549237195e-02 5.066823545549237195e-02 4.908731713110847661e-02 4.908731713110847661e-02 4.908731713110847661e-02 4.908731713110847661e-02 4.908731713110847661e-02 4.908731713110847661e-02 4.908731713110847661e-02 4.543527252973322828e-02 4.543527252973322828e-02 4.543527252973322828e-02
5.582098394713408407e-02 5.582098394713408407e-02 5.582098394713408407e-02 5.582098394713408407e-02 5.582098394713408407e-02 5.582098394713408407e-02 5.441849820819033567e-02 5.441849820819033567e-02 5.231155598500647486e-02 5.231155598500647486e-02 5.231155598500647486e-02 5.148592502733650988e-02 5.125137624904263500e-02 5.125137624904263500e-02 5.020397338257565067e-02 4.869969115701477946e-02 4.869969115701477946e-02 4.869969115701477946e-02 4.869969115701477946e-02 4.869969115701477946e-02 4.869969115701477946e-02 4.869969115701477946e-02
6.119869555942158978e-02 6.119869555942158978e-02 6.119869555942158978e-02 5.883004964864402275e-02 5.883004964864402275e-02 5.883004964864402275e-02 5.883004964864402275e-02 5.883004964864402275e-02 5.883004964864402275e-02 5.744945139180257510e-02 5.744945139180257510e-02 5.744945139180257510e-02 5.579303090076792593e-02 5.579303090076792593e-02 5.579303090076792593e-02 5.579303090076792593e-02 5.579303090076792593e-02 5.496563762216444271e-02 5.496563762216444271e-02 5.391308831841246096e-02 5.391308831841246096e-02
6.566468863566388148e-02 5.811294959516921654e-02 5.811294959516921654e-02 5.811294959516921654e-02 5.811294959516921654e-02 5.811294959516921654e-02 5.811294959516921654e-02 5.811294959516921654e-02 5.811294959516921654e-02 5.811294959516921654e-02 5.811294959516921654e-02 5.811294959516921654e-02 5.811294959516921654e-02 5.811294959516921654e-02 5.685868600622090430e-02 5.299803980080963761e-02 5.299803980080963761e-02 5.299803980080963761e-02 5.299803980080963761e-02 5.299803980080963761e-02 5.299803980080963761e-02
5.848646335095142312e-02 5.848646335095142312e-02 5.848646335095142312e-02 5.684292930982315362e-02 5.684292930982315362e-02 5.684292930982315362e-02 5.684292930982315362e-02 5.684292930982315362e-02 5.448502750670158878e-02 5.448502750670158878e-02 5.448502750670158878e-02 5.448502750670158878e-02 5.448502750670158878e-02 5.448502750670158878e-02 5.448502750670158878e-02 5.448502750670158878e-02 5.448502750670158878e-02 5.448502750670158878e-02 5.448502750670158878e-02 5.448502750670158878e-02 5.448502750670158878e-02 5.448502750670158878e-02 5.448502750670158878e-02 5.069435623201168362e-02
6.019204006793377193e-02 5.667680590123624906e-02 5.667680590123624906e-02 5.667680590123624906e-02 5.667680590123624906e-02 5.098570172670058298e-02 5.098570172670058298e-02 5.098570172670058298e-02 5.098570172670058298e-02 5.040612812035238921e-02 5.040612812035238921e-02 5.040612812035238921e-02 5.040612812035238921e-02 4.678160485007998304e-02 4.678160485007998304e-02 4.678160485007998304e-02 4.678160485007998304e-02 4.678160485007998304e-02 4.678160485007998304e-02 4.678160485007998304e-02 4.678160485007998304e-02 4.678160485007998304e-02
5.734684428673586520e-02 5.734684428673586520e-02 5.734684428673586520e-02 5.734684428673586520e-02 5.734684428673586520e-02 5.400351212127407763e-02 5.400351212127407763e-02 5.301048860422075126e-02 5.301048860422075126e-02 5.301048860422075126e-02 5.301048860422075126e-02 5.301048860422075126e-02 4.670393727784860616e-02 4.670393727784860616e-02 4.670393727784860616e-02 4.670393727784860616e-02 4.670393727784860616e-02 4.670393727784860616e-02 4.670393727784860616e-02 4.670393727784860616e-02 4.670393727784860616e-02 4.670393727784860616e-02
