7.438042402267456
7.264811992645264
6.896860837936401
6.292892217636108
6.924200773239136
5.919977188110352
6.117480754852295
6.267636060714722
7.403745412826538
6.1496734619140625
6.698619604110718
6.952390670776367
6.195888042449951
5.913535118103027
6.436666488647461
6.338827610015869
6.947055816650391
5.875888109207153
6.09293532371521
5.999990463256836
6.06289529800415
5.047431468963623
5.0484559535980225
5.064107418060303
4.867344617843628
5.266819000244141
4.938747406005859
5.360202074050903
5.203284502029419
4.701740741729736
4.857792854309082
5.124958038330078
5.077359437942505
5.114359140396118
4.891937255859375
4.671740770339966
4.718854904174805
4.687575578689575
4.985258102416992
4.750084638595581
4.689162254333496
4.576845169067383
4.905733585357666
4.656291484832764
4.999063968658447
4.76539421081543
4.749140024185181
5.046821117401123
