206.6	0.122846741	2.287852499
210.8950832	0.127663239	2.343802006
215.2794584	0.132638076	2.400694912
219.7549821	0.137780447	2.458564662
224.323549	0.143101094	2.517444987
228.9870936	0.148612342	2.577369802
233.7475903	0.15432813	2.638373114
238.6070547	0.160264034	2.700488929
243.5675442	0.16643729	2.763751165
248.6311593	0.172866814	2.828193563
253.8000437	0.179573224	2.893849609
259.0763859	0.186578868	2.960752446
264.4624199	0.193907856	3.028934791
269.9604262	0.201586093	3.098428846
275.5727325	0.209641336	3.169266193
281.3017151	0.218103237	3.241477688
287.1497997	0.22700341	3.31509333
293.1194622	0.236375499	3.390142115
299.2132302	0.246255243	3.466651856
305.4336838	0.256680548	3.544648979
311.7834567	0.267691555	3.624158282
318.2652374	0.279330687	3.705202642
324.8817702	0.291642683	3.787802684
331.6358565	0.304674596	3.871976395
338.5303559	0.318475743	3.957738675
345.5681877	0.333097591	4.045100838
352.7523315	0.348593556	4.134070053
360.0858291	0.365018681	4.224648732
367.5717855	0.382429183	4.316833892
375.2133702	0.400881806	4.410616489
383.0138186	0.420432981	4.505980791
390.9764334	0.441137724	4.602903816
399.1045859	0.463048279	4.701354915
407.4017175	0.486212467	4.801295587
415.8713413	0.51067177	4.902679633
424.5170432	0.536459165	5.005453778
433.3424837	0.563596803	5.109558891
442.3513996	0.592093644	5.214931939
451.5476051	0.62194323	5.321508811
460.9349939	0.653121813	5.429228102
470.5175406	0.685587146	5.538035914
480.2993023	0.719278241	5.647891685
490.2844207	0.754116468	5.758774969
500.4771234	0.790008397	5.870693043
510.8817259	0.826850779	5.983689124
521.5026335	0.864538125	6.09785093
532.3443431	0.902973344	6.213319256
543.4114449	0.942082057	6.33029617
554.7086248	0.981831304	6.449052356
566.2406659	1.022253737	6.569932967
578.0124508	1.063478817	6.693361057
590.0289637	1.105773347	6.819837024
602.2952923	1.149594701	6.949931286
614.8166301	1.195661642	7.084264998
627.5982785	1.245049224	7.223469076
640.6456494	1.299315349	7.36810319
653.9642668	1.360664218	7.518500731
667.5597698	1.432138653	7.67447901
681.4379148	1.517790278	7.834814986
695.6045776	1.622666192	7.996354105
710.0657563	1.752227133	8.152676478
724.8275738	1.91052144	8.292597883
739.8962801	2.096478917	8.39965903
755.2782553	2.298903888	8.454776754
770.980012	2.493347143	8.443684434
787.0081983	2.645617435	8.367043414
803.3696005	2.723491279	8.246450066
820.0711458	2.711037058	8.119920696
837.1199057	2.615965643	8.027720599
854.5230985	2.464780829	7.99728212
872.2880927	2.289721644	8.036555493
890.4224098	2.116797937	8.137837134
908.933728	1.961008257	8.286476761
927.8298847	1.827896278	8.467966442
947.1188805	1.717352766	8.671111225
966.8088824	1.626804727	8.888371717
986.9082269	1.55306619	9.115070964
1007.425424	1.493167941	9.348463259
1028.369161	1.444627315	9.587009605
1049.748305	1.405468774	9.829893881
1071.571907	1.374155653	10.07672224
1093.849209	1.349503292	10.32734302
1116.589641	1.330599689	10.58174086
1139.802833	1.316740857	10.8399752
1163.498612	1.30738074	11.10214486
1187.687011	1.302093356	11.36836787
1212.378272	1.300544486	11.63877031
1237.582849	1.302470563	11.91348017
1263.311413	1.30766294	12.1926243
1289.574857	1.315956113	12.47632702
1316.384302	1.327218867	12.76470962
1343.751098	1.341347584	13.05789048
1371.686833	1.358261146	13.35598526
1400.203333	1.377897027	13.65910735
1429.312674	1.400208275	13.96736821
1459.02718	1.425161167	14.28087779
1489.359431	1.452733355	14.59974483
1520.322271	1.482912411	14.92407714
1551.928808	1.515694651	15.2539818
1584.192425	1.551084195	15.58956535
1617.126783	1.589092192	15.93093394
1650.745825	1.629736182	16.27819335
1685.063785	1.673039567	16.63144911
1720.095194	1.719031154	16.99080652
1755.854884	1.767744771	17.3563706
1792.357996	1.819218933	17.72824614
1829.619984	1.873496538	18.10653765
1867.656625	1.930624604	18.4913493
1906.484023	1.990654023	18.88278488
1946.118619	2.053639337	19.28094774
1986.577193	2.119638528	19.68594069
2027.876875	2.188712809	20.09786598
2070.035151	2.260926433	20.51682519
2113.069871	2.336346497	20.94291914
2156.999256	2.41504275	21.37624782
2201.841905	2.497087399	21.81691034
2247.616804	2.582554916	22.2650048
2294.343334	2.671521832	22.72062824
2342.041279	2.764066531	23.18387656
2390.730835	2.860269039	23.65484448
2440.432615	2.960210796	24.13362543
2491.167664	3.063974424	24.62031155
2542.957462	3.171643486	25.1149936
2595.823938	3.28330223	25.61776098
2649.789474	3.399035321	26.12870166
2704.87692	3.518927568	26.64790222
2761.109598	3.643063627	27.17544786
2818.511318	3.771527703	27.71142243
2877.106384	3.904403237	28.25590848
2936.919604	4.041772575	28.80898738
2997.976303	4.183716642	29.37073939
3060.302332	4.33031459	29.94124384
3123.92408	4.48164345	30.52057931
3188.868484	4.637777778	31.10882383
3255.163041	4.798789294	31.70605512
3322.835819	4.964746527	32.31235095
3391.915472	5.135714459	32.92778941
3462.431247	5.311754182	33.55244938
3534.413001	5.492922566	34.18641091
3607.891209	5.679271947	34.82975576
3682.896983	5.870849837	35.48256794
3759.462079	6.067698667	36.14493431
3837.618916	6.269855569	36.81694527
3917.400583	6.477352203	37.49869547
3998.840861	6.690214636	38.19028457
4081.97423	6.90846329	38.89181812
4166.83589	7.132112955	39.6034084
4253.46177	7.36117289	40.32517536
4341.888547	7.595647005	41.0572476
4432.153661	7.835534158	41.79976337
4524.295329	8.08082854	42.55287158
4618.352565	8.331520197	43.31673287
4714.36519	8.587595661	44.09152061
4812.373858	8.849038716	44.877422
4912.420063	9.115831304	45.67463899
5014.546166	9.387954561	46.48338931
5118.795406	9.665389996	47.30390732
5225.211921	9.948120811	48.1364449
5333.840769	10.23613335	48.9812721
5444.727941	10.52941867	49.83867781
5557.920388	10.82797428	50.70897018
5673.466033	11.13180587	51.592477
5791.4138	11.44092929	52.4895458
5911.813626	11.75537248	53.40054382
6034.716488	12.07517751	54.3258578
6160.174423	12.40040264	55.26589347
6288.240549	12.73112437	56.22107493
6418.969089	13.06743952	57.19184373
6552.415392	13.4094672	58.17865772
6688.635959	13.75735076	59.18198974
6827.688466	14.11125961	60.20232601
6969.631786	14.47139089	61.24016436
7114.526018	14.83797107	62.29601226
7262.432509	15.21125724	63.37038465
7413.413883	15.59153835	64.46380166
7567.534063	15.9791361	65.57678612
7724.858305	16.37440568	66.709861
7885.453218	16.77773621	67.86354682
8049.386798	17.189551	69.03835893
8216.728453	17.61030748	70.23480477
8387.549035	18.04049689	71.4533812
8561.920869	18.48064377	72.69457179
8739.917783	18.93130515	73.95884422
8921.61514	19.39306952	75.24664775
9107.089869	19.86655559	76.55841077
9296.420502	20.35241085	77.89453853
9489.687198	20.85130994	79.25541095
9686.971786	21.36395281	80.64138069
9888.357796	21.89106287	82.05277128
10093.93049	22.43338482	83.4898755
10303.77692	22.99168257	84.95295395
10517.98592	23.56673694	86.44223373
10736.64818	24.15934335	87.95790747
10959.8563	24.77030949	89.50013235
11187.70477	25.40045293	91.06902946
11420.29007	26.05059874	92.66468328
11657.71067	26.72157707	94.28714131
11900.0671	27.41422083	95.93641391
12147.46196	28.1293633	97.6124743
12400	28.86783587	99.31525862
12500	28.86783587	99.31525862
