200.0	1.76880693760111	0.0
210.0	1.75143133976364	0.0
220.0	1.73785170825256	0.0
230.0	1.72695760859954	0.0
240.0	1.7180304815141	0.0
250.0	1.71058561564688	0.0
260.0	1.70428460189591	0.0
270.0	1.69888423964118	0.0
280.0	1.69420538634263	0.0
290.0	1.69011324771037	0.0
300.0	1.68650450168886	0.0
310.0	1.6832986496856	0.0
320.0	1.68043206368627	0.0
330.0	1.67785379946485	0.0
340.0	1.6755225946931	0.0
350.0	1.67340467913375	0.0
360.0	1.671472152165	0.0
370.0	1.66970176356874	0.0
380.0	1.66807398550328	0.0
390.0	1.66657229776827	0.0
400.0	1.66518263137125	0.0
410.0	1.66389293101029	0.0
420.0	1.66269280788648	0.0
430.0	1.66157326184313	0.0
440.0	1.66052645722302	0.0
450.0	1.65954554072179	0.0
460.0	1.65862449234672	0.0
470.0	1.65775800267602	0.0
480.0	1.65694137116491	0.0
490.0	1.65617042140963	0.0
500.0	1.65544143016297	0.0
510.0	1.65475106756902	0.0
520.0	1.65409634660341	0.0
530.0	1.65347458010791	0.0
540.0	1.65288334412217	0.0
550.0	1.65232044646257	0.0
560.0	1.65178389969337	0.0
570.0	1.65127189779061	0.0
580.0	1.65078279592389	0.0
590.0	1.65031509288089	0.0
600.0	1.64986741574057	0.0
610.0	1.64943850646664	0.0
620.0	1.6490272101465	0.0
630.0	1.64863246464501	0.0
640.0	1.64825329147849	0.0
650.0	1.64788878774438	0.0
660.0	1.64753811896698	0.0
670.0	1.64720051274012	0.0
680.0	1.64687525306529	0.0
690.0	1.64656167529805	0.0
700.0	1.6462591616278	0.0
710.0	1.64596713702657	0.0
720.0	1.64568506561086	0.0
730.0	1.64541244736834	0.0
740.0	1.6451488152075	0.0
750.0	1.64489373229359	0.0
760.0	1.64464678963897	0.0
770.0	1.6444076039201	0.0
780.0	1.64417581549659	0.0
790.0	1.64395108661084	0.0
800.0	1.64373309974943	0.0
810.0	1.64352155614943	0.0
820.0	1.6433161744351	0.0
830.0	1.64311668937169	0.0
840.0	1.64292285072488	0.0
850.0	1.64273442221557	0.0
860.0	1.64255118056085	0.0
870.0	1.64237291459288	0.0
880.0	1.64219942444853	0.0
890.0	1.64203052082321	0.0
900.0	1.6418660242829	0.0
910.0	1.6417057646294	0.0
920.0	1.64154958031379	0.0
930.0	1.64139731789414	0.0
940.0	1.6412488315334	0.0
950.0	1.64110398253418	0.0
960.0	1.6409626389073	0.0
970.0	1.64082467497116	0.0
980.0	1.64068997097952	0.0
990.0	1.64055841277534	0.0
1000.0	1.64042989146854	0.0
1010.0	1.64030430313578	0.0
1020.0	1.64018154854054	0.0
1030.0	1.64006153287197	0.0
1040.0	1.63994416550091	0.0
1050.0	1.63982935975198	0.0
1060.0	1.63971703269028	0.0
1070.0	1.63960710492188	0.0
1080.0	1.63949950040688	0.0
1090.0	1.63939414628414	0.0
1100.0	1.63929097270699	0.0
1110.0	1.63918991268894	0.0
1120.0	1.63909090195877	0.0
1130.0	1.63899387882444	0.0
1140.0	1.63889878404493	0.0
1150.0	1.63880556070982	0.0
1160.0	1.63871415412577	0.0
1170.0	1.63862451170966	0.0
1180.0	1.63853658288778	0.0
1190.0	1.63845031900078	0.0
1200.0	1.63836567321397	0.0
1210.0	1.63828260043259	0.0
1220.0	1.63820105722179	0.0
1230.0	1.63812100173094	0.0
1240.0	1.63804239362208	0.0
1250.0	1.63796519400221	0.0
1260.0	1.63788936535916	0.0
1270.0	1.63781487150088	0.0
1280.0	1.63774167749787	0.0
1290.0	1.6376697496286	0.0
1300.0	1.63759905532779	0.0
1310.0	1.63752956313722	0.0
1320.0	1.63746124265916	0.0
1330.0	1.63739406451201	0.0
1340.0	1.63732800028821	0.0
1350.0	1.63726302251425	0.0
1360.0	1.63719910461255	0.0
1370.0	1.63713622086527	0.0
1380.0	1.63707434637983	0.0
1390.0	1.63701345705605	0.0
1400.0	1.63695352955491	0.0
1410.0	1.63689454126872	0.0
1420.0	1.63683647029269	0.0
1430.0	1.63677929539786	0.0
1440.0	1.63672299600521	0.0
1450.0	1.63666755216099	0.0
1460.0	1.63661294451315	0.0
1470.0	1.63655915428884	0.0
1480.0	1.6365061632729	0.0
1490.0	1.63645395378731	0.0
1500.0	1.63640250867152	0.0
1510.0	1.63635181126371	0.0
1520.0	1.63630184538271	0.0
1530.0	1.6362525953109	0.0
1540.0	1.63620404577766	0.0
1550.0	1.6361561819436	0.0
1560.0	1.63610898938549	0.0
1570.0	1.63606245408172	0.0
1580.0	1.63601656239847	0.0
1590.0	1.63597130107635	0.0
1600.0	1.63592665721766	0.0
1610.0	1.63588261827416	0.0
1620.0	1.63583917203528	0.0
1630.0	1.63579630661684	0.0
1640.0	1.63575401045026	0.0
1650.0	1.6357122722721	0.0
1660.0	1.63567108111412	0.0
1670.0	1.63563042629361	0.0
1680.0	1.63559029740423	0.0
1690.0	1.63555068430706	0.0
1700.0	1.63551157712214	0.0
1710.0	1.63547296622018	0.0
1720.0	1.63543484221472	0.0
1730.0	1.6353971959545	0.0
1740.0	1.63536001851612	0.0
1750.0	1.63532330119705	0.0
1760.0	1.63528703550877	0.0
1770.0	1.63525121317029	0.0
1780.0	1.6352158261018	0.0
1790.0	1.63518086641864	0.0
1800.0	1.63514632642541	0.0
1810.0	1.63511219861035	0.0
1820.0	1.63507847563987	0.0
1830.0	1.63504515035334	0.0
1840.0	1.63501221575798	0.0
1850.0	1.63497966502398	0.0
1860.0	1.63494749147979	0.0
1870.0	1.63491568860757	0.0
1880.0	1.63488425003877	0.0
1890.0	1.6348531695499	0.0
1900.0	1.63482244105838	0.0
1910.0	1.63479205861866	0.0
1920.0	1.63476201641827	0.0
1930.0	1.63473230877424	0.0
1940.0	1.63470293012939	0.0
1950.0	1.63467387504898	0.0
1960.0	1.63464513821728	0.0
1970.0	1.63461671443437	0.0
1980.0	1.63458859861299	0.0
1990.0	1.63456078577548	0.0
2000.0	1.63453327105092	0.0
2010.0	1.6345060496722	0.0
2020.0	1.63447911697331	0.0
2030.0	1.63445246838668	0.0
2040.0	1.63442609944058	0.0
2050.0	1.63440000575662	0.0
2060.0	1.63437418304734	0.0
2070.0	1.63434862711386	0.0
2080.0	1.63432333384359	0.0
2090.0	1.63429829920805	0.0
2100.0	1.6342735192607	0.0
2110.0	1.63424899013488	0.0
2120.0	1.63422470804182	0.0
2130.0	1.63420066926866	0.0
2140.0	1.63417687017657	0.0
2150.0	1.63415330719891	0.0
2160.0	1.63412997683946	0.0
2170.0	1.63410687567067	0.0
2180.0	1.63408400033202	0.0
2190.0	1.63406134752833	0.0
2200.0	1.63403891402825	0.0
2210.0	1.63401669666266	0.0
2220.0	1.63399469232321	0.0
2230.0	1.63397289796088	0.0
2240.0	1.63395131058455	0.0
2250.0	1.63392992725964	0.0
2260.0	1.63390874510677	0.0
2270.0	1.63388776130048	0.0
2280.0	1.633866973068	0.0
2290.0	1.63384637768796	0.0
2300.0	1.63382597248926	0.0
2310.0	1.63380575484991	0.0
2320.0	1.63378572219589	0.0
2330.0	1.63376587200004	0.0
2340.0	1.63374620178106	0.0
2350.0	1.63372670910241	0.0
2360.0	1.63370739157133	0.0
2370.0	1.63368824683789	0.0
2380.0	1.63366927259397	0.0
2390.0	1.63365046657241	0.0
2400.0	1.63363182654604	0.0
2410.0	1.63361335032685	0.0
2420.0	1.6335950357651	0.0
2430.0	1.63357688074851	0.0
2440.0	1.63355888320143	0.0
2450.0	1.63354104108408	0.0
2460.0	1.63352335239172	0.0
2470.0	1.63350581515397	0.0
2480.0	1.63348842743403	0.0
2490.0	1.63347118732798	0.0
2500.0	1.63345409296409	0.0
2510.0	1.63343714250214	0.0
2520.0	1.63342033413276	0.0
2530.0	1.63340366607679	0.0
2540.0	1.63338713658464	0.0
2550.0	1.6333707439357	0.0
2560.0	1.6333544864377	0.0
2570.0	1.63333836242619	0.0
2580.0	1.63332237026393	0.0
2590.0	1.63330650834032	0.0
2600.0	1.63329077507092	0.0
2610.0	1.63327516889686	0.0
2620.0	1.63325968828438	0.0
2630.0	1.63324433172426	0.0
2640.0	1.6332290977314	0.0
2650.0	1.63321398484431	0.0
2660.0	1.63319899162462	0.0
2670.0	1.63318411665667	0.0
2680.0	1.63316935854703	0.0
2690.0	1.63315471592407	0.0
2700.0	1.63314018743757	0.0
2710.0	1.63312577175824	0.0
2720.0	1.63311146757737	0.0
2730.0	1.63309727360641	0.0
2740.0	1.6330831885766	0.0
2750.0	1.63306921123856	0.0
2760.0	1.63305534036196	0.0
2770.0	1.63304157473512	0.0
2780.0	1.6330279131647	0.0
2790.0	1.63301435447531	0.0
2800.0	1.63300089750921	0.0
2810.0	1.63298754112595	0.0
2820.0	1.6329742842021	0.0
2830.0	1.63296112563085	0.0
2840.0	1.63294806432178	0.0
2850.0	1.63293509920052	0.0
2860.0	1.63292222920847	0.0
2870.0	1.6329094533025	0.0
2880.0	1.63289677045469	0.0
2890.0	1.63288417965202	0.0
2900.0	1.63287167989613	0.0
2910.0	1.63285927020304	0.0
2920.0	1.63284694960291	0.0
2930.0	1.63283471713976	0.0
2940.0	1.63282257187124	0.0
2950.0	1.6328105128684	0.0
2960.0	1.63279853921541	0.0
2970.0	1.6327866500094	0.0
2980.0	1.63277484436015	0.0
2990.0	1.63276312138992	0.0
3000.0	1.63275148023324	0.0
3010.0	1.63273992003665	0.0
3020.0	1.63272843995854	0.0
3030.0	1.6327170391689	0.0
3040.0	1.63270571684918	0.0
3050.0	1.63269447219202	0.0
3060.0	1.63268330440113	0.0
3070.0	1.63267221269105	0.0
3080.0	1.63266119628698	0.0
3090.0	1.63265025442463	0.0
3100.0	1.63263938635	0.0
3110.0	1.63262859131921	0.0
3120.0	1.63261786859839	0.0
3130.0	1.63260721746341	0.0
3140.0	1.63259663719982	0.0
3150.0	1.63258612710264	0.0
3160.0	1.63257568647618	0.0
3170.0	1.63256531463396	0.0
3180.0	1.63255501089847	0.0
3190.0	1.6325447746011	0.0
3200.0	1.63253460508196	0.0
3210.0	1.63252450168972	0.0
3220.0	1.63251446378152	0.0
3230.0	1.63250449072278	0.0
3240.0	1.63249458188711	0.0
3250.0	1.63248473665616	0.0
3260.0	1.63247495441949	0.0
3270.0	1.63246523457443	0.0
3280.0	1.63245557652601	0.0
3290.0	1.63244597968676	0.0
3300.0	1.63243644347667	0.0
3310.0	1.632426967323	0.0
3320.0	1.63241755066023	0.0
3330.0	1.6324081929299	0.0
3340.0	1.63239889358052	0.0
3350.0	1.63238965206746	0.0
3360.0	1.63238046785286	0.0
3370.0	1.63237134040549	0.0
3380.0	1.63236226920066	0.0
3390.0	1.63235325372015	0.0
3400.0	1.63234429345207	0.0
3410.0	1.63233538789078	0.0
3420.0	1.63232653653681	0.0
3430.0	1.63231773889674	0.0
3440.0	1.63230899448311	0.0
3450.0	1.63230030281436	0.0
3460.0	1.63229166341471	0.0
3470.0	1.6322830758141	0.0
3480.0	1.63227453954807	0.0
3490.0	1.6322660541577	0.0
3500.0	1.63225761918953	0.0
3510.0	1.63224923419547	0.0
3520.0	1.63224089873274	0.0
3530.0	1.63223261236374	0.0
3540.0	1.63222437465604	0.0
3550.0	1.63221618518225	0.0
3560.0	1.63220804352	0.0
3570.0	1.63219994925182	0.0
3580.0	1.63219190196507	0.0
3590.0	1.63218390125191	0.0
3600.0	1.63217594670921	0.0
3610.0	1.63216803793846	0.0
3620.0	1.63216017454572	0.0
3630.0	1.63215235614159	0.0
3640.0	1.63214458234108	0.0
3650.0	1.63213685276359	0.0
3660.0	1.63212916703285	0.0
3670.0	1.63212152477682	0.0
3680.0	1.63211392562769	0.0
3690.0	1.63210636922175	0.0
3700.0	1.63209885519941	0.0
3710.0	1.63209138320508	0.0
3720.0	1.63208395288713	0.0
3730.0	1.63207656389785	0.0
3740.0	1.6320692158934	0.0
3750.0	1.63206190853372	0.0
3760.0	1.63205464148252	0.0
3770.0	1.6320474144072	0.0
3780.0	1.63204022697882	0.0
3790.0	1.63203307887201	0.0
3800.0	1.63202596976499	0.0
3810.0	1.63201889933946	0.0
3820.0	1.63201186728057	0.0
3830.0	1.63200487327689	0.0
3840.0	1.63199791702034	0.0
3850.0	1.63199099820618	0.0
3860.0	1.6319841165329	0.0
3870.0	1.63197727170225	0.0
3880.0	1.63197046341917	0.0
3890.0	1.63196369139172	0.0
3900.0	1.63195695533107	0.0
3910.0	1.63195025495144	0.0
3920.0	1.6319435899701	0.0
3930.0	1.63193696010727	0.0
3940.0	1.63193036508612	0.0
3950.0	1.63192380463272	0.0
3960.0	1.63191727847601	0.0
3970.0	1.63191078634775	0.0
3980.0	1.63190432798248	0.0
3990.0	1.63189790311752	0.0
4000.0	1.6318915114929	0.0
4010.0	1.63188515285131	0.0
4020.0	1.63187882693811	0.0
4030.0	1.63187253350128	0.0
4040.0	1.63186627229135	0.0
4050.0	1.63186004306145	0.0
4060.0	1.63185384556716	0.0
4070.0	1.63184767956661	0.0
4080.0	1.63184154482033	0.0
4090.0	1.6318354410913	0.0
4100.0	1.63182936814488	0.0
4110.0	1.6318233257488	0.0
4120.0	1.6318173136731	0.0
4130.0	1.63181133169015	0.0
4140.0	1.63180537957457	0.0
4150.0	1.63179945710324	0.0
4160.0	1.63179356405525	0.0
4170.0	1.63178770021188	0.0
4180.0	1.63178186535657	0.0
4190.0	1.6317760592749	0.0
4200.0	1.63177028175456	0.0
4210.0	1.63176453258532	0.0
4220.0	1.63175881155902	0.0
4230.0	1.6317531184695	0.0
4240.0	1.63174745311265	0.0
4250.0	1.63174181528632	0.0
4260.0	1.63173620479033	0.0
4270.0	1.63173062142642	0.0
4280.0	1.63172506499826	0.0
4290.0	1.6317195353114	0.0
4300.0	1.63171403217326	0.0
4310.0	1.63170855539312	0.0
4320.0	1.63170310478205	0.0
4330.0	1.63169768015294	0.0
4340.0	1.63169228132047	0.0
4350.0	1.63168690810106	0.0
4360.0	1.63168156031287	0.0
4370.0	1.63167623777578	0.0
4380.0	1.63167094031139	0.0
4390.0	1.63166566774293	0.0
4400.0	1.63166041989532	0.0
4410.0	1.63165519659512	0.0
4420.0	1.63164999767049	0.0
4430.0	1.63164482295121	0.0
4440.0	1.63163967226861	0.0
4450.0	1.63163454545563	0.0
4460.0	1.63162944234671	0.0
4470.0	1.63162436277784	0.0
4480.0	1.63161930658652	0.0
4490.0	1.63161427361173	0.0
4500.0	1.63160926369395	0.0
4510.0	1.63160427667509	0.0
4520.0	1.63159931239851	0.0
4530.0	1.63159437070901	0.0
4540.0	1.63158945145277	0.0
4550.0	1.6315845544774	0.0
4560.0	1.63157967963186	0.0
4570.0	1.63157482676649	0.0
4580.0	1.63156999573295	0.0
4590.0	1.63156518638425	0.0
4600.0	1.63156039857473	0.0
4610.0	1.63155563216001	0.0
4620.0	1.63155088699701	0.0
4630.0	1.6315461629439	0.0
4640.0	1.63154145986014	0.0
4650.0	1.63153677760643	0.0
4660.0	1.63153211604467	0.0
4670.0	1.63152747503802	0.0
4680.0	1.63152285445081	0.0
4690.0	1.63151825414859	0.0
4700.0	1.63151367399806	0.0
4710.0	1.63150911386711	0.0
4720.0	1.63150457362476	0.0
4730.0	1.63150005314119	0.0
4740.0	1.6314955522877	0.0
4750.0	1.6314910709367	0.0
4760.0	1.63148660896171	0.0
4770.0	1.63148216623733	0.0
4780.0	1.63147774263926	0.0
4790.0	1.63147333804424	0.0
4800.0	1.63146895233011	0.0
4810.0	1.6314645853757	0.0
4820.0	1.63146023706092	0.0
4830.0	1.63145590726668	0.0
4840.0	1.6314515958749	0.0
4850.0	1.63144730276853	0.0
4860.0	1.63144302783146	0.0
4870.0	1.63143877094862	0.0
4880.0	1.63143453200586	0.0
4890.0	1.63143031089002	0.0
4900.0	1.63142610748888	0.0
4910.0	1.63142192169116	0.0
4920.0	1.63141775338651	0.0
4930.0	1.63141360246549	0.0
4940.0	1.6314094688196	0.0
4950.0	1.63140535234121	0.0
4960.0	1.6314012529236	0.0
4970.0	1.63139717046093	0.0
4980.0	1.63139310484823	0.0
4990.0	1.63138905598139	0.0
5000.0	1.63138502375717	0.0
5010.0	1.63138100807316	0.0
5020.0	1.6313770088278	0.0
5030.0	1.63137302592037	0.0
5040.0	1.63136905925094	0.0
5050.0	1.63136510872043	0.0
5060.0	1.63136117423053	0.0
5070.0	1.63135725568374	0.0
5080.0	1.63135335298337	0.0
5090.0	1.63134946603348	0.0
5100.0	1.63134559473892	0.0
5110.0	1.63134173900529	0.0
5120.0	1.63133789873897	0.0
5130.0	1.63133407384706	0.0
5140.0	1.63133026423743	0.0
5150.0	1.63132646981868	0.0
5160.0	1.63132269050011	0.0
5170.0	1.63131892619179	0.0
5180.0	1.63131517680444	0.0
5190.0	1.63131144224955	0.0
5200.0	1.63130772243927	0.0
5210.0	1.63130401728645	0.0
5220.0	1.63130032670462	0.0
5230.0	1.63129665060801	0.0
5240.0	1.6312929889115	0.0
5250.0	1.63128934153065	0.0
5260.0	1.63128570838167	0.0
5270.0	1.63128208938142	0.0
5280.0	1.63127848444741	0.0
5290.0	1.6312748934978	0.0
5300.0	1.63127131645137	0.0
5310.0	1.63126775322754	0.0
5320.0	1.63126420374633	0.0
5330.0	1.6312606679284	0.0
5340.0	1.63125714569502	0.0
5350.0	1.63125363696803	0.0
5360.0	1.63125014166991	0.0
5370.0	1.6312466597237	0.0
5380.0	1.63124319105305	0.0
5390.0	1.63123973558219	0.0
5400.0	1.6312362932359	0.0
5410.0	1.63123286393956	0.0
5420.0	1.63122944761909	0.0
5430.0	1.631226044201	0.0
5440.0	1.63122265361232	0.0
5450.0	1.63121927578066	0.0
5460.0	1.63121591063414	0.0
5470.0	1.63121255810145	0.0
5480.0	1.63120921811181	0.0
5490.0	1.63120589059494	0.0
5500.0	1.63120257548111	0.0
5510.0	1.63119927270112	0.0
5520.0	1.63119598218624	0.0
5530.0	1.63119270386829	0.0
5540.0	1.63118943767959	0.0
5550.0	1.63118618355293	0.0
5560.0	1.63118294142163	0.0
5570.0	1.63117971121948	0.0
5580.0	1.63117649288077	0.0
5590.0	1.63117328634026	0.0
5600.0	1.63117009153319	0.0
5610.0	1.63116690839528	0.0
5620.0	1.63116373686271	0.0
5630.0	1.63116057687213	0.0
5640.0	1.63115742836066	0.0
5650.0	1.63115429126584	0.0
5660.0	1.63115116552571	0.0
5670.0	1.63114805107872	0.0
5680.0	1.63114494786379	0.0
5690.0	1.63114185582026	0.0
5700.0	1.63113877488792	0.0
5710.0	1.63113570500698	0.0
5720.0	1.63113264611809	0.0
5730.0	1.63112959816231	0.0
5740.0	1.63112656108114	0.0
5750.0	1.63112353481649	0.0
5760.0	1.63112051931066	0.0
5770.0	1.63111751450639	0.0
5780.0	1.63111452034681	0.0
5790.0	1.63111153677547	0.0
5800.0	1.63110856373628	0.0
5810.0	1.6311056011736	0.0
5820.0	1.63110264903212	0.0
5830.0	1.63109970725698	0.0
5840.0	1.63109677579365	0.0
5850.0	1.63109385458802	0.0
5860.0	1.63109094358635	0.0
5870.0	1.63108804273525	0.0
5880.0	1.63108515198173	0.0
5890.0	1.63108227127317	0.0
5900.0	1.63107940055729	0.0
5910.0	1.63107653978218	0.0
5920.0	1.63107368889632	0.0
5930.0	1.6310708478485	0.0
5940.0	1.63106801658788	0.0
5950.0	1.63106519506399	0.0
5960.0	1.63106238322669	0.0
5970.0	1.63105958102616	0.0
5980.0	1.63105678841297	0.0
5990.0	1.63105400533799	0.0
6000.0	1.63105123175243	0.0
6010.0	1.63104846760785	0.0
6020.0	1.63104571285613	0.0
6030.0	1.63104296744947	0.0
6040.0	1.63104023134039	0.0
6050.0	1.63103750448176	0.0
6060.0	1.63103478682672	0.0
6070.0	1.63103207832878	0.0
6080.0	1.63102937894172	0.0
6090.0	1.63102668861966	0.0
6100.0	1.63102400731699	0.0
6110.0	1.63102133498846	0.0
6120.0	1.63101867158907	0.0
6130.0	1.63101601707415	0.0
6140.0	1.63101337139932	0.0
6150.0	1.63101073452049	0.0
6160.0	1.63100810639387	0.0
6170.0	1.63100548697597	0.0
6180.0	1.63100287622355	0.0
6190.0	1.6310002740937	0.0
6200.0	1.63099768054377	0.0
6210.0	1.63099509553139	0.0
6220.0	1.63099251901448	0.0
6230.0	1.63098995095123	0.0
6240.0	1.63098739130009	0.0
6250.0	1.63098484001981	0.0
6260.0	1.63098229706939	0.0
6270.0	1.63097976240809	0.0
6280.0	1.63097723599547	0.0
6290.0	1.63097471779131	0.0
6300.0	1.63097220775568	0.0
6310.0	1.63096970584889	0.0
6320.0	1.63096721203153	0.0
6330.0	1.63096472626442	0.0
6340.0	1.63096224850864	0.0
6350.0	1.63095977872553	0.0
6360.0	1.63095731687667	0.0
6370.0	1.63095486292389	0.0
6380.0	1.63095241682926	0.0
6390.0	1.6309499785551	0.0
6400.0	1.63094754806396	0.0
6410.0	1.63094512531863	0.0
6420.0	1.63094271028215	0.0
6430.0	1.63094030291778	0.0
6440.0	1.63093790318902	0.0
6450.0	1.63093551105961	0.0
6460.0	1.63093312649349	0.0
6470.0	1.63093074945486	0.0
6480.0	1.63092837990814	0.0
6490.0	1.63092601781795	0.0
6500.0	1.63092366314916	0.0
6510.0	1.63092131586684	0.0
6520.0	1.6309189759363	0.0
6530.0	1.63091664332305	0.0
6540.0	1.63091431799282	0.0
6550.0	1.63091199991155	0.0
6560.0	1.6309096890454	0.0
6570.0	1.63090738536074	0.0
6580.0	1.63090508882414	0.0
6590.0	1.63090279940238	0.0
6600.0	1.63090051706246	0.0
6610.0	1.63089824177156	0.0
6620.0	1.63089597349708	0.0
6630.0	1.63089371220661	0.0
6640.0	1.63089145786795	0.0
6650.0	1.63088921044909	0.0
6660.0	1.63088696991821	0.0
6670.0	1.63088473624371	0.0
6680.0	1.63088250939415	0.0
6690.0	1.6308802893383	0.0
6700.0	1.63087807604513	0.0
6710.0	1.63087586948377	0.0
6720.0	1.63087366962357	0.0
6730.0	1.63087147643404	0.0
6740.0	1.63086928988489	0.0
6750.0	1.630867109946	0.0
6760.0	1.63086493658745	0.0
6770.0	1.63086276977948	0.0
6780.0	1.63086060949252	0.0
6790.0	1.63085845569719	0.0
6800.0	1.63085630836426	0.0
6810.0	1.6308541674647	0.0
6820.0	1.63085203296963	0.0
6830.0	1.63084990485036	0.0
6840.0	1.63084778307836	0.0
6850.0	1.63084566762529	0.0
6860.0	1.63084355846294	0.0
6870.0	1.63084145556332	0.0
6880.0	1.63083935889856	0.0
6890.0	1.63083726844098	0.0
6900.0	1.63083518416305	0.0
6910.0	1.63083310603742	0.0
6920.0	1.63083103403687	0.0
6930.0	1.63082896813438	0.0
6940.0	1.63082690830306	0.0
6950.0	1.63082485451619	0.0
6960.0	1.6308228067472	0.0
6970.0	1.63082076496969	0.0
6980.0	1.63081872915739	0.0
6990.0	1.6308166992842	0.0
7000.0	1.63081467532417	0.0
7010.0	1.6308126572515	0.0
7020.0	1.63081064504053	0.0
7030.0	1.63080863866578	0.0
7040.0	1.63080663810188	0.0
7050.0	1.63080464332362	0.0
7060.0	1.63080265430595	0.0
7070.0	1.63080067102394	0.0
7080.0	1.63079869345283	0.0
7090.0	1.63079672156798	0.0
7100.0	1.6307947553449	0.0
7110.0	1.63079279475924	0.0
7120.0	1.63079083978679	0.0
7130.0	1.63078889040349	0.0
7140.0	1.63078694658539	0.0
7150.0	1.6307850083087	0.0
7160.0	1.63078307554975	0.0
7170.0	1.63078114828503	0.0
7180.0	1.63077922649113	0.0
7190.0	1.63077731014479	0.0
7200.0	1.63077539922289	0.0
7210.0	1.63077349370242	0.0
7220.0	1.63077159356052	0.0
7230.0	1.63076969877444	0.0
7240.0	1.63076780932157	0.0
7250.0	1.63076592517943	0.0
7260.0	1.63076404632567	0.0
7270.0	1.63076217273803	0.0
7280.0	1.63076030439442	0.0
7290.0	1.63075844127286	0.0
7300.0	1.63075658335146	0.0
7310.0	1.63075473060851	0.0
7320.0	1.63075288302237	0.0
7330.0	1.63075104057155	0.0
7340.0	1.63074920323467	0.0
7350.0	1.63074737099046	0.0
7360.0	1.63074554381778	0.0
7370.0	1.63074372169561	0.0
7380.0	1.63074190460303	0.0
7390.0	1.63074009251924	0.0
7400.0	1.63073828542357	0.0
7410.0	1.63073648329544	0.0
7420.0	1.63073468611441	0.0
7430.0	1.63073289386013	0.0
7440.0	1.63073110651236	0.0
7450.0	1.630729324051	0.0
7460.0	1.63072754645602	0.0
7470.0	1.63072577370752	0.0
7480.0	1.63072400578572	0.0
7490.0	1.63072224267092	0.0
7500.0	1.63072048434355	0.0
7510.0	1.63071873078414	0.0
7520.0	1.63071698197331	0.0
7530.0	1.63071523789181	0.0
7540.0	1.63071349852047	0.0
7550.0	1.63071176384025	0.0
7560.0	1.63071003383218	0.0
7570.0	1.63070830847743	0.0
7580.0	1.63070658775724	0.0
7590.0	1.63070487165295	0.0
7600.0	1.63070316014603	0.0
7610.0	1.63070145321803	0.0
7620.0	1.63069975085058	0.0
7630.0	1.63069805302545	0.0
7640.0	1.63069635972447	0.0
7650.0	1.63069467092959	0.0
7660.0	1.63069298662283	0.0
7670.0	1.63069130678635	0.0
7680.0	1.63068963140235	0.0
7690.0	1.63068796045317	0.0
7700.0	1.63068629392122	0.0
7710.0	1.630684631789	0.0
7720.0	1.63068297403911	0.0
7730.0	1.63068132065425	0.0
7740.0	1.6306796716172	0.0
7750.0	1.63067802691084	0.0
7760.0	1.63067638651811	0.0
7770.0	1.63067475042208	0.0
7780.0	1.63067311860589	0.0
7790.0	1.63067149105277	0.0
7800.0	1.63066986774602	0.0
7810.0	1.63066824866906	0.0
7820.0	1.63066663380538	0.0
7830.0	1.63066502313854	0.0
7840.0	1.63066341665222	0.0
7850.0	1.63066181433015	0.0
7860.0	1.63066021615616	0.0
7870.0	1.63065862211418	0.0
7880.0	1.63065703218818	0.0
7890.0	1.63065544636226	0.0
7900.0	1.63065386462058	0.0
7910.0	1.63065228694737	0.0
7920.0	1.63065071332695	0.0
7930.0	1.63064914374374	0.0
7940.0	1.63064757818222	0.0
7950.0	1.63064601662695	0.0
7960.0	1.63064445906256	0.0
7970.0	1.63064290547379	0.0
7980.0	1.63064135584543	0.0
7990.0	1.63063981016235	0.0
8000.0	1.6306382684095	0.0
8010.0	1.63063673057193	0.0
8020.0	1.63063519663472	0.0
8030.0	1.63063366658307	0.0
8040.0	1.63063214040222	0.0
8050.0	1.63063061807751	0.0
8060.0	1.63062909959433	0.0
8070.0	1.63062758493818	0.0
8080.0	1.63062607409459	0.0
8090.0	1.63062456704919	0.0
8100.0	1.63062306378768	0.0
8110.0	1.63062156429583	0.0
8120.0	1.63062006855946	0.0
8130.0	1.63061857656449	0.0
8140.0	1.63061708829691	0.0
8150.0	1.63061560374275	0.0
8160.0	1.63061412288815	0.0
8170.0	1.63061264571928	0.0
8180.0	1.6306111722224	0.0
8190.0	1.63060970238385	0.0
8200.0	1.63060823619001	0.0
8210.0	1.63060677362734	0.0
8220.0	1.63060531468236	0.0
8230.0	1.63060385934169	0.0
8240.0	1.63060240759196	0.0
8250.0	1.63060095941992	0.0
8260.0	1.63059951481235	0.0
8270.0	1.6305980737561	0.0
8280.0	1.6305966362381	0.0
8290.0	1.63059520224533	0.0
8300.0	1.63059377176485	0.0
8310.0	1.63059234478375	0.0
8320.0	1.63059092128923	0.0
8330.0	1.6305895012685	0.0
8340.0	1.63058808470889	0.0
8350.0	1.63058667159774	0.0
8360.0	1.63058526192247	0.0
8370.0	1.63058385567058	0.0
8380.0	1.63058245282961	0.0
8390.0	1.63058105338716	0.0
8400.0	1.6305796573309	0.0
8410.0	1.63057826464855	0.0
8420.0	1.6305768753279	0.0
8430.0	1.63057548935679	0.0
8440.0	1.63057410672312	0.0
8450.0	1.63057272741485	0.0
8460.0	1.63057135142	0.0
8470.0	1.63056997872664	0.0
8480.0	1.6305686093229	0.0
8490.0	1.63056724319698	0.0
8500.0	1.63056588033712	0.0
8510.0	1.63056452073163	0.0
8520.0	1.63056316436885	0.0
8530.0	1.6305618112372	0.0
8540.0	1.63056046132515	0.0
8550.0	1.63055911462122	0.0
8560.0	1.63055777111399	0.0
8570.0	1.63055643079209	0.0
8580.0	1.63055509364421	0.0
8590.0	1.63055375965908	0.0
8600.0	1.6305524288255	0.0
8610.0	1.63055110113231	0.0
8620.0	1.63054977656841	0.0
8630.0	1.63054845512275	0.0
8640.0	1.63054713678433	0.0
8650.0	1.63054582154221	0.0
8660.0	1.63054450938548	0.0
8670.0	1.63054320030331	0.0
8680.0	1.63054189428489	0.0
8690.0	1.6305405913195	0.0
8700.0	1.63053929139643	0.0
8710.0	1.63053799450505	0.0
8720.0	1.63053670063475	0.0
8730.0	1.630535409775	0.0
8740.0	1.6305341219153	0.0
8750.0	1.6305328370452	0.0
8760.0	1.63053155515431	0.0
8770.0	1.63053027623227	0.0
8780.0	1.63052900026879	0.0
8790.0	1.63052772725361	0.0
8800.0	1.63052645717652	0.0
8810.0	1.63052519002737	0.0
8820.0	1.63052392579603	0.0
8830.0	1.63052266447245	0.0
8840.0	1.6305214060466	0.0
8850.0	1.63052015050852	0.0
8860.0	1.63051889784826	0.0
8870.0	1.63051764805595	0.0
8880.0	1.63051640112175	0.0
8890.0	1.63051515703586	0.0
8900.0	1.63051391578855	0.0
8910.0	1.6305126773701	0.0
8920.0	1.63051144177085	0.0
8930.0	1.6305102089812	0.0
8940.0	1.63050897899156	0.0
8950.0	1.63050775179241	0.0
8960.0	1.63050652737426	0.0
8970.0	1.63050530572768	0.0
8980.0	1.63050408684325	0.0
8990.0	1.63050287071163	0.0
9000.0	1.6305016573235	0.0
9010.0	1.63050044666958	0.0
9020.0	1.63049923874065	0.0
9030.0	1.63049803352751	0.0
9040.0	1.63049683102101	0.0
9050.0	1.63049563121206	0.0
9060.0	1.63049443409157	0.0
9070.0	1.63049323965054	0.0
9080.0	1.63049204787996	0.0
9090.0	1.63049085877089	0.0
9100.0	1.63048967231443	0.0
9110.0	1.63048848850172	0.0
9120.0	1.63048730732392	0.0
9130.0	1.63048612877225	0.0
9140.0	1.63048495283795	0.0
9150.0	1.63048377951233	0.0
9160.0	1.63048260878671	0.0
9170.0	1.63048144065245	0.0
9180.0	1.63048027510097	0.0
9190.0	1.6304791121237	0.0
9200.0	1.63047795171213	0.0
9210.0	1.63047679385778	0.0
9220.0	1.6304756385522	0.0
9230.0	1.63047448578699	0.0
9240.0	1.63047333555377	0.0
9250.0	1.63047218784421	0.0
9260.0	1.63047104265003	0.0
9270.0	1.63046989996295	0.0
9280.0	1.63046875977475	0.0
9290.0	1.63046762207725	0.0
9300.0	1.63046648686229	0.0
9310.0	1.63046535412176	0.0
9320.0	1.63046422384757	0.0
9330.0	1.63046309603168	0.0
9340.0	1.63046197066608	0.0
9350.0	1.63046084774278	0.0
9360.0	1.63045972725386	0.0
9370.0	1.6304586091914	0.0
9380.0	1.63045749354752	0.0
9390.0	1.63045638031439	0.0
9400.0	1.63045526948421	0.0
9410.0	1.6304541610492	0.0
9420.0	1.63045305500161	0.0
9430.0	1.63045195133376	0.0
9440.0	1.63045085003796	0.0
9450.0	1.63044975110658	0.0
9460.0	1.63044865453201	0.0
9470.0	1.63044756030668	0.0
9480.0	1.63044646842304	0.0
9490.0	1.63044537887359	0.0
9500.0	1.63044429165085	0.0
9510.0	1.63044320674738	0.0
9520.0	1.63044212415575	0.0
9530.0	1.6304410438686	0.0
9540.0	1.63043996587856	0.0
9550.0	1.63043889017833	0.0
9560.0	1.63043781676061	0.0
9570.0	1.63043674561814	0.0
9580.0	1.63043567674371	0.0
9590.0	1.6304346101301	0.0
9600.0	1.63043354577017	0.0
9610.0	1.63043248365676	0.0
9620.0	1.63043142378279	0.0
9630.0	1.63043036614117	0.0
9640.0	1.63042931072485	0.0
9650.0	1.63042825752683	0.0
9660.0	1.63042720654011	0.0
9670.0	1.63042615775773	0.0
9680.0	1.63042511117278	0.0
9690.0	1.63042406677835	0.0
9700.0	1.63042302456757	0.0
9710.0	1.63042198453361	0.0
9720.0	1.63042094666963	0.0
9730.0	1.63041991096888	0.0
9740.0	1.63041887742457	0.0
9750.0	1.63041784603	0.0
9760.0	1.63041681677846	0.0
9770.0	1.63041578966327	0.0
9780.0	1.6304147646778	0.0
9790.0	1.63041374181541	0.0
9800.0	1.63041272106954	0.0
9810.0	1.63041170243361	0.0
9820.0	1.63041068590108	0.0
9830.0	1.63040967146546	0.0
9840.0	1.63040865912025	0.0
9850.0	1.63040764885901	0.0
9860.0	1.6304066406753	0.0
9870.0	1.63040563456272	0.0
9880.0	1.6304046305149	0.0
9890.0	1.63040362852549	0.0
9900.0	1.63040262858817	0.0
9910.0	1.63040163069663	0.0
9920.0	1.6304006348446	0.0
9930.0	1.63039964102585	0.0
9940.0	1.63039864923414	0.0
9950.0	1.63039765946328	0.0
9960.0	1.63039667170711	0.0
9970.0	1.63039568595948	0.0
9980.0	1.63039470221426	0.0
9990.0	1.63039372046536	0.0
10000.0	1.63039274070672	0.0
10010.0	1.63039176293228	0.0
10020.0	1.63039078713603	0.0
10030.0	1.63038981331196	0.0
10040.0	1.63038884145411	0.0
10050.0	1.63038787155652	0.0
10060.0	1.63038690361327	0.0
10070.0	1.63038593761846	0.0
10080.0	1.63038497356621	0.0
10090.0	1.63038401145067	0.0
10100.0	1.63038305126601	0.0
10110.0	1.63038209300642	0.0
10120.0	1.63038113666612	0.0
10130.0	1.63038018223935	0.0
10140.0	1.63037922972036	0.0
10150.0	1.63037827910346	0.0
10160.0	1.63037733038293	0.0
10170.0	1.63037638355312	0.0
10180.0	1.63037543860838	0.0
10190.0	1.63037449554308	0.0
10200.0	1.63037355435163	0.0
10210.0	1.63037261502844	0.0
10220.0	1.63037167756795	0.0
10230.0	1.63037074196464	0.0
10240.0	1.63036980821299	0.0
10250.0	1.6303688763075	0.0
10260.0	1.63036794624271	0.0
10270.0	1.63036701801316	0.0
10280.0	1.63036609161344	0.0
10290.0	1.63036516703814	0.0
10300.0	1.63036424428186	0.0
10310.0	1.63036332333926	0.0
10320.0	1.63036240420498	0.0
10330.0	1.63036148687371	0.0
10340.0	1.63036057134015	0.0
10350.0	1.63035965759902	0.0
10360.0	1.63035874564505	0.0
10370.0	1.63035783547301	0.0
10380.0	1.63035692707769	0.0
10390.0	1.63035602045388	0.0
10400.0	1.63035511559641	0.0
10410.0	1.63035421250012	0.0
10420.0	1.63035331115988	0.0
10430.0	1.63035241157056	0.0
10440.0	1.63035151372708	0.0
10450.0	1.63035061762434	0.0
10460.0	1.63034972325731	0.0
10470.0	1.63034883062093	0.0
10480.0	1.63034793971019	0.0
10490.0	1.6303470505201	0.0
10500.0	1.63034616304566	0.0
10510.0	1.63034527728192	0.0
10520.0	1.63034439322394	0.0
10530.0	1.6303435108668	0.0
10540.0	1.63034263020559	0.0
10550.0	1.63034175123542	0.0
10560.0	1.63034087395144	0.0
10570.0	1.63033999834879	0.0
10580.0	1.63033912442265	0.0
10590.0	1.6303382521682	0.0
10600.0	1.63033738158065	0.0
10610.0	1.63033651265523	0.0
10620.0	1.63033564538719	0.0
10630.0	1.63033477977178	0.0
10640.0	1.63033391580429	0.0
10650.0	1.63033305348001	0.0
10660.0	1.63033219279427	0.0
10670.0	1.63033133374239	0.0
10680.0	1.63033047631974	0.0
10690.0	1.63032962052167	0.0
10700.0	1.63032876634357	0.0
10710.0	1.63032791378085	0.0
10720.0	1.63032706282894	0.0
10730.0	1.63032621348327	0.0
10740.0	1.63032536573929	0.0
10750.0	1.63032451959249	0.0
10760.0	1.63032367503834	0.0
10770.0	1.63032283207237	0.0
10780.0	1.63032199069009	0.0
10790.0	1.63032115088704	0.0
10800.0	1.63032031265879	0.0
10810.0	1.6303194760009	0.0
10820.0	1.63031864090897	0.0
10830.0	1.63031780737861	0.0
10840.0	1.63031697540544	0.0
10850.0	1.6303161449851	0.0
10860.0	1.63031531611325	0.0
10870.0	1.63031448878555	0.0
10880.0	1.63031366299771	0.0
10890.0	1.63031283874542	0.0
10900.0	1.6303120160244	0.0
10910.0	1.6303111948304	0.0
10920.0	1.63031037515916	0.0
10930.0	1.63030955700645	0.0
10940.0	1.63030874036806	0.0
10950.0	1.63030792523978	0.0
10960.0	1.63030711161744	0.0
10970.0	1.63030629949686	0.0
10980.0	1.63030548887389	0.0
10990.0	1.63030467974439	0.0
11000.0	1.63030387210423	0.0
11010.0	1.63030306594931	0.0
11020.0	1.63030226127554	0.0
11030.0	1.63030145807883	0.0
11040.0	1.63030065635512	0.0
11050.0	1.63029985610037	0.0
11060.0	1.63029905731054	0.0
11070.0	1.63029825998161	0.0
11080.0	1.63029746410958	0.0
11090.0	1.63029666969046	0.0
11100.0	1.63029587672028	0.0
11110.0	1.63029508519506	0.0
11120.0	1.63029429511088	0.0
11130.0	1.63029350646379	0.0
11140.0	1.63029271924988	0.0
11150.0	1.63029193346524	0.0
11160.0	1.63029114910599	0.0
11170.0	1.63029036616825	0.0
11180.0	1.63028958464817	0.0
11190.0	1.63028880454188	0.0
11200.0	1.63028802584557	0.0
11210.0	1.63028724855541	0.0
11220.0	1.63028647266759	0.0
11230.0	1.63028569817833	0.0
11240.0	1.63028492508385	0.0
11250.0	1.63028415338037	0.0
11260.0	1.63028338306416	0.0
11270.0	1.63028261413148	0.0
11280.0	1.63028184657859	0.0
11290.0	1.63028108040179	0.0
11300.0	1.63028031559739	0.0
11310.0	1.63027955216169	0.0
11320.0	1.63027879009103	0.0
11330.0	1.63027802938175	0.0
11340.0	1.63027727003021	0.0
11350.0	1.63027651203277	0.0
11360.0	1.63027575538581	0.0
11370.0	1.63027500008573	0.0
11380.0	1.63027424612893	0.0
11390.0	1.63027349351184	0.0
11400.0	1.63027274223089	0.0
11410.0	1.63027199228252	0.0
11420.0	1.63027124366319	0.0
11430.0	1.63027049636937	0.0
11440.0	1.63026975039754	0.0
11450.0	1.6302690057442	0.0
11460.0	1.63026826240586	0.0
11470.0	1.63026752037903	0.0
11480.0	1.63026677966025	0.0
11490.0	1.63026604024606	0.0
11500.0	1.63026530213302	0.0
11510.0	1.63026456531769	0.0
11520.0	1.63026382979666	0.0
11530.0	1.63026309556653	0.0
11540.0	1.63026236262388	0.0
11550.0	1.63026163096535	0.0
11560.0	1.63026090058756	0.0
11570.0	1.63026017148715	0.0
11580.0	1.63025944366076	0.0
11590.0	1.63025871710508	0.0
11600.0	1.63025799181676	0.0
11610.0	1.6302572677925	0.0
11620.0	1.630256545029	0.0
11630.0	1.63025582352296	0.0
11640.0	1.6302551032711	0.0
11650.0	1.63025438427017	0.0
11660.0	1.6302536665169	0.0
11670.0	1.63025295000805	0.0
11680.0	1.63025223474038	0.0
11690.0	1.63025152071067	0.0
11700.0	1.63025080791572	0.0
11710.0	1.63025009635231	0.0
11720.0	1.63024938601727	0.0
11730.0	1.63024867690741	0.0
11740.0	1.63024796901957	0.0
11750.0	1.63024726235059	0.0
11760.0	1.63024655689733	0.0
11770.0	1.63024585265665	0.0
11780.0	1.63024514962542	0.0
11790.0	1.63024444780054	0.0
11800.0	1.63024374717891	0.0
11810.0	1.63024304775742	0.0
11820.0	1.630242349533	0.0
11830.0	1.63024165250258	0.0
11840.0	1.6302409566631	0.0
11850.0	1.63024026201151	0.0
11860.0	1.63023956854477	0.0
11870.0	1.63023887625985	0.0
11880.0	1.63023818515373	0.0
11890.0	1.6302374952234	0.0
11900.0	1.63023680646588	0.0
11910.0	1.63023611887816	0.0
11920.0	1.63023543245727	0.0
11930.0	1.63023474720024	0.0
11940.0	1.63023406310412	0.0
11950.0	1.63023338016596	0.0
11960.0	1.63023269838281	0.0
11970.0	1.63023201775176	0.0
11980.0	1.63023133826989	0.0
11990.0	1.63023065993428	0.0
12000.0	1.63022998274204	0.0
12010.0	1.63022930669028	0.0
12020.0	1.63022863177612	0.0
12030.0	1.6302279579967	0.0
12040.0	1.63022728534915	0.0
12050.0	1.63022661383062	0.0
12060.0	1.63022594343827	0.0
12070.0	1.63022527416928	0.0
12080.0	1.63022460602082	0.0
12090.0	1.63022393899008	0.0
12100.0	1.63022327307426	0.0
12110.0	1.63022260827056	0.0
12120.0	1.6302219445762	0.0
12130.0	1.63022128198841	0.0
12140.0	1.63022062050442	0.0
12150.0	1.63021996012148	0.0
12160.0	1.63021930083684	0.0
12170.0	1.63021864264775	0.0
12180.0	1.6302179855515	0.0
12190.0	1.63021732954536	0.0
12200.0	1.63021667462663	0.0
12210.0	1.63021602079259	0.0
12220.0	1.63021536804057	0.0
12230.0	1.63021471636787	0.0
12240.0	1.63021406577182	0.0
12250.0	1.63021341624975	0.0
12260.0	1.63021276779901	0.0
12270.0	1.63021212041695	0.0
12280.0	1.63021147410093	0.0
12290.0	1.63021082884832	0.0
12300.0	1.63021018465649	0.0
12310.0	1.63020954152283	0.0
12320.0	1.63020889944475	0.0
12330.0	1.63020825841963	0.0
12340.0	1.63020761844489	0.0
12350.0	1.63020697951796	0.0
12360.0	1.63020634163626	0.0
12370.0	1.63020570479722	0.0
12380.0	1.6302050689983	0.0
12390.0	1.63020443423695	0.0
12400.0	1.63020380051063	0.0
12410.0	1.63020316781681	0.0
12420.0	1.63020253615297	0.0
12430.0	1.63020190551659	0.0
12440.0	1.63020127590518	0.0
12450.0	1.63020064731624	0.0
12460.0	1.63020001974726	0.0
12470.0	1.63019939319579	0.0
12480.0	1.63019876765934	0.0
12490.0	1.63019814313544	0.0
12500.0	1.63019751962165	0.0
12510.0	1.63019689711552	0.0
12520.0	1.63019627561459	0.0
12530.0	1.63019565511645	0.0
12540.0	1.63019503561866	0.0
12550.0	1.6301944171188	0.0
12560.0	1.63019379961448	0.0
12570.0	1.63019318310328	0.0
12580.0	1.63019256758282	0.0
12590.0	1.6301919530507	0.0
12600.0	1.63019133950455	0.0
12610.0	1.630190726942	0.0
12620.0	1.63019011536068	0.0
12630.0	1.63018950475824	0.0
12640.0	1.63018889513233	0.0
12650.0	1.63018828648061	0.0
12660.0	1.63018767880075	0.0
12670.0	1.63018707209041	0.0
12680.0	1.63018646634728	0.0
12690.0	1.63018586156906	0.0
12700.0	1.63018525775343	0.0
12710.0	1.6301846548981	0.0
12720.0	1.63018405300079	0.0
12730.0	1.6301834520592	0.0
12740.0	1.63018285207107	0.0
12750.0	1.63018225303412	0.0
12760.0	1.63018165494611	0.0
12770.0	1.63018105780477	0.0
12780.0	1.63018046160785	0.0
12790.0	1.63017986635313	0.0
12800.0	1.63017927203836	0.0
12810.0	1.63017867866133	0.0
12820.0	1.63017808621982	0.0
12830.0	1.6301774947116	0.0
12840.0	1.6301769041345	0.0
12850.0	1.63017631448629	0.0
12860.0	1.6301757257648	0.0
12870.0	1.63017513796784	0.0
12880.0	1.63017455109324	0.0
12890.0	1.63017396513883	0.0
12900.0	1.63017338010244	0.0
12910.0	1.63017279598191	0.0
12920.0	1.63017221277511	0.0
12930.0	1.63017163047988	0.0
12940.0	1.6301710490941	0.0
12950.0	1.63017046861563	0.0
12960.0	1.63016988904234	0.0
12970.0	1.63016931037214	0.0
12980.0	1.63016873260289	0.0
12990.0	1.63016815573252	0.0
13000.0	1.6301675797589	0.0
13010.0	1.63016700467997	0.0
13020.0	1.63016643049363	0.0
13030.0	1.63016585719781	0.0
13040.0	1.63016528479044	0.0
13050.0	1.63016471326945	0.0
13060.0	1.63016414263278	0.0
13070.0	1.6301635728784	0.0
13080.0	1.63016300400425	0.0
13090.0	1.63016243600828	0.0
13100.0	1.63016186888849	0.0
13110.0	1.63016130264282	0.0
13120.0	1.63016073726927	0.0
13130.0	1.63016017276583	0.0
13140.0	1.63015960913048	0.0
13150.0	1.63015904636123	0.0
13160.0	1.63015848445607	0.0
13170.0	1.63015792341303	0.0
13180.0	1.63015736323012	0.0
13190.0	1.63015680390536	0.0
13200.0	1.63015624543678	0.0
13210.0	1.63015568782242	0.0
13220.0	1.63015513106032	0.0
13230.0	1.63015457514852	0.0
13240.0	1.63015402008509	0.0
13250.0	1.63015346586808	0.0
13260.0	1.63015291249555	0.0
13270.0	1.63015235996558	0.0
13280.0	1.63015180827624	0.0
13290.0	1.63015125742562	0.0
13300.0	1.6301507074118	0.0
13310.0	1.63015015823289	0.0
13320.0	1.63014960988697	0.0
13330.0	1.63014906237217	0.0
13340.0	1.63014851568658	0.0
13350.0	1.63014796982833	0.0
13360.0	1.63014742479554	0.0
13370.0	1.63014688058633	0.0
13380.0	1.63014633719886	0.0
13390.0	1.63014579463124	0.0
13400.0	1.63014525288164	0.0
13410.0	1.63014471194819	0.0
13420.0	1.63014417182906	0.0
13430.0	1.63014363252242	0.0
13440.0	1.63014309402642	0.0
13450.0	1.63014255633925	0.0
13460.0	1.63014201945908	0.0
13470.0	1.63014148338409	0.0
13480.0	1.63014094811248	0.0
13490.0	1.63014041364244	0.0
13500.0	1.63013987997218	0.0
13510.0	1.63013934709989	0.0
13520.0	1.63013881502379	0.0
13530.0	1.6301382837421	0.0
13540.0	1.63013775325304	0.0
13550.0	1.63013722355484	0.0
13560.0	1.63013669464572	0.0
13570.0	1.63013616652393	0.0
13580.0	1.63013563918772	0.0
13590.0	1.63013511263532	0.0
13600.0	1.630134586865	0.0
13610.0	1.630134061875	0.0
13620.0	1.63013353766361	0.0
13630.0	1.63013301422908	0.0
13640.0	1.63013249156969	0.0
13650.0	1.63013196968372	0.0
13660.0	1.63013144856945	0.0
13670.0	1.63013092822517	0.0
13680.0	1.63013040864919	0.0
13690.0	1.63012988983979	0.0
13700.0	1.63012937179528	0.0
13710.0	1.63012885451398	0.0
13720.0	1.63012833799419	0.0
13730.0	1.63012782223424	0.0
13740.0	1.63012730723245	0.0
13750.0	1.63012679298715	0.0
13760.0	1.63012627949667	0.0
13770.0	1.63012576675936	0.0
13780.0	1.63012525477356	0.0
13790.0	1.63012474353761	0.0
13800.0	1.63012423304988	0.0
13810.0	1.63012372330872	0.0
13820.0	1.63012321431248	0.0
13830.0	1.63012270605956	0.0
13840.0	1.6301221985483	0.0
13850.0	1.6301216917771	0.0
13860.0	1.63012118574433	0.0
13870.0	1.63012068044838	0.0
13880.0	1.63012017588765	0.0
13890.0	1.63011967206053	0.0
13900.0	1.63011916896542	0.0
13910.0	1.63011866660072	0.0
13920.0	1.63011816496486	0.0
13930.0	1.63011766405623	0.0
13940.0	1.63011716387327	0.0
13950.0	1.6301166644144	0.0
13960.0	1.63011616567804	0.0
13970.0	1.63011566766263	0.0
13980.0	1.63011517036661	0.0
13990.0	1.63011467378842	0.0
14000.0	1.6301141779265	0.0
14010.0	1.63011368277931	0.0
14020.0	1.63011318834531	0.0
14030.0	1.63011269462294	0.0
14040.0	1.63011220161069	0.0
14050.0	1.63011170930701	0.0
14060.0	1.63011121771039	0.0
14070.0	1.63011072681929	0.0
14080.0	1.63011023663221	0.0
14090.0	1.63010974714762	0.0
14100.0	1.63010925836402	0.0
14110.0	1.6301087702799	0.0
14120.0	1.63010828289377	0.0
14130.0	1.63010779620412	0.0
14140.0	1.63010731020947	0.0
14150.0	1.63010682490833	0.0
14160.0	1.63010634029921	0.0
14170.0	1.63010585638064	0.0
14180.0	1.63010537315114	0.0
14190.0	1.63010489060923	0.0
14200.0	1.63010440875346	0.0
14210.0	1.63010392758237	0.0
14220.0	1.63010344709448	0.0
14230.0	1.63010296728835	0.0
14240.0	1.63010248816253	0.0
14250.0	1.63010200971557	0.0
14260.0	1.63010153194603	0.0
14270.0	1.63010105485248	0.0
14280.0	1.63010057843347	0.0
14290.0	1.63010010268759	0.0
14300.0	1.63009962761339	0.0
14310.0	1.63009915320948	0.0
14320.0	1.63009867947441	0.0
14330.0	1.63009820640679	0.0
14340.0	1.6300977340052	0.0
14350.0	1.63009726226824	0.0
14360.0	1.6300967911945	0.0
14370.0	1.63009632078259	0.0
14380.0	1.63009585103111	0.0
14390.0	1.63009538193867	0.0
14400.0	1.6300949135039	0.0
14410.0	1.63009444572539	0.0
14420.0	1.63009397860179	0.0
14430.0	1.63009351213171	0.0
14440.0	1.63009304631378	0.0
14450.0	1.63009258114664	0.0
14460.0	1.63009211662892	0.0
14470.0	1.63009165275927	0.0
14480.0	1.63009118953632	0.0
14490.0	1.63009072695873	0.0
14500.0	1.63009026502515	0.0
14510.0	1.63008980373424	0.0
14520.0	1.63008934308465	0.0
14530.0	1.63008888307505	0.0
14540.0	1.63008842370411	0.0
14550.0	1.63008796497049	0.0
14560.0	1.63008750687288	0.0
14570.0	1.63008704940994	0.0
14580.0	1.63008659258037	0.0
14590.0	1.63008613638284	0.0
14600.0	1.63008568081605	0.0
14610.0	1.63008522587869	0.0
14620.0	1.63008477156946	0.0
14630.0	1.63008431788705	0.0
14640.0	1.63008386483017	0.0
14650.0	1.63008341239753	0.0
14660.0	1.63008296058783	0.0
14670.0	1.6300825093998	0.0
14680.0	1.63008205883215	0.0
14690.0	1.6300816088836	0.0
14700.0	1.63008115955287	0.0
14710.0	1.6300807108387	0.0
14720.0	1.63008026273981	0.0
14730.0	1.63007981525494	0.0
14740.0	1.63007936838284	0.0
14750.0	1.63007892212223	0.0
14760.0	1.63007847647188	0.0
14770.0	1.63007803143052	0.0
14780.0	1.63007758699691	0.0
14790.0	1.63007714316981	0.0
14800.0	1.63007669994797	0.0
14810.0	1.63007625733016	0.0
14820.0	1.63007581531514	0.0
14830.0	1.63007537390169	0.0
14840.0	1.63007493308857	0.0
14850.0	1.63007449287457	0.0
14860.0	1.63007405325845	0.0
14870.0	1.63007361423901	0.0
14880.0	1.63007317581503	0.0
14890.0	1.6300727379853	0.0
14900.0	1.63007230074862	0.0
14910.0	1.63007186410377	0.0
14920.0	1.63007142804956	0.0
14930.0	1.63007099258478	0.0
14940.0	1.63007055770826	0.0
14950.0	1.63007012341878	0.0
14960.0	1.63006968971518	0.0
14970.0	1.63006925659625	0.0
14980.0	1.63006882406083	0.0
14990.0	1.63006839210773	0.0
15000.0	1.63006796073577	0.0
15010.0	1.63006752994379	0.0
15020.0	1.63006709973061	0.0
15030.0	1.63006667009508	0.0
15040.0	1.63006624103602	0.0
15050.0	1.63006581255228	0.0
15060.0	1.6300653846427	0.0
15070.0	1.63006495730612	0.0
15080.0	1.63006453054141	0.0
15090.0	1.63006410434741	0.0
15100.0	1.63006367872297	0.0
15110.0	1.63006325366696	0.0
15120.0	1.63006282917824	0.0
15130.0	1.63006240525567	0.0
15140.0	1.63006198189813	0.0
15150.0	1.63006155910447	0.0
15160.0	1.63006113687358	0.0
15170.0	1.63006071520434	0.0
15180.0	1.63006029409562	0.0
15190.0	1.6300598735463	0.0
15200.0	1.63005945355528	0.0
15210.0	1.63005903412144	0.0
15220.0	1.63005861524367	0.0
15230.0	1.63005819692088	0.0
15240.0	1.63005777915194	0.0
15250.0	1.63005736193578	0.0
15260.0	1.63005694527129	0.0
15270.0	1.63005652915737	0.0
15280.0	1.63005611359294	0.0
15290.0	1.63005569857691	0.0
15300.0	1.6300552841082	0.0
15310.0	1.63005487018571	0.0
15320.0	1.63005445680838	0.0
15330.0	1.63005404397513	0.0
15340.0	1.63005363168488	0.0
15350.0	1.63005321993656	0.0
15360.0	1.63005280872911	0.0
15370.0	1.63005239806146	0.0
15380.0	1.63005198793255	0.0
15390.0	1.63005157834131	0.0
15400.0	1.6300511692867	0.0
15410.0	1.63005076076765	0.0
15420.0	1.63005035278312	0.0
15430.0	1.63004994533206	0.0
15440.0	1.63004953841342	0.0
15450.0	1.63004913202617	0.0
15460.0	1.63004872616925	0.0
15470.0	1.63004832084163	0.0
15480.0	1.63004791604228	0.0
15490.0	1.63004751177017	0.0
15500.0	1.63004710802426	0.0
15510.0	1.63004670480353	0.0
15520.0	1.63004630210696	0.0
15530.0	1.63004589993352	0.0
15540.0	1.6300454982822	0.0
15550.0	1.63004509715197	0.0
15560.0	1.63004469654184	0.0
15570.0	1.63004429645077	0.0
15580.0	1.63004389687777	0.0
15590.0	1.63004349782184	0.0
15600.0	1.63004309928196	0.0
15610.0	1.63004270125714	0.0
15620.0	1.63004230374638	0.0
15630.0	1.63004190674868	0.0
15640.0	1.63004151026305	0.0
15650.0	1.63004111428851	0.0
15660.0	1.63004071882406	0.0
15670.0	1.63004032386872	0.0
15680.0	1.63003992942151	0.0
15690.0	1.63003953548144	0.0
15700.0	1.63003914204755	0.0
15710.0	1.63003874911884	0.0
15720.0	1.63003835669436	0.0
15730.0	1.63003796477313	0.0
15740.0	1.63003757335419	0.0
15750.0	1.63003718243657	0.0
15760.0	1.6300367920193	0.0
15770.0	1.63003640210143	0.0
15780.0	1.630036012682	0.0
15790.0	1.63003562376005	0.0
15800.0	1.63003523533464	0.0
15810.0	1.6300348474048	0.0
15820.0	1.6300344599696	0.0
15830.0	1.63003407302809	0.0
15840.0	1.63003368657933	0.0
15850.0	1.63003330062236	0.0
15860.0	1.63003291515627	0.0
15870.0	1.6300325301801	0.0
15880.0	1.63003214569293	0.0
15890.0	1.63003176169383	0.0
15900.0	1.63003137818187	0.0
15910.0	1.63003099515611	0.0
15920.0	1.63003061261564	0.0
15930.0	1.63003023055954	0.0
15940.0	1.63002984898688	0.0
15950.0	1.63002946789675	0.0
15960.0	1.63002908728824	0.0
15970.0	1.63002870716042	0.0
15980.0	1.6300283275124	0.0
15990.0	1.63002794834326	0.0
16000.0	1.6300275696521	0.0
16010.0	1.63002719143802	0.0
16020.0	1.63002681370011	0.0
16030.0	1.63002643643747	0.0
16040.0	1.63002605964921	0.0
16050.0	1.63002568333444	0.0
16060.0	1.63002530749226	0.0
16070.0	1.63002493212178	0.0
16080.0	1.63002455722212	0.0
16090.0	1.63002418279239	0.0
16100.0	1.63002380883171	0.0
16110.0	1.63002343533919	0.0
16120.0	1.63002306231396	0.0
16130.0	1.63002268975514	0.0
16140.0	1.63002231766186	0.0
16150.0	1.63002194603324	0.0
16160.0	1.63002157486842	0.0
16170.0	1.63002120416653	0.0
16180.0	1.6300208339267	0.0
16190.0	1.63002046414807	0.0
16200.0	1.63002009482977	0.0
16210.0	1.63001972597096	0.0
16220.0	1.63001935757076	0.0
16230.0	1.63001898962833	0.0
16240.0	1.63001862214282	0.0
16250.0	1.63001825511337	0.0
16260.0	1.63001788853913	0.0
16270.0	1.63001752241927	0.0
16280.0	1.63001715675292	0.0
16290.0	1.63001679153926	0.0
16300.0	1.63001642677745	0.0
16310.0	1.63001606246663	0.0
16320.0	1.63001569860598	0.0
16330.0	1.63001533519467	0.0
16340.0	1.63001497223186	0.0
16350.0	1.63001460971673	0.0
16360.0	1.63001424764844	0.0
16370.0	1.63001388602616	0.0
16380.0	1.63001352484909	0.0
16390.0	1.63001316411638	0.0
16400.0	1.63001280382724	0.0
16410.0	1.63001244398083	0.0
16420.0	1.63001208457634	0.0
16430.0	1.63001172561295	0.0
16440.0	1.63001136708987	0.0
16450.0	1.63001100900627	0.0
16460.0	1.63001065136135	0.0
16470.0	1.6300102941543	0.0
16480.0	1.63000993738432	0.0
16490.0	1.63000958105061	0.0
16500.0	1.63000922515237	0.0
16510.0	1.6300088696888	0.0
16520.0	1.6300085146591	0.0
16530.0	1.63000816006249	0.0
16540.0	1.63000780589816	0.0
16550.0	1.63000745216533	0.0
16560.0	1.63000709886322	0.0
16570.0	1.63000674599102	0.0
16580.0	1.63000639354797	0.0
16590.0	1.63000604153328	0.0
16600.0	1.63000568994616	0.0
16610.0	1.63000533878584	0.0
16620.0	1.63000498805155	0.0
16630.0	1.6300046377425	0.0
16640.0	1.63000428785792	0.0
16650.0	1.63000393839705	0.0
16660.0	1.63000358935911	0.0
16670.0	1.63000324074334	0.0
16680.0	1.63000289254898	0.0
16690.0	1.63000254477525	0.0
16700.0	1.63000219742139	0.0
16710.0	1.63000185048665	0.0
16720.0	1.63000150397027	0.0
16730.0	1.63000115787149	0.0
16740.0	1.63000081218956	0.0
16750.0	1.63000046692373	0.0
16760.0	1.63000012207323	0.0
16770.0	1.62999977763733	0.0
16780.0	1.62999943361528	0.0
16790.0	1.62999909000634	0.0
16800.0	1.62999874680975	0.0
16810.0	1.62999840402477	0.0
16820.0	1.62999806165068	0.0
16830.0	1.62999771968672	0.0
16840.0	1.62999737813216	0.0
16850.0	1.62999703698627	0.0
16860.0	1.62999669624832	0.0
16870.0	1.62999635591757	0.0
16880.0	1.62999601599329	0.0
16890.0	1.62999567647476	0.0
16900.0	1.62999533736124	0.0
16910.0	1.62999499865202	0.0
16920.0	1.62999466034638	0.0
16930.0	1.62999432244358	0.0
16940.0	1.62999398494292	0.0
16950.0	1.62999364784367	0.0
16960.0	1.62999331114513	0.0
16970.0	1.62999297484656	0.0
16980.0	1.62999263894728	0.0
16990.0	1.62999230344655	0.0
17000.0	1.62999196834368	0.0
17010.0	1.62999163363795	0.0
17020.0	1.62999129932866	0.0
17030.0	1.62999096541511	0.0
17040.0	1.6299906318966	0.0
17050.0	1.62999029877242	0.0
17060.0	1.62998996604187	0.0
17070.0	1.62998963370426	0.0
17080.0	1.6299893017589	0.0
17090.0	1.62998897020508	0.0
17100.0	1.62998863904212	0.0
17110.0	1.62998830826932	0.0
17120.0	1.629987977886	0.0
17130.0	1.62998764789146	0.0
17140.0	1.62998731828503	0.0
17150.0	1.62998698906602	0.0
17160.0	1.62998666023374	0.0
17170.0	1.62998633178751	0.0
17180.0	1.62998600372666	0.0
17190.0	1.62998567605051	0.0
17200.0	1.62998534875838	0.0
17210.0	1.6299850218496	0.0
17220.0	1.62998469532348	0.0
17230.0	1.62998436917937	0.0
17240.0	1.6299840434166	0.0
17250.0	1.62998371803448	0.0
17260.0	1.62998339303236	0.0
17270.0	1.62998306840957	0.0
17280.0	1.62998274416545	0.0
17290.0	1.62998242029934	0.0
17300.0	1.62998209681056	0.0
17310.0	1.62998177369848	0.0
17320.0	1.62998145096242	0.0
17330.0	1.62998112860173	0.0
17340.0	1.62998080661576	0.0
17350.0	1.62998048500386	0.0
17360.0	1.62998016376537	0.0
17370.0	1.62997984289964	0.0
17380.0	1.62997952240603	0.0
17390.0	1.62997920228388	0.0
17400.0	1.62997888253255	0.0
17410.0	1.62997856315141	0.0
17420.0	1.6299782441398	0.0
17430.0	1.62997792549708	0.0
17440.0	1.62997760722262	0.0
17450.0	1.62997728931577	0.0
17460.0	1.62997697177591	0.0
17470.0	1.62997665460239	0.0
17480.0	1.62997633779459	0.0
17490.0	1.62997602135186	0.0
17500.0	1.62997570527358	0.0
17510.0	1.62997538955912	0.0
17520.0	1.62997507420786	0.0
17530.0	1.62997475921916	0.0
17540.0	1.6299744445924	0.0
17550.0	1.62997413032696	0.0
17560.0	1.62997381642221	0.0
17570.0	1.62997350287754	0.0
17580.0	1.62997318969232	0.0
17590.0	1.62997287686594	0.0
17600.0	1.62997256439778	0.0
17610.0	1.62997225228723	0.0
17620.0	1.62997194053367	0.0
17630.0	1.6299716291365	0.0
17640.0	1.62997131809509	0.0
17650.0	1.62997100740884	0.0
17660.0	1.62997069707714	0.0
17670.0	1.6299703870994	0.0
17680.0	1.62997007747499	0.0
17690.0	1.62996976820332	0.0
17700.0	1.62996945928378	0.0
17710.0	1.62996915071578	0.0
17720.0	1.62996884249871	0.0
17730.0	1.62996853463197	0.0
17740.0	1.62996822711498	0.0
17750.0	1.62996791994712	0.0
17760.0	1.62996761312782	0.0
17770.0	1.62996730665647	0.0
17780.0	1.62996700053249	0.0
17790.0	1.62996669475528	0.0
17800.0	1.62996638932425	0.0
17810.0	1.62996608423882	0.0
17820.0	1.62996577949841	0.0
17830.0	1.62996547510241	0.0
17840.0	1.62996517105027	0.0
17850.0	1.62996486734138	0.0
17860.0	1.62996456397517	0.0
17870.0	1.62996426095106	0.0
17880.0	1.62996395826848	0.0
17890.0	1.62996365592683	0.0
17900.0	1.62996335392556	0.0
17910.0	1.62996305226408	0.0
17920.0	1.62996275094182	0.0
17930.0	1.62996244995821	0.0
17940.0	1.62996214931268	0.0
17950.0	1.62996184900466	0.0
17960.0	1.62996154903358	0.0
17970.0	1.62996124939887	0.0
17980.0	1.62996095009998	0.0
17990.0	1.62996065113633	0.0
18000.0	1.62996035250736	0.0
18010.0	1.62996005421251	0.0
18020.0	1.62995975625122	0.0
18030.0	1.62995945862293	0.0
18040.0	1.62995916132708	0.0
18050.0	1.62995886436312	0.0
18060.0	1.62995856773049	0.0
18070.0	1.62995827142864	0.0
18080.0	1.62995797545701	0.0
18090.0	1.62995767981505	0.0
18100.0	1.62995738450222	0.0
18110.0	1.62995708951795	0.0
18120.0	1.62995679486171	0.0
18130.0	1.62995650053295	0.0
18140.0	1.62995620653111	0.0
18150.0	1.62995591285567	0.0
18160.0	1.62995561950607	0.0
18170.0	1.62995532648177	0.0
18180.0	1.62995503378223	0.0
18190.0	1.62995474140691	0.0
18200.0	1.62995444935527	0.0
18210.0	1.62995415762678	0.0
18220.0	1.6299538662209	0.0
18230.0	1.6299535751371	0.0
18240.0	1.62995328437484	0.0
18250.0	1.62995299393358	0.0
18260.0	1.6299527038128	0.0
18270.0	1.62995241401197	0.0
18280.0	1.62995212453056	0.0
18290.0	1.62995183536804	0.0
18300.0	1.62995154652388	0.0
18310.0	1.62995125799756	0.0
18320.0	1.62995096978856	0.0
18330.0	1.62995068189634	0.0
18340.0	1.6299503943204	0.0
18350.0	1.6299501070602	0.0
18360.0	1.62994982011523	0.0
18370.0	1.62994953348497	0.0
18380.0	1.6299492471689	0.0
18390.0	1.62994896116651	0.0
18400.0	1.62994867547728	0.0
18410.0	1.6299483901007	0.0
18420.0	1.62994810503624	0.0
18430.0	1.62994782028342	0.0
18440.0	1.6299475358417	0.0
18450.0	1.62994725171058	0.0
18460.0	1.62994696788956	0.0
18470.0	1.62994668437812	0.0
18480.0	1.62994640117576	0.0
18490.0	1.62994611828198	0.0
18500.0	1.62994583569627	0.0
18510.0	1.62994555341812	0.0
18520.0	1.62994527144704	0.0
18530.0	1.62994498978252	0.0
18540.0	1.62994470842407	0.0
18550.0	1.62994442737119	0.0
18560.0	1.62994414662337	0.0
18570.0	1.62994386618013	0.0
18580.0	1.62994358604096	0.0
18590.0	1.62994330620538	0.0
18600.0	1.62994302667288	0.0
18610.0	1.62994274744299	0.0
18620.0	1.6299424685152	0.0
18630.0	1.62994218988902	0.0
18640.0	1.62994191156398	0.0
18650.0	1.62994163353957	0.0
18660.0	1.62994135581532	0.0
18670.0	1.62994107839073	0.0
18680.0	1.62994080126532	0.0
18690.0	1.62994052443862	0.0
18700.0	1.62994024791012	0.0
18710.0	1.62993997167937	0.0
18720.0	1.62993969574586	0.0
18730.0	1.62993942010913	0.0
18740.0	1.6299391447687	0.0
18750.0	1.62993886972408	0.0
18760.0	1.6299385949748	0.0
18770.0	1.6299383205204	0.0
18780.0	1.62993804636038	0.0
18790.0	1.62993777249428	0.0
18800.0	1.62993749892162	0.0
18810.0	1.62993722564194	0.0
18820.0	1.62993695265477	0.0
18830.0	1.62993667995963	0.0
18840.0	1.62993640755605	0.0
18850.0	1.62993613544358	0.0
18860.0	1.62993586362173	0.0
18870.0	1.62993559209006	0.0
18880.0	1.62993532084808	0.0
18890.0	1.62993504989535	0.0
18900.0	1.62993477923139	0.0
18910.0	1.62993450885575	0.0
18920.0	1.62993423876796	0.0
18930.0	1.62993396896757	0.0
18940.0	1.62993369945412	0.0
18950.0	1.62993343022714	0.0
18960.0	1.62993316128619	0.0
18970.0	1.62993289263081	0.0
18980.0	1.62993262426054	0.0
18990.0	1.62993235617493	0.0
19000.0	1.62993208837352	0.0
19010.0	1.62993182085587	0.0
19020.0	1.62993155362153	0.0
19030.0	1.62993128667004	0.0
19040.0	1.62993102000095	0.0
19050.0	1.62993075361383	0.0
19060.0	1.62993048750821	0.0
19070.0	1.62993022168366	0.0
19080.0	1.62992995613973	0.0
19090.0	1.62992969087597	0.0
19100.0	1.62992942589195	0.0
19110.0	1.62992916118721	0.0
19120.0	1.62992889676133	0.0
19130.0	1.62992863261385	0.0
19140.0	1.62992836874434	0.0
19150.0	1.62992810515237	0.0
19160.0	1.62992784183748	0.0
19170.0	1.62992757879925	0.0
19180.0	1.62992731603725	0.0
19190.0	1.62992705355103	0.0
19200.0	1.62992679134015	0.0
19210.0	1.6299265294042	0.0
19220.0	1.62992626774274	0.0
19230.0	1.62992600635533	0.0
19240.0	1.62992574524154	0.0
19250.0	1.62992548440095	0.0
19260.0	1.62992522383313	0.0
19270.0	1.62992496353764	0.0
19280.0	1.62992470351407	0.0
19290.0	1.62992444376198	0.0
19300.0	1.62992418428096	0.0
19310.0	1.62992392507057	0.0
19320.0	1.6299236661304	0.0
19330.0	1.62992340746002	0.0
19340.0	1.62992314905901	0.0
19350.0	1.62992289092696	0.0
19360.0	1.62992263306343	0.0
19370.0	1.62992237546801	0.0
19380.0	1.62992211814029	0.0
19390.0	1.62992186107984	0.0
19400.0	1.62992160428625	0.0
19410.0	1.62992134775911	0.0
19420.0	1.629921091498	0.0
19430.0	1.62992083550251	0.0
19440.0	1.62992057977222	0.0
19450.0	1.62992032430672	0.0
19460.0	1.62992006910561	0.0
19470.0	1.62991981416846	0.0
19480.0	1.62991955949488	0.0
19490.0	1.62991930508445	0.0
19500.0	1.62991905093677	0.0
19510.0	1.62991879705142	0.0
19520.0	1.62991854342801	0.0
19530.0	1.62991829006613	0.0
19540.0	1.62991803696536	0.0
19550.0	1.62991778412532	0.0
19560.0	1.6299175315456	0.0
19570.0	1.62991727922579	0.0
19580.0	1.6299170271655	0.0
19590.0	1.62991677536432	0.0
19600.0	1.62991652382185	0.0
19610.0	1.6299162725377	0.0
19620.0	1.62991602151147	0.0
19630.0	1.62991577074276	0.0
19640.0	1.62991552023118	0.0
19650.0	1.62991526997633	0.0
19660.0	1.62991501997781	0.0
19670.0	1.62991477023524	0.0
19680.0	1.62991452074821	0.0
19690.0	1.62991427151634	0.0
19700.0	1.62991402253924	0.0
19710.0	1.62991377381652	0.0
19720.0	1.62991352534778	0.0
19730.0	1.62991327713264	0.0
19740.0	1.6299130291707	0.0
19750.0	1.62991278146159	0.0
19760.0	1.62991253400492	0.0
19770.0	1.62991228680029	0.0
19780.0	1.62991203984733	0.0
19790.0	1.62991179314565	0.0
19800.0	1.62991154669487	0.0
19810.0	1.6299113004946	0.0
19820.0	1.62991105454447	0.0
19830.0	1.62991080884409	0.0
19840.0	1.62991056339308	0.0
19850.0	1.62991031819106	0.0
19860.0	1.62991007323766	0.0
19870.0	1.62990982853249	0.0
19880.0	1.62990958407518	0.0
19890.0	1.62990933986536	0.0
19900.0	1.62990909590264	0.0
19910.0	1.62990885218665	0.0
19920.0	1.62990860871702	0.0
19930.0	1.62990836549338	0.0
19940.0	1.62990812251534	0.0
19950.0	1.62990787978255	0.0
19960.0	1.62990763729462	0.0
19970.0	1.6299073950512	0.0
19980.0	1.6299071530519	0.0
19990.0	1.62990691129636	0.0
20000.0	1.62990666978422	0.0
