61.99	6.64E-01	9.20E-03
64.63	6.26E-01	1.11E-02
67.38	5.83E-01	1.35E-02
70.25	5.31E-01	1.68E-02
73.24	4.69E-01	2.16E-02
76.36	3.90E-01	2.95E-02
79.61	2.82E-01	4.64E-02
82.99	1.16E-01	1.28E-01
86.53	5.53E-02	3.06E-01
90.21	4.44E-02	4.33E-01
94.05	4.06E-02	5.39E-01
98.05	3.92E-02	6.35E-01
102.22	3.91E-02	7.25E-01
106.57	3.99E-02	8.12E-01
111.11	4.12E-02	8.96E-01
115.84	4.30E-02	9.80E-01
120.77	4.54E-02	1.06E+00
125.91	4.82E-02	1.15E+00
131.27	5.15E-02	1.23E+00
136.85	5.53E-02	1.32E+00
142.68	5.96E-02	1.41E+00
148.75	6.46E-02	1.50E+00
155.08	7.00E-02	1.59E+00
161.68	7.61E-02	1.68E+00
168.56	8.27E-02	1.78E+00
175.73	8.99E-02	1.88E+00
183.21	9.76E-02	1.98E+00
191.01	1.06E-01	2.08E+00
199.14	1.15E-01	2.19E+00
207.62	1.24E-01	2.30E+00
216.45	1.34E-01	2.42E+00
225.66	1.45E-01	2.53E+00
235.27	1.56E-01	2.66E+00
245.28	1.69E-01	2.79E+00
255.72	1.82E-01	2.92E+00
266.60	1.97E-01	3.06E+00
277.95	2.13E-01	3.20E+00
289.78	2.31E-01	3.35E+00
302.11	2.51E-01	3.50E+00
314.97	2.73E-01	3.66E+00
328.37	2.98E-01	3.83E+00
342.35	3.26E-01	4.01E+00
356.92	3.58E-01	4.19E+00
372.11	3.93E-01	4.37E+00
387.95	4.33E-01	4.57E+00
404.46	4.78E-01	4.77E+00
421.67	5.28E-01	4.97E+00
439.62	5.83E-01	5.18E+00
458.33	6.44E-01	5.40E+00
477.83	7.11E-01	5.62E+00
498.17	7.82E-01	5.85E+00
519.37	8.57E-01	6.08E+00
541.47	9.35E-01	6.31E+00
564.52	1.02E+00	6.55E+00
588.55	1.10E+00	6.80E+00
613.59	1.19E+00	7.07E+00
639.71	1.30E+00	7.36E+00
666.93	1.43E+00	7.67E+00
695.32	1.62E+00	7.99E+00
724.91	1.91E+00	8.29E+00
755.76	2.31E+00	8.46E+00
787.93	2.65E+00	8.36E+00
821.46	2.71E+00	8.11E+00
856.42	2.45E+00	8.00E+00
892.87	2.09E+00	8.16E+00
930.87	1.81E+00	8.50E+00
970.49	1.61E+00	8.93E+00
1011.80	1.48E+00	9.40E+00
1054.90	1.40E+00	9.89E+00
1099.70	1.34E+00	1.04E+01
1146.50	1.31E+00	1.09E+01
1195.30	1.30E+00	1.15E+01
1246.20	1.30E+00	1.20E+01
1299.30	1.32E+00	1.26E+01
1354.60	1.35E+00	1.32E+01
1412.20	1.39E+00	1.38E+01
1472.30	1.44E+00	1.44E+01
1535.00	1.50E+00	1.51E+01
1600.30	1.57E+00	1.58E+01
1668.40	1.65E+00	1.65E+01
1739.40	1.75E+00	1.72E+01
1813.40	1.85E+00	1.79E+01
1890.60	1.97E+00	1.87E+01
1971.10	2.09E+00	1.95E+01
2055.00	2.23E+00	2.04E+01
2142.40	2.39E+00	2.12E+01
2233.60	2.56E+00	2.21E+01
2328.70	2.74E+00	2.31E+01
2427.80	2.93E+00	2.40E+01
2531.10	3.15E+00	2.50E+01
2638.80	3.38E+00	2.60E+01
2751.10	3.62E+00	2.71E+01
2868.20	3.88E+00	2.82E+01
2990.30	4.17E+00	2.93E+01
3117.50	4.47E+00	3.05E+01
3250.20	4.79E+00	3.17E+01
3388.50	5.13E+00	3.29E+01
3532.80	5.49E+00	3.42E+01
3683.10	5.87E+00	3.55E+01
3839.90	6.28E+00	3.68E+01
4003.30	6.70E+00	3.82E+01
4173.70	7.15E+00	3.97E+01
4351.30	7.62E+00	4.11E+01
4536.50	8.11E+00	4.27E+01
4729.60	8.63E+00	4.42E+01
4930.80	9.16E+00	4.58E+01
5140.70	9.72E+00	4.75E+01
5359.50	1.03E+01	4.92E+01
5587.60	1.09E+01	5.09E+01
5825.40	1.15E+01	5.27E+01
6073.30	1.22E+01	5.46E+01
6331.80	1.28E+01	5.65E+01
6601.30	1.35E+01	5.85E+01
6882.20	1.43E+01	6.06E+01
7175.10	1.50E+01	6.27E+01
7480.50	1.58E+01	6.49E+01
7798.80	1.66E+01	6.72E+01
8130.70	1.74E+01	6.96E+01
8476.80	1.83E+01	7.21E+01
8837.60	1.92E+01	7.47E+01
9213.70	2.01E+01	7.73E+01
9605.80	2.12E+01	8.01E+01
10015.00	2.22E+01	8.29E+01
10441.00	2.34E+01	8.59E+01
10885.00	2.46E+01	8.90E+01
11348.00	2.58E+01	9.22E+01
11831.00	2.72E+01	9.55E+01
12335.00	2.87E+01	9.89E+01
12860.00	3.02E+01	1.02E+02
13407.00	3.19E+01	1.06E+02
13978.00	3.37E+01	1.10E+02
14573.00	3.56E+01	1.14E+02
15193.00	3.76E+01	1.18E+02
15840.00	3.97E+01	1.22E+02
16514.00	4.20E+01	1.26E+02
17216.00	4.44E+01	1.30E+02
17949.00	4.70E+01	1.34E+02
18713.00	4.97E+01	1.39E+02
19510.00	5.26E+01	1.43E+02
20340.00	5.56E+01	1.48E+02
21206.00	5.88E+01	1.52E+02
22108.00	6.21E+01	1.57E+02
23049.00	6.56E+01	1.62E+02
24030.00	6.92E+01	1.66E+02
25053.00	7.31E+01	1.71E+02
26119.00	7.70E+01	1.76E+02
27230.00	8.11E+01	1.81E+02
28389.00	8.54E+01	1.86E+02
29598.00	8.98E+01	1.91E+02
30857.00	9.44E+01	1.96E+02
32170.00	9.91E+01	2.01E+02
33540.00	1.04E+02	2.05E+02
34967.00	1.09E+02	2.11E+02
36455.00	1.14E+02	2.16E+02
38007.00	1.19E+02	2.21E+02
39624.00	1.25E+02	2.26E+02
41311.00	1.30E+02	2.31E+02
43069.00	1.36E+02	2.36E+02
44902.00	1.42E+02	2.41E+02
46813.00	1.47E+02	2.46E+02
48805.00	1.53E+02	2.51E+02
50882.00	1.59E+02	2.56E+02
53048.00	1.66E+02	2.62E+02
55305.00	1.72E+02	2.67E+02
57659.00	1.78E+02	2.72E+02
60113.00	1.85E+02	2.78E+02
62671.00	1.91E+02	2.83E+02
65339.00	1.98E+02	2.89E+02
68119.00	2.05E+02	2.94E+02
71019.00	2.11E+02	3.00E+02
74041.00	2.18E+02	3.05E+02
77192.00	2.25E+02	3.11E+02
80478.00	2.33E+02	3.17E+02
83903.00	2.40E+02	3.23E+02
87473.00	2.47E+02	3.29E+02
91196.00	2.55E+02	3.35E+02
95078.00	2.62E+02	3.41E+02
99124.00	2.70E+02	3.48E+02
103340.00	2.78E+02	3.54E+02
107740.00	2.86E+02	3.61E+02
112330.00	2.94E+02	3.68E+02
117110.00	3.02E+02	3.74E+02
122090.00	3.10E+02	3.81E+02
127290.00	3.19E+02	3.88E+02
132700.00	3.27E+02	3.96E+02
138350.00	3.36E+02	4.03E+02
144240.00	3.45E+02	4.11E+02
150380.00	3.53E+02	4.18E+02
156780.00	3.63E+02	4.26E+02
163450.00	3.72E+02	4.34E+02
170410.00	3.81E+02	4.42E+02
177660.00	3.91E+02	4.51E+02
185220.00	4.01E+02	4.59E+02
193100.00	4.10E+02	4.68E+02
201320.00	4.20E+02	4.77E+02
209890.00	4.31E+02	4.86E+02
218820.00	4.41E+02	4.95E+02
228140.00	4.52E+02	5.05E+02
237850.00	4.63E+02	5.15E+02
247970.00	4.73E+02	5.25E+02
