280.0	1.644128008	1.078E-6
285.0	1.640530621	1.078E-6
290.0	1.637205416	1.078E-6
295.0	1.634122168	1.078E-6
300.0	1.631255149	1.078E-6
305.0	1.628582295	1.078E-6
310.0	1.626084548	1.078E-6
315.0	1.623745344	1.078E-6
320.0	1.621550202	1.078E-6
325.0	1.619486398	1.078E-6
330.0	1.617542693	1.078E-6
335.0	1.615709121	1.078E-6
340.0	1.613976805	1.078E-6
345.0	1.612337809	1.078E-6
350.0	1.610785013	1.078E-6
355.0	1.609312009	8.3008E-7
360.0	1.607913011	5.8216E-7
365.0	1.60658278	3.3424E-7
370.0	1.60531656	2.3372E-7
375.0	1.604110021	1.8058E-7
380.0	1.602959215	1.2744E-7
385.0	1.601860531	1.02127E-7
390.0	1.60081066	7.6813E-8
395.0	1.599806564	6.17475E-8
400.0	1.598845449	4.6682E-8
405.0	1.59792474	3.9267E-8
410.0	1.597042061	3.47267E-8
415.0	1.596195213	3.01863E-8
420.0	1.595382163	2.5646E-8
425.0	1.594601023	2.50679E-8
430.0	1.59385004	2.44898E-8
435.0	1.593127585	2.39116E-8
440.0	1.59243214	2.32707E-8
445.0	1.59176229	2.2614E-8
450.0	1.591116715	2.19573E-8
455.0	1.590494181	2.13007E-8
460.0	1.589893533	2.0644E-8
465.0	1.58931369	1.9461E-8
470.0	1.588753638	1.8278E-8
475.0	1.588212426	1.7095E-8
480.0	1.587689161	1.5912E-8
485.0	1.587183002	1.4729E-8
490.0	1.586693159	1.3546E-8
495.0	1.586218888	1.2363E-8
500.0	1.585759487	1.118E-8
505.0	1.585314294	1.09117E-8
510.0	1.584882683	1.06434E-8
515.0	1.584464065	1.03751E-8
520.0	1.584057881	1.01068E-8
525.0	1.583663603	9.83853E-9
530.0	1.58328073	9.57024E-9
535.0	1.582908788	9.30195E-9
540.0	1.582547329	9.03365E-9
545.0	1.582195925	8.76536E-9
550.0	1.581854173	8.55734E-9
555.0	1.581521687	8.36438E-9
560.0	1.581198102	8.17142E-9
565.0	1.580883071	7.97847E-9
570.0	1.580576263	7.78551E-9
575.0	1.580277363	7.59256E-9
580.0	1.579986071	7.3996E-9
585.0	1.579702102	7.7112E-9
590.0	1.579425183	8.0228E-9
595.0	1.579155054	8.3344E-9
600.0	1.578891467	8.646E-9
605.0	1.578634184	8.9576E-9
610.0	1.57838298	9.2692E-9
615.0	1.578137638	9.5808E-9
620.0	1.57789795	9.8924E-9
625.0	1.57766372	9.97222E-9
630.0	1.577434757	1.0052E-8
635.0	1.57721088	1.01319E-8
640.0	1.576991916	1.02117E-8
645.0	1.576777697	1.02915E-8
650.0	1.576568064	1.03713E-8
655.0	1.576362864	1.04512E-8
660.0	1.576161951	1.0531E-8
665.0	1.575965182	1.00515E-8
670.0	1.575772423	9.5719E-9
675.0	1.575583544	9.09235E-9
680.0	1.57539842	8.6128E-9
685.0	1.575216931	8.13325E-9
690.0	1.575038961	7.6537E-9
695.0	1.5748644	7.17415E-9
700.0	1.57469314	6.6946E-9
705.0	1.574525079	6.93081E-9
710.0	1.574360119	7.16703E-9
715.0	1.574198163	7.40324E-9
720.0	1.574039121	7.63946E-9
725.0	1.573882903	7.87567E-9
730.0	1.573729424	8.11188E-9
735.0	1.573578603	8.3481E-9
740.0	1.573430361	8.58431E-9
745.0	1.573284619	8.82052E-9
750.0	1.573141306	9.05674E-9
755.0	1.57300035	9.29295E-9
760.0	1.572861682	9.52917E-9
765.0	1.572725236	9.76538E-9
770.0	1.572590947	1.00016E-8
775.0	1.572458755	1.02378E-8
780.0	1.572328598	1.0474E-8
785.0	1.572200419	1.07102E-8
790.0	1.572074163	1.09464E-8
795.0	1.571949775	1.11827E-8
800.0	1.571827202	1.14189E-8
805.0	1.571706395	1.16551E-8
810.0	1.571587304	1.18913E-8
815.0	1.571469882	1.21275E-8
820.0	1.571354083	1.23637E-8
825.0	1.571239862	1.25999E-8
830.0	1.571127176	1.28362E-8
835.0	1.571015984	1.30724E-8
840.0	1.570906245	1.33086E-8
845.0	1.57079792	1.35448E-8
850.0	1.570690971	1.3781E-8
855.0	1.570585361	1.40172E-8
860.0	1.570481055	1.42534E-8
865.0	1.570378017	1.44897E-8
870.0	1.570276214	1.47259E-8
875.0	1.570175614	1.49621E-8
880.0	1.570076184	1.51983E-8
885.0	1.569977894	1.54345E-8
890.0	1.569880715	1.56707E-8
895.0	1.569784616	1.59069E-8
900.0	1.56968957	1.61432E-8
905.0	1.56959555	1.63794E-8
910.0	1.569502529	1.66156E-8
915.0	1.569410481	1.68518E-8
920.0	1.569319381	1.7088E-8
925.0	1.569229204	1.73242E-8
930.0	1.569139927	1.75604E-8
935.0	1.569051527	1.77967E-8
940.0	1.568963982	1.80329E-8
945.0	1.568877268	1.82691E-8
950.0	1.568791366	1.85053E-8
955.0	1.568706254	1.87415E-8
960.0	1.568621913	1.89777E-8
965.0	1.568538322	1.92139E-8
970.0	1.568455463	1.94501E-8
975.0	1.568373316	1.96864E-8
980.0	1.568291865	1.99226E-8
985.0	1.568211091	2.01588E-8
990.0	1.568130977	2.0395E-8
995.0	1.568051507	2.06312E-8
1000.0	1.567972663	2.08674E-8
1005.0	1.567894431	2.11036E-8
1010.0	1.567816794	2.13399E-8
1015.0	1.567739738	2.15761E-8
1020.0	1.567663248	2.18123E-8
1025.0	1.56758731	2.20485E-8
1030.0	1.567511909	2.22847E-8
1035.0	1.567437031	2.25209E-8
1040.0	1.567362664	2.27571E-8
1045.0	1.567288795	2.29934E-8
1050.0	1.567215411	2.32296E-8
1055.0	1.567142499	2.34658E-8
1060.0	1.567070047	2.3702E-8
1065.0	1.566998044	2.42855E-8
1070.0	1.566926478	2.4869E-8
1075.0	1.566855337	2.54525E-8
1080.0	1.566784612	2.6036E-8
1085.0	1.566714291	2.66196E-8
1090.0	1.566644363	2.72031E-8
1095.0	1.566574818	2.77866E-8
1100.0	1.566505647	2.83701E-8
1105.0	1.56643684	2.89536E-8
1110.0	1.566368386	2.95371E-8
1115.0	1.566300277	3.01206E-8
1120.0	1.566232504	3.07041E-8
1125.0	1.566165058	3.12876E-8
1130.0	1.566097929	3.18711E-8
1135.0	1.56603111	3.24547E-8
1140.0	1.565964592	3.30382E-8
1145.0	1.565898367	3.36217E-8
1150.0	1.565832426	3.42052E-8
1155.0	1.565766763	3.47887E-8
1160.0	1.56570137	3.53722E-8
1165.0	1.565636238	3.59557E-8
1170.0	1.565571361	3.65392E-8
1175.0	1.565506732	3.71227E-8
1180.0	1.565442343	3.77063E-8
1185.0	1.565378188	3.82898E-8
1190.0	1.56531426	3.88733E-8
1195.0	1.565250552	3.94568E-8
1200.0	1.565187058	4.00403E-8
1205.0	1.565123772	4.06238E-8
1210.0	1.565060688	4.12073E-8
1215.0	1.564997799	4.17908E-8
1220.0	1.564935099	4.23743E-8
1225.0	1.564872583	4.29579E-8
1230.0	1.564810245	4.35414E-8
1235.0	1.56474808	4.41249E-8
1240.0	1.564686082	4.47084E-8
1245.0	1.564624245	4.52919E-8
1250.0	1.564562565	4.58754E-8
1255.0	1.564501036	4.64589E-8
1260.0	1.564439653	4.70424E-8
1265.0	1.564378411	4.76259E-8
1270.0	1.564317306	4.82094E-8
1275.0	1.564256333	4.8793E-8
1280.0	1.564195486	4.93765E-8
1285.0	1.564134762	4.996E-8
1290.0	1.564074156	5.05435E-8
1295.0	1.564013664	5.1127E-8
1300.0	1.563953281	5.17105E-8
1305.0	1.563893003	5.2294E-8
1310.0	1.563832826	5.28775E-8
1315.0	1.563772745	5.3461E-8
1320.0	1.563712757	5.40446E-8
1325.0	1.563652858	5.46281E-8
1330.0	1.563593044	5.52116E-8
1335.0	1.563533312	5.57951E-8
1340.0	1.563473657	5.63786E-8
1345.0	1.563414075	5.69621E-8
1350.0	1.563354564	5.75456E-8
1355.0	1.56329512	5.81291E-8
1360.0	1.563235738	5.87126E-8
1365.0	1.563176417	5.92961E-8
1370.0	1.563117152	5.98797E-8
1375.0	1.563057941	6.04632E-8
1380.0	1.562998779	6.10467E-8
1385.0	1.562939665	6.16302E-8
1390.0	1.562880594	6.22137E-8
1395.0	1.562821563	6.27972E-8
1400.0	1.562762571	6.33807E-8
1405.0	1.562703613	6.39642E-8
1410.0	1.562644687	6.45477E-8
1415.0	1.56258579	6.51313E-8
1420.0	1.562526919	6.57148E-8
1425.0	1.562468072	6.62983E-8
1430.0	1.562409245	6.68818E-8
1435.0	1.562350437	6.74653E-8
1440.0	1.562291643	6.80488E-8
1445.0	1.562232863	6.86323E-8
1450.0	1.562174093	6.92158E-8
1455.0	1.56211533	6.97993E-8
1460.0	1.562056573	7.03829E-8
1465.0	1.561997819	7.09664E-8
1470.0	1.561939066	7.15499E-8
1475.0	1.56188031	7.21334E-8
1480.0	1.561821551	7.27169E-8
1485.0	1.561762785	7.33004E-8
1490.0	1.56170401	7.38839E-8
1495.0	1.561645225	7.44674E-8
1500.0	1.561586426	7.50509E-8
1505.0	1.561527613	7.56344E-8
1510.0	1.561468782	7.6218E-8
1515.0	1.561409932	7.68015E-8
1520.0	1.561351061	7.7385E-8
1525.0	1.561292167	7.79685E-8
1530.0	1.561233247	7.8552E-8
1535.0	1.5611743	8.3601E-8
1540.0	1.561115323	8.86499E-8
1545.0	1.561056316	9.36989E-8
1550.0	1.560997276	9.87478E-8
1555.0	1.560938201	1.03797E-7
1560.0	1.560879089	1.08846E-7
1565.0	1.56081994	1.13895E-7
1570.0	1.56076075	1.18944E-7
1575.0	1.560701518	1.23993E-7
1580.0	1.560642243	1.29042E-7
1585.0	1.560582923	1.3409E-7
1590.0	1.560523555	1.39139E-7
1595.0	1.56046414	1.44188E-7
1600.0	1.560404674	1.49237E-7
1605.0	1.560345157	1.54286E-7
1610.0	1.560285586	1.59335E-7
1615.0	1.560225961	1.64384E-7
1620.0	1.560166279	1.69433E-7
1625.0	1.560106539	1.74482E-7
1630.0	1.560046741	1.79531E-7
1635.0	1.559986881	1.8458E-7
1640.0	1.559926959	1.89629E-7
1645.0	1.559866974	1.94678E-7
1650.0	1.559806924	1.99727E-7
1655.0	1.559746807	2.04776E-7
1660.0	1.559686622	2.09825E-7
1665.0	1.559626368	2.14874E-7
1670.0	1.559566044	2.19923E-7
1675.0	1.559505648	2.24972E-7
1680.0	1.559445179	2.30021E-7
1685.0	1.559384636	2.3507E-7
1690.0	1.559324016	2.40119E-7
1695.0	1.55926332	2.45167E-7
1700.0	1.559202546	2.50216E-7
1705.0	1.559141693	2.55265E-7
1710.0	1.559080759	2.60314E-7
1715.0	1.559019743	2.65363E-7
1720.0	1.558958644	2.70412E-7
1725.0	1.558897461	2.75461E-7
1730.0	1.558836193	2.8051E-7
1735.0	1.558774839	2.85559E-7
1740.0	1.558713397	2.90608E-7
1745.0	1.558651866	2.95657E-7
1750.0	1.558590246	3.00706E-7
1755.0	1.558528535	3.05755E-7
1760.0	1.558466732	3.10804E-7
1765.0	1.558404836	3.15853E-7
1770.0	1.558342846	3.20902E-7
1775.0	1.558280761	3.25951E-7
1780.0	1.55821858	3.31E-7
1785.0	1.558156302	3.36049E-7
1790.0	1.558093926	3.41098E-7
1795.0	1.558031451	3.46147E-7
1800.0	1.557968876	3.51196E-7
1805.0	1.5579062	3.56244E-7
1810.0	1.557843422	3.61293E-7
1815.0	1.557780541	3.66342E-7
1820.0	1.557717556	3.71391E-7
1825.0	1.557654466	3.7644E-7
1830.0	1.557591271	3.81489E-7
1835.0	1.557527969	3.86538E-7
1840.0	1.557464559	3.91587E-7
1845.0	1.557401041	3.96636E-7
1850.0	1.557337414	4.01685E-7
1855.0	1.557273677	4.06734E-7
1860.0	1.557209829	4.11783E-7
1865.0	1.557145868	4.16832E-7
1870.0	1.557081795	4.21881E-7
1875.0	1.557017609	4.2693E-7
1880.0	1.556953308	4.31979E-7
1885.0	1.556888891	4.37028E-7
1890.0	1.556824359	4.42077E-7
1895.0	1.55675971	4.47126E-7
1900.0	1.556694943	4.52175E-7
1905.0	1.556630058	4.57224E-7
1910.0	1.556565053	4.62273E-7
1915.0	1.556499929	4.67321E-7
1920.0	1.556434683	4.7237E-7
1925.0	1.556369316	4.77419E-7
1930.0	1.556303827	4.82468E-7
1935.0	1.556238214	4.87517E-7
1940.0	1.556172478	4.92566E-7
1945.0	1.556106617	4.97615E-7
1950.0	1.556040631	5.02664E-7
1955.0	1.555974519	5.07713E-7
1960.0	1.55590828	5.12762E-7
1965.0	1.555841913	5.17811E-7
1970.0	1.555775419	5.2286E-7
1975.0	1.555708795	5.46882E-7
1980.0	1.555642042	5.70903E-7
1985.0	1.555575158	5.94925E-7
1990.0	1.555508144	6.18947E-7
1995.0	1.555440998	6.42968E-7
2000.0	1.555373719	6.6699E-7
2005.0	1.555306308	6.91012E-7
2010.0	1.555238763	7.15034E-7
2015.0	1.555171083	7.39055E-7
2020.0	1.555103269	7.63077E-7
2025.0	1.555035318	7.87099E-7
2030.0	1.554967232	8.1112E-7
2035.0	1.554899008	8.35142E-7
2040.0	1.554830647	8.59164E-7
2045.0	1.554762148	8.83185E-7
2050.0	1.55469351	9.07207E-7
2055.0	1.554624732	9.31229E-7
2060.0	1.554555815	9.5525E-7
2065.0	1.554486756	9.79272E-7
2070.0	1.554417556	1.00329E-6
2075.0	1.554348215	1.02732E-6
2080.0	1.55427873	1.05134E-6
2085.0	1.554209103	1.07536E-6
2090.0	1.554139332	1.09938E-6
2095.0	1.554069416	1.1234E-6
2100.0	1.553999356	1.14742E-6
2105.0	1.55392915	1.17145E-6
2110.0	1.553858797	1.19547E-6
2115.0	1.553788299	1.21949E-6
2120.0	1.553717653	1.24351E-6
2125.0	1.553646859	1.26753E-6
2130.0	1.553575916	1.29155E-6
2135.0	1.553504825	1.31558E-6
2140.0	1.553433584	1.3396E-6
2145.0	1.553362193	1.36362E-6
2150.0	1.553290652	1.38764E-6
2155.0	1.553218959	1.41166E-6
2160.0	1.553147115	1.43568E-6
2165.0	1.553075118	1.45971E-6
2170.0	1.553002968	1.48373E-6
2175.0	1.552930665	1.50775E-6
2180.0	1.552858208	1.53177E-6
2185.0	1.552785596	1.55579E-6
2190.0	1.55271283	1.57981E-6
2195.0	1.552639908	1.60384E-6
2200.0	1.55256683	1.62786E-6
2205.0	1.552493595	1.65188E-6
2210.0	1.552420203	1.6759E-6
2215.0	1.552346654	1.69992E-6
2220.0	1.552272946	1.72394E-6
2225.0	1.55219908	1.74797E-6
2230.0	1.552125055	1.77199E-6
2235.0	1.552050869	1.79601E-6
2240.0	1.551976524	1.82003E-6
2245.0	1.551902018	1.84405E-6
2250.0	1.55182735	1.86807E-6
2255.0	1.551752521	1.8921E-6
2260.0	1.55167753	1.91612E-6
2265.0	1.551602376	1.94014E-6
2270.0	1.551527058	1.96416E-6
2275.0	1.551451577	1.98818E-6
2280.0	1.551375932	2.0122E-6
2285.0	1.551300122	2.03623E-6
2290.0	1.551224147	2.06025E-6
2295.0	1.551148006	2.08427E-6
2300.0	1.551071698	2.10829E-6
2305.0	1.550995225	2.13231E-6
2310.0	1.550918584	2.15633E-6
2315.0	1.550841775	2.18036E-6
2320.0	1.550764798	2.20438E-6
2325.0	1.550687653	2.2284E-6
2330.0	1.550610338	2.28858E-6
2335.0	1.550532854	2.34877E-6
2340.0	1.5504552	2.40895E-6
2345.0	1.550377375	2.46913E-6
2350.0	1.55029938	2.52931E-6
2355.0	1.550221213	2.5895E-6
2360.0	1.550142874	2.64968E-6
2365.0	1.550064362	2.70986E-6
2370.0	1.549985678	2.77005E-6
2375.0	1.54990682	2.83023E-6
2380.0	1.549827789	2.89041E-6
2385.0	1.549748583	2.95059E-6
2390.0	1.549669202	3.01078E-6
2395.0	1.549589647	3.07096E-6
2400.0	1.549509916	3.13114E-6
2405.0	1.549430008	3.19133E-6
2410.0	1.549349924	3.25151E-6
2415.0	1.549269663	3.31169E-6
2420.0	1.549189225	3.37187E-6
2425.0	1.549108608	3.43206E-6
2430.0	1.549027813	3.49224E-6
2435.0	1.54894684	3.55242E-6
2440.0	1.548865687	3.61261E-6
2445.0	1.548784354	3.67279E-6
2450.0	1.548702841	3.73297E-6
2455.0	1.548621147	3.79315E-6
2460.0	1.548539272	3.85334E-6
2465.0	1.548457216	3.91352E-6
2470.0	1.548374978	3.9737E-6
2475.0	1.548292557	4.03389E-6
2480.0	1.548209953	4.09407E-6
2485.0	1.548127166	4.15425E-6
2490.0	1.548044195	4.21443E-6
2495.0	1.54796104	4.27462E-6
2500.0	1.5478777	4.3348E-6
