280.0	1.536971793	8.11E-6
285.0	1.535397885	6.6E-6
290.0	1.533823978	5.09E-6
295.0	1.532250071	3.58E-6
300.0	1.530676163	2.07E-6
305.0	1.529102256	1.46E-6
310.0	1.527528348	8.45E-7
315.0	1.526154204	6.15E-7
320.0	1.524924717	3.84E-7
325.0	1.523695229	2.99E-7
330.0	1.522465742	2.13E-7
335.0	1.521275812	1.4E-7
340.0	1.520293564	1.14E-7
345.0	1.519311315	8.79E-8
350.0	1.518329066	6.2E-8
355.0	1.517346818	5.5E-8
360.0	1.516499788	4.8E-8
365.0	1.515700268	4.1E-8
370.0	1.514900748	4.15E-8
375.0	1.514101229	4.36E-8
380.0	1.513345968	4.57E-8
385.0	1.512684761	4.0E-8
390.0	1.512023553	3.43E-8
395.0	1.511362345	3.32E-8
400.0	1.510701137	3.2E-8
405.0	1.510136049	3.24E-8
410.0	1.509581641	3.39E-8
415.0	1.509027234	3.55E-8
420.0	1.508472826	3.7E-8
425.0	1.507958678	3.74E-8
430.0	1.507488145	3.79E-8
435.0	1.507017612	3.83E-8
440.0	1.506547079	3.81E-8
445.0	1.506080556	3.78E-8
450.0	1.505676858	3.75E-8
455.0	1.505273161	3.71E-8
460.0	1.504869463	3.68E-8
465.0	1.504465765	3.67E-8
470.0	1.504096585	3.66E-8
475.0	1.503746822	3.65E-8
480.0	1.503397059	3.64E-8
485.0	1.503047295	3.63E-8
490.0	1.502707214	3.62E-8
495.0	1.502401459	3.61E-8
500.0	1.502095704	3.6E-8
505.0	1.50178995	3.54E-8
510.0	1.501484195	3.48E-8
515.0	1.501207449	3.42E-8
520.0	1.500937955	3.36E-8
525.0	1.500668462	3.3E-8
530.0	1.500398968	3.24E-8
535.0	1.500140926	3.18E-8
540.0	1.49990157	3.12E-8
545.0	1.499662213	3.06E-8
550.0	1.499422856	3.07E-8
555.0	1.499183499	3.1E-8
560.0	1.498968374	3.13E-8
565.0	1.498754258	3.16E-8
570.0	1.498540143	3.18E-8
575.0	1.498326027	3.21E-8
580.0	1.498123406	3.24E-8
585.0	1.497930576	3.33E-8
590.0	1.497737747	3.42E-8
595.0	1.497544917	3.51E-8
600.0	1.497354255	3.6E-8
605.0	1.497179487	3.69E-8
610.0	1.497004719	3.78E-8
615.0	1.496829951	3.87E-8
620.0	1.496655182	3.96E-8
625.0	1.496491201	3.93E-8
630.0	1.496331843	3.89E-8
635.0	1.496172485	3.86E-8
640.0	1.496013127	3.83E-8
645.0	1.495857468	3.79E-8
650.0	1.495711323	3.76E-8
655.0	1.495565177	3.72E-8
660.0	1.495419031	3.69E-8
665.0	1.495272885	3.58E-8
670.0	1.495136525	3.47E-8
675.0	1.495001758	3.35E-8
680.0	1.49486699	3.24E-8
685.0	1.494732223	3.13E-8
690.0	1.494601783	3.01E-8
695.0	1.494476853	2.9E-8
700.0	1.494351922	2.79E-8
705.0	1.494226991	2.8E-8
710.0	1.494102231	2.81E-8
715.0	1.493985834	2.81E-8
720.0	1.493869437	2.82E-8
725.0	1.49375304	2.83E-8
730.0	1.493636643	2.84E-8
735.0	1.493524701	2.85E-8
740.0	1.493415729	2.86E-8
745.0	1.493306758	2.86E-8
750.0	1.493197786	2.87E-8
755.0	1.49308998	2.88E-8
760.0	1.492987486	2.89E-8
765.0	1.492884993	2.9E-8
770.0	1.492782499	2.9E-8
775.0	1.492680005	2.91E-8
780.0	1.492581817	2.92E-8
785.0	1.492484987	2.93E-8
790.0	1.492388158	2.94E-8
795.0	1.492291328	2.95E-8
800.0	1.492196186	2.95E-8
805.0	1.492104318	2.96E-8
810.0	1.49201245	2.97E-8
815.0	1.491920582	2.98E-8
820.0	1.491828713	2.99E-8
825.0	1.491740849	2.99E-8
830.0	1.491653333	3.0E-8
835.0	1.491565817	3.01E-8
840.0	1.491478301	3.02E-8
845.0	1.491392696	3.03E-8
850.0	1.491309001	3.04E-8
855.0	1.491225307	3.04E-8
860.0	1.491141613	3.05E-8
865.0	1.491058187	3.06E-8
870.0	1.490977851	3.07E-8
875.0	1.490897514	3.08E-8
880.0	1.490817178	3.09E-8
885.0	1.490736841	3.09E-8
890.0	1.490658452	3.1E-8
895.0	1.490581067	3.11E-8
900.0	1.490503681	3.12E-8
905.0	1.490426295	3.13E-8
910.0	1.490349532	3.13E-8
915.0	1.490274739	3.14E-8
920.0	1.490199946	3.15E-8
925.0	1.490125153	3.16E-8
930.0	1.49005036	3.17E-8
935.0	1.489977433	3.18E-8
940.0	1.489904916	3.18E-8
945.0	1.489832399	3.19E-8
950.0	1.489759881	3.2E-8
955.0	1.489688162	3.21E-8
960.0	1.489617641	3.22E-8
965.0	1.489547119	3.22E-8
970.0	1.489476597	3.23E-8
975.0	1.489406075	3.24E-8
980.0	1.489337265	3.25E-8
985.0	1.489268488	3.26E-8
990.0	1.489199712	3.27E-8
995.0	1.489130936	3.27E-8
1000.0	1.489063008	3.28E-8
1005.0	1.488995746	3.29E-8
1010.0	1.488928484	3.3E-8
1015.0	1.488861222	3.31E-8
1020.0	1.488794222	3.31E-8
1025.0	1.488728274	3.32E-8
1030.0	1.488662327	3.33E-8
1035.0	1.488596379	3.34E-8
1040.0	1.488530431	3.35E-8
1045.0	1.488465416	3.36E-8
1050.0	1.488400635	3.36E-8
1055.0	1.488335855	3.37E-8
1060.0	1.488271074	3.38E-8
1065.0	1.488206493	3.61E-8
1070.0	1.488142714	3.83E-8
1075.0	1.488078936	4.06E-8
1080.0	1.488015157	4.28E-8
1085.0	1.487951378	4.51E-8
1090.0	1.487888266	4.73E-8
1095.0	1.487825321	4.96E-8
1100.0	1.487762377	5.19E-8
1105.0	1.487699432	5.41E-8
1110.0	1.487636769	5.64E-8
1115.0	1.48757453	5.86E-8
1120.0	1.48751229	6.09E-8
1125.0	1.487450051	6.31E-8
1130.0	1.487387811	6.54E-8
1135.0	1.487326159	6.77E-8
1140.0	1.487264507	6.99E-8
1145.0	1.487202856	7.22E-8
1150.0	1.487141204	7.44E-8
1155.0	1.487079841	7.67E-8
1160.0	1.48701867	7.89E-8
1165.0	1.486957499	8.12E-8
1170.0	1.486896329	8.35E-8
1175.0	1.486835235	8.57E-8
1180.0	1.486774448	8.8E-8
1185.0	1.486713662	9.02E-8
1190.0	1.486652876	9.25E-8
1195.0	1.486592089	9.48E-8
1200.0	1.48653154	9.7E-8
1205.0	1.486471049	9.93E-8
1210.0	1.486410559	1.02E-7
1215.0	1.486350068	1.04E-7
1220.0	1.486289664	1.06E-7
1225.0	1.486229389	1.08E-7
1230.0	1.486169113	1.11E-7
1235.0	1.486108838	1.13E-7
1240.0	1.486048563	1.15E-7
1245.0	1.485988429	1.17E-7
1250.0	1.485928294	1.2E-7
1255.0	1.48586816	1.22E-7
1260.0	1.485808026	1.24E-7
1265.0	1.485747935	1.26E-7
1270.0	1.485687875	1.29E-7
1275.0	1.485627814	1.31E-7
1280.0	1.485567753	1.33E-7
1285.0	1.485507692	1.35E-7
1290.0	1.48544764	1.38E-7
1295.0	1.485387587	1.4E-7
1300.0	1.485327535	1.42E-7
1305.0	1.485267483	1.44E-7
1310.0	1.485207401	1.47E-7
1315.0	1.485147299	1.49E-7
1320.0	1.485087197	1.51E-7
1325.0	1.485027095	1.53E-7
1330.0	1.484966973	1.56E-7
1335.0	1.484906768	1.58E-7
1340.0	1.484846563	1.6E-7
1345.0	1.484786358	1.62E-7
1350.0	1.484726153	1.65E-7
1355.0	1.484665826	1.67E-7
1360.0	1.484605469	1.69E-7
1365.0	1.484545112	1.72E-7
1370.0	1.484484754	1.74E-7
1375.0	1.484424318	1.76E-7
1380.0	1.484363763	1.78E-7
1385.0	1.484303209	1.81E-7
1390.0	1.484242654	1.83E-7
1395.0	1.484182099	1.85E-7
1400.0	1.484121304	1.87E-7
1405.0	1.484060509	1.9E-7
1410.0	1.483999714	1.92E-7
1415.0	1.483938919	1.94E-7
1420.0	1.483877956	1.96E-7
1425.0	1.483816882	1.99E-7
1430.0	1.483755807	2.01E-7
1435.0	1.483694733	2.03E-7
1440.0	1.483633595	2.05E-7
1445.0	1.483572204	2.08E-7
1450.0	1.483510814	2.1E-7
1455.0	1.483449423	2.12E-7
1460.0	1.483388032	2.14E-7
1465.0	1.483326361	2.17E-7
1470.0	1.48326462	2.19E-7
1475.0	1.483202878	2.21E-7
1480.0	1.483141137	2.23E-7
1485.0	1.483079239	2.26E-7
1490.0	1.483017105	2.28E-7
1495.0	1.482954972	2.3E-7
1500.0	1.482892839	2.32E-7
1505.0	1.482830706	2.35E-7
1510.0	1.482768234	2.37E-7
1515.0	1.482705677	2.39E-7
1520.0	1.482643121	2.41E-7
1525.0	1.482580564	2.44E-7
1530.0	1.48251783	2.46E-7
1535.0	1.482454831	2.52E-7
1540.0	1.482391832	2.59E-7
1545.0	1.482328833	2.65E-7
1550.0	1.482265834	2.71E-7
1555.0	1.482202366	2.78E-7
1560.0	1.482138898	2.84E-7
1565.0	1.482075429	2.9E-7
1570.0	1.482011961	2.97E-7
1575.0	1.481948197	3.03E-7
1580.0	1.481884234	3.09E-7
1585.0	1.481820272	3.16E-7
1590.0	1.481756309	3.22E-7
1595.0	1.481692243	3.28E-7
1600.0	1.481627762	3.35E-7
1605.0	1.481563282	3.41E-7
1610.0	1.481498801	3.47E-7
1615.0	1.48143432	3.54E-7
1620.0	1.481369407	3.6E-7
1625.0	1.481304386	3.66E-7
1630.0	1.481239365	3.73E-7
1635.0	1.481174345	3.79E-7
1640.0	1.481109099	3.86E-7
1645.0	1.481043516	3.92E-7
1650.0	1.480977933	3.98E-7
1655.0	1.480912351	4.05E-7
1660.0	1.480846768	4.11E-7
1665.0	1.480780603	4.17E-7
1670.0	1.480714438	4.24E-7
1675.0	1.480648273	4.3E-7
1680.0	1.480582108	4.36E-7
1685.0	1.480515582	4.43E-7
1690.0	1.480448816	4.49E-7
1695.0	1.48038205	4.55E-7
1700.0	1.480315284	4.62E-7
1705.0	1.480248391	4.68E-7
1710.0	1.480180991	4.74E-7
1715.0	1.480113591	4.81E-7
1720.0	1.48004619	4.87E-7
1725.0	1.47997879	4.93E-7
1730.0	1.479910998	5.0E-7
1735.0	1.479842946	5.06E-7
1740.0	1.479774893	5.12E-7
1745.0	1.47970684	5.19E-7
1750.0	1.479638657	5.25E-7
1755.0	1.479569949	5.31E-7
1760.0	1.479501242	5.38E-7
1765.0	1.479432534	5.44E-7
1770.0	1.479363827	5.5E-7
1775.0	1.479294582	5.57E-7
1780.0	1.479225204	5.63E-7
1785.0	1.479155825	5.69E-7
1790.0	1.479086447	5.76E-7
1795.0	1.479016794	5.82E-7
1800.0	1.478946729	5.88E-7
1805.0	1.478876664	5.95E-7
1810.0	1.478806599	6.01E-7
1815.0	1.478736534	6.07E-7
1820.0	1.478665768	6.14E-7
1825.0	1.478595001	6.2E-7
1830.0	1.478524235	6.26E-7
1835.0	1.478453469	6.33E-7
1840.0	1.478382273	6.39E-7
1845.0	1.47831079	6.45E-7
1850.0	1.478239308	6.52E-7
1855.0	1.478167826	6.58E-7
1860.0	1.478096198	6.65E-7
1865.0	1.478023986	6.71E-7
1870.0	1.477951774	6.77E-7
1875.0	1.477879561	6.84E-7
1880.0	1.477807349	6.9E-7
1885.0	1.477734543	6.96E-7
1890.0	1.477661588	7.03E-7
1895.0	1.477588633	7.09E-7
1900.0	1.477515678	7.15E-7
1905.0	1.47744242	7.22E-7
1910.0	1.477368709	7.28E-7
1915.0	1.477294998	7.34E-7
1920.0	1.477221286	7.41E-7
1925.0	1.477147575	7.47E-7
1930.0	1.477073077	7.53E-7
1935.0	1.476998579	7.6E-7
1940.0	1.476924082	7.66E-7
1945.0	1.476849584	7.72E-7
1950.0	1.476774766	7.79E-7
1955.0	1.476699469	7.85E-7
1960.0	1.476624172	7.91E-7
1965.0	1.476548874	7.98E-7
1970.0	1.476473577	8.04E-7
1975.0	1.476397486	8.82E-7
1980.0	1.476321395	9.6E-7
1985.0	1.476245304	1.04E-6
1990.0	1.476169212	1.12E-6
1995.0	1.476092638	1.19E-6
2000.0	1.476015742	1.27E-6
2005.0	1.475938845	1.35E-6
2010.0	1.475861949	1.43E-6
2015.0	1.475784889	1.51E-6
2020.0	1.475707176	1.58E-6
2025.0	1.475629462	1.66E-6
2030.0	1.475551748	1.74E-6
2035.0	1.475474035	1.82E-6
2040.0	1.475395659	1.9E-6
2045.0	1.475317117	1.97E-6
2050.0	1.475238576	2.05E-6
2055.0	1.475160034	2.13E-6
2060.0	1.475081157	2.21E-6
2065.0	1.475001776	2.29E-6
2070.0	1.474922395	2.36E-6
2075.0	1.474843014	2.44E-6
2080.0	1.474763633	2.52E-6
2085.0	1.474683402	2.6E-6
2090.0	1.474603171	2.68E-6
2095.0	1.47452294	2.75E-6
2100.0	1.474442709	2.83E-6
2105.0	1.474361962	2.91E-6
2110.0	1.47428087	2.99E-6
2115.0	1.474199779	3.07E-6
2120.0	1.474118687	3.14E-6
2125.0	1.474037421	3.22E-6
2130.0	1.473955459	3.3E-6
2135.0	1.473873496	3.38E-6
2140.0	1.473791533	3.46E-6
2145.0	1.473709571	3.53E-6
2150.0	1.473626886	3.61E-6
2155.0	1.473544022	3.69E-6
2160.0	1.473461157	3.77E-6
2165.0	1.473378293	3.84E-6
2170.0	1.473295246	3.92E-6
2175.0	1.473211469	4.0E-6
2180.0	1.473127692	4.08E-6
2185.0	1.473043916	4.16E-6
2190.0	1.472960139	4.23E-6
2195.0	1.472875641	4.31E-6
2200.0	1.472790962	4.39E-6
2205.0	1.472706283	4.47E-6
2210.0	1.472621603	4.55E-6
2215.0	1.47253656	4.62E-6
2220.0	1.472450968	4.7E-6
2225.0	1.472365377	4.78E-6
2230.0	1.472279786	4.86E-6
2235.0	1.472194195	4.94E-6
2240.0	1.472107682	5.01E-6
2245.0	1.472021168	5.09E-6
2250.0	1.471934655	5.17E-6
2255.0	1.471848141	5.25E-6
2260.0	1.471761069	5.33E-6
2265.0	1.471673623	5.4E-6
2270.0	1.471586178	5.48E-6
2275.0	1.471498732	5.56E-6
2280.0	1.471411099	5.64E-6
2285.0	1.471322711	5.72E-6
2290.0	1.471234324	5.79E-6
2295.0	1.471145937	5.87E-6
2300.0	1.471057549	5.95E-6
2305.0	1.470968401	6.03E-6
2310.0	1.470879062	6.11E-6
2315.0	1.470789723	6.18E-6
2320.0	1.470700384	6.26E-6
2325.0	1.470610661	6.34E-6
2330.0	1.470520361	6.59E-6
2335.0	1.470430061	6.83E-6
2340.0	1.470339761	7.08E-6
2345.0	1.470249461	7.33E-6
2350.0	1.47015819	7.58E-6
2355.0	1.47006692	7.82E-6
2360.0	1.469975649	8.07E-6
2365.0	1.469884378	8.32E-6
2370.0	1.469792506	8.57E-6
2375.0	1.469700232	8.81E-6
2380.0	1.469607958	9.06E-6
2385.0	1.469515684	9.31E-6
2390.0	1.46942341	9.56E-6
2395.0	1.469330123	9.8E-6
2400.0	1.469236837	1.01E-5
2405.0	1.46914355	1.03E-5
2410.0	1.469050264	1.05E-5
2415.0	1.468956377	1.08E-5
2420.0	1.46886209	1.1E-5
2425.0	1.468767803	1.13E-5
2430.0	1.468673516	1.15E-5
2435.0	1.468579028	1.18E-5
2440.0	1.468483731	1.2E-5
2445.0	1.468388434	1.23E-5
2450.0	1.468293137	1.25E-5
2455.0	1.46819784	1.28E-5
2460.0	1.468101728	1.3E-5
2465.0	1.468005412	1.33E-5
2470.0	1.467909096	1.35E-5
2475.0	1.467812781	1.38E-5
2480.0	1.467716053	1.4E-5
2485.0	1.467618708	1.43E-5
2490.0	1.467521362	1.45E-5
2495.0	1.467424017	1.48E-5
2500.0	1.467326672	1.5E-5
