200	2.489834472	4.21468E-08
205	2.489827107	0
210	2.489819561	0
215	2.489811833	0
220	2.489803922	0
225	2.48979583	0
230	2.489787556	0
235	2.4897791	0
240	2.489770461	0
245	2.489761641	0
250	2.489752639	0
255	2.489743455	0
260	2.489734088	0
265	2.48972454	0
270	2.489714809	0
275	2.489704897	0
280	2.489694802	0
285	2.489684526	0
290	2.489674067	0
295	2.489663426	0
300	2.489652603	2.10734E-08
305	2.489641598	0
310	2.489630411	2.10734E-08
315	2.489619041	0
320	2.489607489	2.10734E-08
325	2.489595756	0
330	2.48958384	2.10734E-08
335	2.489571741	2.10734E-08
340	2.489559461	0
345	2.489546998	2.10734E-08
350	2.489534353	2.10734E-08
355	2.489521526	2.10734E-08
360	2.489508517	2.10734E-08
365	2.489495325	2.10734E-08
370	2.489481951	2.10734E-08
375	2.489468394	2.10734E-08
380	2.489454656	2.98023E-08
385	2.489440735	2.10734E-08
390	2.489426631	2.98023E-08
395	2.489412345	2.98023E-08
400	2.489397877	2.98023E-08
405	2.489383226	2.98023E-08
410	2.489368393	3.65002E-08
415	2.489353378	3.65002E-08
420	2.48933818	3.65002E-08
425	2.489322799	2.98023E-08
430	2.489307237	3.65002E-08
435	2.489291491	3.65002E-08
440	2.489275563	3.65002E-08
445	2.489259453	4.21468E-08
450	2.48924316	4.21468E-08
455	2.489226684	4.71216E-08
460	2.489210026	4.71216E-08
465	2.489193185	4.71216E-08
470	2.489176161	4.71216E-08
475	2.489158955	5.16191E-08
480	2.489141566	5.16191E-08
485	2.489123995	5.5755E-08
490	2.489106241	5.5755E-08
495	2.489088304	5.5755E-08
500	2.489070184	5.96046E-08
505	2.489051882	5.96046E-08
510	2.489033396	5.96046E-08
515	2.489014728	6.32203E-08
520	2.488995878	6.664E-08
525	2.488976844	6.98926E-08
530	2.488957627	6.98926E-08
535	2.488938228	7.30005E-08
540	2.488918646	7.59813E-08
545	2.48889888	7.59813E-08
550	2.488878932	7.88495E-08
555	2.488858801	7.88495E-08
560	2.488838487	8.1617E-08
565	2.488817989	8.1617E-08
570	2.488797309	8.6888E-08
575	2.488776446	8.9407E-08
580	2.488755399	9.18569E-08
585	2.48873417	9.18569E-08
590	2.488712757	9.65706E-08
595	2.488691162	9.65706E-08
600	2.488669383	9.88431E-08
605	2.488647421	1.03238E-07
610	2.488625275	1.05367E-07
615	2.488602947	1.07454E-07
620	2.488580435	1.1151E-07
625	2.488557739	1.13484E-07
630	2.488534861	1.17332E-07
635	2.488511799	1.19209E-07
640	2.488488554	1.21058E-07
645	2.488465125	1.24672E-07
650	2.488441513	1.28185E-07
655	2.488417718	1.29905E-07
660	2.488393739	1.3328E-07
665	2.488369577	1.36571E-07
670	2.488345231	1.39785E-07
675	2.488320701	1.42927E-07
680	2.488295988	1.46001E-07
685	2.488271091	1.49012E-07
690	2.488246011	1.51963E-07
695	2.488220747	1.56285E-07
700	2.488195299	1.59101E-07
705	2.488169668	1.63234E-07
710	2.488143853	1.65932E-07
715	2.488117854	1.69899E-07
720	2.488091671	1.73776E-07
725	2.488065305	1.76313E-07
730	2.488038755	1.8128E-07
735	2.48801202	1.84919E-07
740	2.487985102	1.87305E-07
745	2.487958	1.93141E-07
750	2.487930714	1.9656E-07
755	2.487903244	1.9992E-07
760	2.48787559	2.04314E-07
765	2.487847752	2.08616E-07
770	2.48781973	2.11785E-07
775	2.487791524	2.16964E-07
780	2.487763133	2.2102E-07
785	2.487734558	2.25003E-07
790	2.4877058	2.28916E-07
795	2.487676857	2.33716E-07
800	2.487647729	2.37485E-07
805	2.487618418	2.42115E-07
810	2.487588922	2.47557E-07
815	2.487559241	2.52002E-07
820	2.487529376	2.56369E-07
825	2.487499327	2.61514E-07
830	2.487469093	2.65726E-07
835	2.487438675	2.70693E-07
840	2.487408073	2.75571E-07
845	2.487377285	2.80364E-07
850	2.487346314	2.85854E-07
855	2.487315157	2.91241E-07
860	2.487283816	2.9578E-07
865	2.48725229	3.00989E-07
870	2.487220579	3.06834E-07
875	2.487188684	3.11858E-07
880	2.487156604	3.17503E-07
885	2.487124339	3.23049E-07
890	2.487091889	3.27826E-07
895	2.487059254	3.33866E-07
900	2.487026435	3.39145E-07
905	2.48699343	3.4563E-07
910	2.48696024	3.50732E-07
915	2.486926865	3.56384E-07
920	2.486893306	3.62561E-07
925	2.486859561	3.68634E-07
930	2.48682563	3.74609E-07
935	2.486791515	3.80491E-07
940	2.486757215	3.86857E-07
945	2.486722729	3.9312E-07
950	2.486688058	3.9984E-07
955	2.486653201	4.06449E-07
960	2.486618159	4.12415E-07
965	2.486582932	4.18826E-07
970	2.486547519	4.25662E-07
975	2.486511921	4.31877E-07
980	2.486476137	4.3851E-07
985	2.486440168	4.45542E-07
990	2.486404013	4.52956E-07
995	2.486367672	4.59768E-07
1000	2.486331146	4.6648E-07
1005	2.486294434	4.73566E-07
1010	2.486257536	4.80548E-07
1015	2.486220452	4.87885E-07
1020	2.486183183	4.95113E-07
1025	2.486145727	5.0268E-07
1030	2.486108086	5.10134E-07
1035	2.486070258	5.1748E-07
1040	2.486032245	5.25147E-07
1045	2.485994046	5.32703E-07
1050	2.48595566	5.40565E-07
1055	2.485917088	5.48314E-07
1060	2.485878331	5.56354E-07
1065	2.485839387	5.6428E-07
1070	2.485800256	5.72484E-07
1075	2.48576094	5.80189E-07
1080	2.485721436	5.88549E-07
1085	2.485681747	5.96791E-07
1090	2.485641871	6.04921E-07
1095	2.485601809	6.13667E-07
1100	2.48556156	6.22291E-07
1105	2.485521124	6.30444E-07
1110	2.485480502	6.39189E-07
1115	2.485439694	6.47815E-07
1120	2.485398698	6.57004E-07
1125	2.485357516	6.65733E-07
1130	2.485316147	6.74679E-07
1135	2.485274591	6.83832E-07
1140	2.485232848	6.92864E-07
1145	2.485190919	7.02096E-07
1150	2.485148802	7.11521E-07
1155	2.485106498	7.2113E-07
1160	2.485064008	7.30309E-07
1165	2.48502133	7.39974E-07
1170	2.484978465	7.49515E-07
1175	2.484935413	7.59228E-07
1180	2.484892173	7.69108E-07
1185	2.484848746	7.78862E-07
1190	2.484805132	7.89058E-07
1195	2.48476133	7.99125E-07
1200	2.484717341	8.0934E-07
1205	2.484673165	8.19699E-07
1210	2.484628801	8.29929E-07
1215	2.484584249	8.40034E-07
1220	2.48453951	8.50803E-07
1225	2.484494583	8.61437E-07
1230	2.484449468	8.71941E-07
1235	2.484404166	8.82823E-07
1240	2.484358675	8.93573E-07
1245	2.484312997	9.0444E-07
1250	2.484267131	9.15664E-07
1255	2.484221077	9.26752E-07
1260	2.484174834	9.38182E-07
1265	2.484128404	9.49474E-07
1270	2.484081786	9.60634E-07
1275	2.484034979	9.72351E-07
1280	2.483987984	9.83702E-07
1285	2.483940801	9.95371E-07
1290	2.483893429	1.00734E-06
1295	2.483845869	1.01918E-06
1300	2.483798121	1.03131E-06
1305	2.483750184	1.04329E-06
1310	2.483702059	1.05536E-06
1315	2.483653745	1.06749E-06
1320	2.483605242	1.0799E-06
1325	2.48355655	1.09257E-06
1330	2.48350767	1.1051E-06
1335	2.483458601	1.11769E-06
1340	2.483409343	1.13033E-06
1345	2.483359896	1.14322E-06
1350	2.48331026	1.15616E-06
1355	2.483260435	1.16915E-06
1360	2.483210421	1.18237E-06
1365	2.483160218	1.19563E-06
1370	2.483109826	1.20892E-06
1375	2.483059244	1.22226E-06
1380	2.483008473	1.23581E-06
1385	2.482957513	1.24957E-06
1390	2.482906363	1.26318E-06
1395	2.482855024	1.27716E-06
1400	2.482803495	1.29099E-06
1405	2.482751777	1.30502E-06
1410	2.482699869	1.31924E-06
1415	2.482647771	1.33347E-06
1420	2.482595484	1.34771E-06
1425	2.482543006	1.3623E-06
1430	2.482490339	1.37689E-06
1435	2.482437482	1.39148E-06
1440	2.482384435	1.4064E-06
1445	2.482331198	1.42132E-06
1450	2.48227777	1.43624E-06
1455	2.482224153	1.45131E-06
1460	2.482170345	1.46653E-06
1465	2.482116347	1.4819E-06
1470	2.482062158	1.4974E-06
1475	2.482007779	1.51274E-06
1480	2.48195321	1.52837E-06
1485	2.48189845	1.54427E-06
1490	2.4818435	0.00000156
1495	2.481788359	0.000001576
1500	2.481733027	1.59212E-06
1505	2.481677504	1.60836E-06
1510	2.481621791	1.62457E-06
1515	2.481565886	1.64102E-06
1520	2.481509791	1.65745E-06
1525	2.481453505	1.67411E-06
1530	2.481397027	0.000001691
1535	2.481340358	1.70786E-06
1540	2.481283499	1.72481E-06
1545	2.481226448	1.74184E-06
1550	2.481169205	1.75909E-06
1555	2.481111771	1.77643E-06
1560	2.481054146	1.79384E-06
1565	2.480996329	1.81146E-06
1570	2.480938321	1.82902E-06
1575	2.48088012	1.8469E-06
1580	2.480821729	1.86485E-06
1585	2.480763145	1.88286E-06
1590	2.480704369	1.90094E-06
1595	2.480645402	1.91919E-06
1600	2.480586243	1.93761E-06
1605	2.480526891	1.9562E-06
1610	2.480467348	1.97473E-06
1615	2.480407612	1.99353E-06
1620	2.480347684	2.01237E-06
1625	2.480287564	2.03137E-06
1630	2.480227251	2.05041E-06
1635	2.480166746	2.06971E-06
1640	2.480106048	2.08903E-06
1645	2.480045158	2.1085E-06
1650	2.479984075	2.1281E-06
1655	2.479922799	2.14784E-06
1660	2.479861331	2.1677E-06
1665	2.47979967	2.18768E-06
1670	2.479737815	2.20779E-06
1675	2.479675768	2.22801E-06
1680	2.479613528	2.24835E-06
1685	2.479551095	2.26889E-06
1690	2.479488468	2.28945E-06
1695	2.479425648	2.31011E-06
1700	2.479362635	2.33107E-06
1705	2.479299428	2.35212E-06
1710	2.479236028	2.37317E-06
1715	2.479172435	2.39441E-06
1720	2.479108647	2.41583E-06
1725	2.479044666	2.43733E-06
1730	2.478980492	2.45892E-06
1735	2.478916123	2.48067E-06
1740	2.478851561	2.5026E-06
1745	2.478786804	2.52468E-06
1750	2.478721854	2.54683E-06
1755	2.478656709	2.56914E-06
1760	2.47859137	2.5916E-06
1765	2.478525837	2.61412E-06
1770	2.47846011	2.63687E-06
1775	2.478394188	2.65968E-06
1780	2.478328071	2.68271E-06
1785	2.47826176	2.70578E-06
1790	2.478195255	2.72899E-06
1795	2.478128555	2.7524E-06
1800	2.478061659	2.77586E-06
1805	2.47799457	2.79952E-06
1810	2.477927285	2.82337E-06
1815	2.477859805	2.84725E-06
1820	2.47779213	2.87133E-06
1825	2.47772426	2.89558E-06
1830	2.477656194	2.91987E-06
1835	2.477587934	2.9444E-06
1840	2.477519477	2.96904E-06
1845	2.477450826	2.99384E-06
1850	2.477381979	3.01865E-06
1855	2.477312936	3.04371E-06
1860	2.477243698	3.06899E-06
1865	2.477174263	3.09428E-06
1870	2.477104633	3.11972E-06
1875	2.477034807	3.14538E-06
1880	2.476964785	3.17111E-06
1885	2.476894567	3.19705E-06
1890	2.476824153	3.22313E-06
1895	2.476753542	3.24934E-06
1900	2.476682735	3.27568E-06
1905	2.476611732	3.30221E-06
1910	2.476540532	3.3288E-06
1915	2.476469136	3.35564E-06
1920	2.476397543	3.3826E-06
1925	2.476325753	3.40966E-06
1930	2.476253767	3.43691E-06
1935	2.476181583	3.46432E-06
1940	2.476109203	3.49184E-06
1945	2.476036625	3.51958E-06
1950	2.475963851	3.54735E-06
1955	2.475890879	3.57541E-06
1960	2.47581771	3.60349E-06
1965	2.475744343	3.63179E-06
1970	2.475670779	3.66023E-06
1975	2.475597018	3.68887E-06
1980	2.475523059	3.71765E-06
1985	2.475448902	3.74651E-06
1990	2.475374547	3.77561E-06
1995	2.475299995	3.80485E-06
2000	2.475225244	3.83421E-06
2005	2.475150296	3.86374E-06
2010	2.475075149	3.89345E-06
2015	2.474999804	3.92328E-06
2020	2.474924261	3.95328E-06
2025	2.474848519	3.98343E-06
2030	2.474772579	4.0137E-06
2035	2.47469644	4.04423E-06
2040	2.474620103	4.07486E-06
2045	2.474543567	4.10564E-06
2050	2.474466832	4.13662E-06
2055	2.474389898	4.16775E-06
2060	2.474312766	4.19901E-06
2065	2.474235434	4.23046E-06
2070	2.474157903	4.2621E-06
2075	2.474080173	4.29386E-06
2080	2.474002243	4.32575E-06
2085	2.473924114	4.35792E-06
2090	2.473845785	4.39016E-06
2095	2.473767257	4.42261E-06
2100	2.473688529	4.45517E-06
2105	2.473609602	4.4879E-06
2110	2.473530474	4.52088E-06
2115	2.473451146	4.55391E-06
2120	2.473371619	4.58719E-06
2125	2.473291891	4.62061E-06
2130	2.473211963	4.65422E-06
2135	2.473131835	4.68802E-06
2140	2.473051506	4.72191E-06
2145	2.472970977	4.75602E-06
2150	2.472890247	4.7903E-06
2155	2.472809317	4.82476E-06
2160	2.472728185	4.85938E-06
2165	2.472646853	4.89421E-06
2170	2.47256532	4.92915E-06
2175	2.472483586	4.9643E-06
2180	2.47240165	4.99956E-06
2185	2.472319514	5.03505E-06
2190	2.472237176	5.07069E-06
2195	2.472154636	5.10656E-06
2200	2.472071895	5.14256E-06
2205	2.471988953	5.17875E-06
2210	2.471905808	5.21511E-06
2215	2.471822462	5.25164E-06
2220	2.471738914	5.28834E-06
2225	2.471655164	5.32524E-06
2230	2.471571212	5.36235E-06
2235	2.471487058	5.39957E-06
2240	2.471402701	5.43703E-06
2245	2.471318142	5.47463E-06
2250	2.47123338	5.51242E-06
2255	2.471148416	5.55036E-06
2260	2.471063249	5.58855E-06
2265	2.47097788	5.62688E-06
2270	2.470892307	5.66542E-06
2275	2.470806532	5.70413E-06
2280	2.470720553	0.000005743
2285	2.470634372	5.78211E-06
2290	2.470547987	5.82134E-06
2295	2.470461399	5.86076E-06
2300	2.470374607	5.90041E-06
2305	2.470287611	5.9402E-06
2310	2.470200412	5.98021E-06
2315	2.47011301	6.0204E-06
2320	2.470025403	6.0608E-06
2325	2.469937592	6.10137E-06
2330	2.469849578	6.1421E-06
2335	2.469761359	6.18307E-06
2340	2.469672936	6.22419E-06
2345	2.469584308	6.26554E-06
2350	2.469495476	6.30705E-06
2355	2.46940644	6.3488E-06
2360	2.469317198	6.39067E-06
2365	2.469227752	6.43278E-06
2370	2.469138102	6.47506E-06
2375	2.469048246	6.51755E-06
2380	2.468958185	6.56024E-06
2385	2.468867918	6.60311E-06
2390	2.468777447	6.64619E-06
2395	2.46868677	6.68944E-06
2400	2.468595888	6.73292E-06
2405	2.4685048	6.77657E-06
2410	2.468413506	6.82044E-06
2415	2.468322007	6.8645E-06
2420	2.468230301	6.90874E-06
2425	2.46813839	6.95321E-06
2430	2.468046272	6.99787E-06
2435	2.467953948	7.04272E-06
2440	2.467861418	7.08779E-06
2445	2.467768681	7.13304E-06
2450	2.467675738	7.17853E-06
2455	2.467582588	7.22419E-06
2460	2.467489231	7.27006E-06
2465	2.467395668	7.31612E-06
2470	2.467301897	7.36241E-06
2475	2.467207919	7.40892E-06
2480	2.467113734	7.45559E-06
2485	2.467019342	7.50249E-06
2490	2.466924742	7.54961E-06
2495	2.466829935	7.5969E-06
2500	2.46673492	7.64443E-06
2505	2.466639698	7.69215E-06
2510	2.466544267	7.74009E-06
2515	2.466448629	7.78825E-06
2520	2.466352782	7.83659E-06
2525	2.466256727	7.88515E-06
2530	2.466160464	7.93397E-06
2535	2.466063993	7.98293E-06
2540	2.465967312	8.03215E-06
2545	2.465870424	8.08157E-06
2550	2.465773326	8.1312E-06
2555	2.46567602	8.18102E-06
2560	2.465578504	8.23111E-06
2565	2.46548078	8.28137E-06
2570	2.465382846	8.33187E-06
2575	2.465284703	8.38259E-06
2580	2.465186351	8.4335E-06
2585	2.465087789	8.48466E-06
2590	2.464989017	8.53601E-06
2595	2.464890035	8.58759E-06
2600	2.464790844	8.63941E-06
2605	2.464691442	8.69145E-06
2610	2.464591831	8.74369E-06
2615	2.464492009	8.79615E-06
2620	2.464391977	8.84883E-06
2625	2.464291734	8.90174E-06
2630	2.464191281	8.95489E-06
2635	2.464090617	9.00822E-06
2640	2.463989742	9.06182E-06
2645	2.463888656	9.11564E-06
2650	2.463787359	9.16968E-06
2655	2.463685851	9.22393E-06
2660	2.463584131	9.27841E-06
2665	2.463482201	9.33312E-06
2670	2.463380058	9.38809E-06
2675	2.463277704	9.44322E-06
2680	2.463175138	9.49865E-06
2685	2.46307236	9.55428E-06
2690	2.462969371	9.61013E-06
2695	2.462866169	9.66623E-06
2700	2.462762754	9.72255E-06
2705	2.462659128	9.77911E-06
2710	2.462555288	9.83592E-06
2715	2.462451237	9.89291E-06
2720	2.462346972	9.95018E-06
2725	2.462242495	1.00077E-05
2730	2.462137804	1.00654E-05
2735	2.4620329	1.01234E-05
2740	2.461927784	1.01816E-05
2745	2.461822453	0.00001024
2750	2.46171691	1.02987E-05
2755	2.461611152	1.03576E-05
2760	2.461505181	1.04167E-05
2765	2.461398996	1.04761E-05
2770	2.461292597	1.05358E-05
2775	2.461185984	1.05957E-05
2780	2.461079157	1.06558E-05
2785	2.460972115	1.07161E-05
2790	2.460864859	1.07767E-05
2795	2.460757388	1.08376E-05
2800	2.460649702	1.08987E-05
2805	2.460541802	0.00001096
2810	2.460433686	1.10216E-05
2815	2.460325355	1.10834E-05
2820	2.460216809	1.11455E-05
2825	2.460108048	1.12078E-05
2830	2.459999071	1.12704E-05
2835	2.459889879	1.13332E-05
2840	2.45978047	1.13963E-05
2845	2.459670846	1.14596E-05
2850	2.459561006	1.15232E-05
2855	2.459450949	0.000011587
2860	2.459340677	1.16511E-05
2865	2.459230187	1.17154E-05
2870	2.459119482	0.00001178
2875	2.459008559	1.18448E-05
2880	2.45889742	1.19099E-05
2885	2.458786064	1.19752E-05
2890	2.45867449	1.20408E-05
2895	2.4585627	1.21067E-05
2900	2.458450692	1.21728E-05
2905	2.458338466	1.22392E-05
2910	2.458226023	1.23058E-05
2915	2.458113362	1.23727E-05
2920	2.458000484	1.24398E-05
2925	2.457887387	1.25073E-05
2930	2.457774072	1.25749E-05
2935	2.457660539	1.26429E-05
2940	2.457546787	1.27111E-05
2945	2.457432817	1.27795E-05
2950	2.457318628	1.28482E-05
2955	2.45720422	1.29172E-05
2960	2.457089594	1.29865E-05
2965	2.456974748	0.000013056
2970	2.456859683	1.31258E-05
2975	2.456744398	1.31959E-05
2980	2.456628894	1.32662E-05
2985	2.456513171	1.33368E-05
2990	2.456397227	1.34076E-05
2995	2.456281064	1.34788E-05
3000	2.45616468	1.35502E-05
3005	2.456048076	1.36218E-05
3010	2.455931252	1.36938E-05
3015	2.455814208	0.000013766
3020	2.455696943	1.38385E-05
3025	2.455579457	1.39113E-05
3030	2.45546175	1.39843E-05
3035	2.455343822	1.40576E-05
3040	2.455225672	1.41312E-05
3045	2.455107302	1.42051E-05
3050	2.45498871	1.42793E-05
3055	2.454869896	1.43537E-05
3060	2.454750861	1.44284E-05
3065	2.454631603	1.45034E-05
3070	2.454512124	1.45786E-05
3075	2.454392422	1.46542E-05
3080	2.454272498	0.00001473
3085	2.454152352	1.48061E-05
3090	2.454031982	1.48826E-05
3095	2.453911391	1.49592E-05
3100	2.453790576	1.50362E-05
3105	2.453669538	1.51135E-05
3110	2.453548277	0.000015191
3115	2.453426792	1.52688E-05
3120	2.453305084	0.000015347
3125	2.453183152	1.54253E-05
3130	2.453060997	1.55041E-05
3135	2.452938617	0.000015583
3140	2.452816014	1.56623E-05
3145	2.452693186	1.57419E-05
3150	2.452570134	1.58217E-05
3155	2.452446857	1.59019E-05
3160	2.452323355	1.59823E-05
3165	2.452199629	1.60631E-05
3170	2.452075678	1.61441E-05
3175	2.451951501	1.62254E-05
3180	2.451827099	1.63071E-05
3185	2.451702472	0.000016389
3190	2.451577619	1.64712E-05
3195	2.45145254	1.65537E-05
3200	2.451327236	1.66366E-05
3205	2.451201705	1.67197E-05
3210	2.451075948	1.68031E-05
3215	2.450949965	1.68868E-05
3220	2.450823756	1.69709E-05
3225	2.450697319	1.70552E-05
3230	2.450570656	1.71399E-05
3235	2.450443766	1.72248E-05
3240	2.450316648	0.00001731
3245	2.450189304	1.73956E-05
3250	2.450061732	1.74815E-05
3255	2.449933932	1.75676E-05
3260	2.449805905	1.76541E-05
3265	2.449677649	1.77409E-05
3270	2.449549166	0.000017828
3275	2.449420454	1.79154E-05
3280	2.449291514	1.80031E-05
3285	2.449162346	1.80912E-05
3290	2.449032948	1.81795E-05
3295	2.448903322	1.82682E-05
3300	2.448773467	1.83572E-05
3305	2.448643383	1.84465E-05
3310	2.448513069	1.85361E-05
3315	2.448382526	0.000018626
3320	2.448251753	1.87163E-05
3325	2.44812075	1.88068E-05
3330	2.447989517	1.88977E-05
3335	2.447858055	1.89889E-05
3340	2.447726362	1.90805E-05
3345	2.447594438	1.91723E-05
3350	2.447462284	1.92645E-05
3355	2.447329899	0.000019357
3360	2.447197283	1.94498E-05
3365	2.447064436	0.000019543
3370	2.446931357	1.96364E-05
3375	2.446798048	1.97302E-05
3380	2.446664506	1.98244E-05
3385	2.446530733	1.99188E-05
3390	2.446396728	2.00136E-05
3395	2.446262491	2.01087E-05
3400	2.446128021	2.02042E-05
3405	2.445993319	0.0000203
3410	2.445858385	2.03961E-05
3415	2.445723217	2.04925E-05
3420	2.445587817	2.05893E-05
3425	2.445452184	2.06864E-05
3430	2.445316317	2.07839E-05
3435	2.445180217	2.08817E-05
3440	2.445043884	2.09798E-05
3445	2.444907316	2.10783E-05
3450	2.444770515	2.11771E-05
3455	2.444633479	2.12762E-05
3460	2.444496209	2.13757E-05
3465	2.444358705	2.14755E-05
3470	2.444220966	2.15757E-05
3475	2.444082993	2.16762E-05
3480	2.443944784	2.17771E-05
3485	2.44380634	2.18783E-05
3490	2.443667661	2.19799E-05
3495	2.443528746	2.20818E-05
3500	2.443389596	0.000022184
3505	2.44325021	2.22866E-05
3510	2.443110588	2.23895E-05
3515	2.44297073	2.24928E-05
3520	2.442830635	2.25965E-05
3525	2.442690304	2.27005E-05
3530	2.442549736	2.28049E-05
3535	2.442408931	2.29096E-05
3540	2.442267889	2.30146E-05
3545	2.44212661	0.00002312
3550	2.441985094	2.32258E-05
3555	2.44184334	2.33319E-05
3560	2.441701348	2.34384E-05
3565	2.441559118	2.35453E-05
3570	2.44141665	2.36525E-05
3575	2.441273944	2.37601E-05
3580	2.441130999	0.000023868
3585	2.440987816	2.39763E-05
3590	2.440844394	0.000024085
3595	2.440700732	0.000024194
3600	2.440556832	2.43034E-05
3605	2.440412692	2.44131E-05
3610	2.440268313	2.45233E-05
3615	2.440123694	2.46338E-05
3620	2.439978835	2.47446E-05
3625	2.439833736	2.48558E-05
3630	2.439688396	2.49675E-05
3635	2.439542816	2.50794E-05
3640	2.439396996	2.51918E-05
3645	2.439250934	2.53045E-05
3650	2.439104632	2.54176E-05
3655	2.438958088	2.55311E-05
3660	2.438811303	2.56449E-05
3665	2.438664277	2.57591E-05
3670	2.438517008	2.58737E-05
3675	2.438369498	2.59887E-05
3680	2.438221745	2.61041E-05
3685	2.438073751	2.62198E-05
3690	2.437925513	2.63359E-05
3695	2.437777033	2.64524E-05
3700	2.43762831	2.65693E-05
3705	2.437479344	2.66866E-05
3710	2.437330135	2.68043E-05
3715	2.437180682	2.69223E-05
3720	2.437030986	2.70408E-05
3725	2.436881046	2.71596E-05
3730	2.436730862	2.72788E-05
3735	2.436580433	2.73984E-05
3740	2.43642976	2.75184E-05
3745	2.436278843	2.76388E-05
3750	2.43612768	2.77596E-05
3755	2.435976273	2.78807E-05
3760	2.435824621	2.80023E-05
3765	2.435672723	2.81243E-05
3770	2.43552058	2.82466E-05
3775	2.43536819	2.83694E-05
3780	2.435215555	2.84926E-05
3785	2.435062674	2.86161E-05
3790	2.434909547	2.87401E-05
3795	2.434756172	2.88644E-05
3800	2.434602552	2.89892E-05
3805	2.434448684	2.91144E-05
3810	2.434294569	0.00002924
3815	2.434140207	2.93659E-05
3820	2.433985597	2.94923E-05
3825	2.433830739	2.96191E-05
3830	2.433675634	2.97463E-05
3835	2.43352028	2.98739E-05
3840	2.433364678	0.000030002
3845	2.433208828	3.01304E-05
3850	2.433052729	3.02593E-05
3855	2.432896381	3.03885E-05
3860	2.432739784	3.05182E-05
3865	2.432582937	3.06483E-05
3870	2.432425841	3.07788E-05
3875	2.432268495	3.09097E-05
3880	2.4321109	3.10411E-05
3885	2.431953054	3.11729E-05
3890	2.431794958	3.13051E-05
3895	2.431636611	3.14377E-05
3900	2.431478013	3.15707E-05
3905	2.431319165	3.17042E-05
3910	2.431160065	3.18381E-05
3915	2.431000714	3.19724E-05
3920	2.430841112	3.21071E-05
3925	2.430681258	3.22423E-05
3930	2.430521151	3.23779E-05
3935	2.430360793	3.25139E-05
3940	2.430200182	3.26504E-05
3945	2.430039318	3.27872E-05
3950	2.429878202	3.29246E-05
3955	2.429716833	3.30623E-05
3960	2.42955521	3.32005E-05
3965	2.429393334	3.33392E-05
3970	2.429231204	3.34782E-05
3975	2.429068821	3.36177E-05
3980	2.428906183	3.37577E-05
3985	2.428743291	3.38981E-05
3990	2.428580145	3.40389E-05
3995	2.428416744	3.41802E-05
4000	2.428253088	3.43219E-05
