280.0	1.517507328	1.0628E-5
285.0	1.515997358	1.0628E-5
290.0	1.51457772	1.0628E-5
295.0	1.513241023	9.31565E-6
300.0	1.51198064	8.0033E-6
305.0	1.510790619	6.6169E-6
310.0	1.509665596	5.2305E-6
315.0	1.508600725	4.1482E-6
320.0	1.507591617	3.0659E-6
325.0	1.506634289	2.40951E-6
330.0	1.505725115	1.75311E-6
335.0	1.504860794	1.17449E-6
340.0	1.504038306	9.06966E-7
345.0	1.50325489	6.39438E-7
350.0	1.502508014	3.7191E-7
355.0	1.501795353	2.84443E-7
360.0	1.501114766	1.96977E-7
365.0	1.500464284	1.0951E-7
370.0	1.499842087	7.1527E-8
375.0	1.499246494	5.4017E-8
380.0	1.49867595	3.6507E-8
385.0	1.498129013	3.07175E-8
390.0	1.497604345	2.4928E-8
395.0	1.497100705	2.3644E-8
400.0	1.496616936	2.236E-8
405.0	1.496151963	2.264E-8
410.0	1.495704781	2.4042E-8
415.0	1.495274454	2.5444E-8
420.0	1.494860108	2.6846E-8
425.0	1.494460924	2.71654E-8
430.0	1.494076137	2.74847E-8
435.0	1.493705028	2.78041E-8
440.0	1.493346925	2.7509E-8
445.0	1.493001195	2.70603E-8
450.0	1.492667246	2.66115E-8
455.0	1.492344519	2.61628E-8
460.0	1.492032489	2.5714E-8
465.0	1.491730661	2.44931E-8
470.0	1.491438569	2.32723E-8
475.0	1.491155773	2.20514E-8
480.0	1.490881857	2.08305E-8
485.0	1.49061643	1.96096E-8
490.0	1.490359121	1.83888E-8
495.0	1.490109579	1.71679E-8
500.0	1.489867472	1.5947E-8
505.0	1.489632486	1.56325E-8
510.0	1.489404323	1.53181E-8
515.0	1.4891827	1.50036E-8
520.0	1.488967349	1.46892E-8
525.0	1.488758016	1.43747E-8
530.0	1.488554459	1.40603E-8
535.0	1.488356447	1.37458E-8
540.0	1.488163763	1.34313E-8
545.0	1.487976199	1.31169E-8
550.0	1.487793555	1.31496E-8
555.0	1.487615645	1.32692E-8
560.0	1.487442287	1.33888E-8
565.0	1.487273311	1.35083E-8
570.0	1.487108552	1.36279E-8
575.0	1.486947856	1.37474E-8
580.0	1.486791073	1.3867E-8
585.0	1.486638061	1.46055E-8
590.0	1.486488684	1.5344E-8
595.0	1.486342811	1.60825E-8
600.0	1.486200319	1.6821E-8
605.0	1.486061088	1.75595E-8
610.0	1.485925006	1.8298E-8
615.0	1.485791961	1.90365E-8
620.0	1.485661851	1.9775E-8
625.0	1.485534575	2.05939E-8
630.0	1.485410037	2.14127E-8
635.0	1.485288145	2.22316E-8
640.0	1.485168811	2.30505E-8
645.0	1.48505195	2.38694E-8
650.0	1.48493748	2.46882E-8
655.0	1.484825323	2.55071E-8
660.0	1.484715405	2.6326E-8
665.0	1.484607653	2.65255E-8
670.0	1.484501998	2.6725E-8
675.0	1.484398373	2.69245E-8
680.0	1.484296714	2.7124E-8
685.0	1.484196958	2.73235E-8
690.0	1.484099048	2.7523E-8
695.0	1.484002925	2.77225E-8
700.0	1.483908534	2.7922E-8
705.0	1.483815822	2.82392E-8
710.0	1.483724739	2.85565E-8
715.0	1.483635234	2.88737E-8
720.0	1.48354726	2.9191E-8
725.0	1.483460771	2.95082E-8
730.0	1.483375723	2.98255E-8
735.0	1.483292074	3.01427E-8
740.0	1.483209781	3.046E-8
745.0	1.483128805	3.07772E-8
750.0	1.483049109	3.10945E-8
755.0	1.482970653	3.14117E-8
760.0	1.482893403	3.1729E-8
765.0	1.482817324	3.20462E-8
770.0	1.482742383	3.23635E-8
775.0	1.482668546	3.26807E-8
780.0	1.482595783	3.2998E-8
785.0	1.482524063	3.33152E-8
790.0	1.482453357	3.36325E-8
795.0	1.482383637	3.39497E-8
800.0	1.482314874	3.4267E-8
805.0	1.482247043	3.45842E-8
810.0	1.482180117	3.49015E-8
815.0	1.482114072	3.52187E-8
820.0	1.482048883	3.5536E-8
825.0	1.481984527	3.58532E-8
830.0	1.481920982	3.61705E-8
835.0	1.481858224	3.64877E-8
840.0	1.481796233	3.6805E-8
845.0	1.481734988	3.71222E-8
850.0	1.481674469	3.74395E-8
855.0	1.481614656	3.77567E-8
860.0	1.48155553	3.8074E-8
865.0	1.481497074	3.83912E-8
870.0	1.481439269	3.87085E-8
875.0	1.481382098	3.90257E-8
880.0	1.481325544	3.9343E-8
885.0	1.48126959	3.96602E-8
890.0	1.481214222	3.99775E-8
895.0	1.481159423	4.02947E-8
900.0	1.481105179	4.0612E-8
905.0	1.481051474	4.09292E-8
910.0	1.480998295	4.12465E-8
915.0	1.480945628	4.15637E-8
920.0	1.48089346	4.1881E-8
925.0	1.480841778	4.21982E-8
930.0	1.480790568	4.25155E-8
935.0	1.480739819	4.28327E-8
940.0	1.480689518	4.315E-8
945.0	1.480639655	4.34672E-8
950.0	1.480590217	4.37845E-8
955.0	1.480541194	4.41017E-8
960.0	1.480492574	4.4419E-8
965.0	1.480444348	4.47362E-8
970.0	1.480396505	4.50535E-8
975.0	1.480349035	4.53707E-8
980.0	1.480301929	4.5688E-8
985.0	1.480255176	4.60052E-8
990.0	1.480208769	4.63225E-8
995.0	1.480162697	4.66397E-8
1000.0	1.480116952	4.6957E-8
1005.0	1.480071526	4.72742E-8
1010.0	1.480026411	4.75915E-8
1015.0	1.479981597	4.79087E-8
1020.0	1.479937078	4.8226E-8
1025.0	1.479892845	4.85432E-8
1030.0	1.479848892	4.88605E-8
1035.0	1.47980521	4.91777E-8
1040.0	1.479761793	4.9495E-8
1045.0	1.479718634	4.98122E-8
1050.0	1.479675725	5.01295E-8
1055.0	1.47963306	5.04467E-8
1060.0	1.479590633	5.0764E-8
1065.0	1.479548438	5.28408E-8
1070.0	1.479506467	5.49175E-8
1075.0	1.479464716	5.69943E-8
1080.0	1.479423178	5.90711E-8
1085.0	1.479381847	6.11478E-8
1090.0	1.479340718	6.32246E-8
1095.0	1.479299785	6.53014E-8
1100.0	1.479259043	6.73781E-8
1105.0	1.479218486	6.94549E-8
1110.0	1.47917811	7.15317E-8
1115.0	1.479137909	7.36084E-8
1120.0	1.479097879	7.56852E-8
1125.0	1.479058015	7.7762E-8
1130.0	1.479018311	7.98387E-8
1135.0	1.478978764	8.19155E-8
1140.0	1.478939369	8.39923E-8
1145.0	1.478900122	8.6069E-8
1150.0	1.478861017	8.81458E-8
1155.0	1.478822052	9.02226E-8
1160.0	1.478783221	9.22993E-8
1165.0	1.478744522	9.43761E-8
1170.0	1.478705949	9.64529E-8
1175.0	1.478667499	9.85296E-8
1180.0	1.478629168	1.00606E-7
1185.0	1.478590954	1.02683E-7
1190.0	1.478552851	1.0476E-7
1195.0	1.478514856	1.06837E-7
1200.0	1.478476966	1.08913E-7
1205.0	1.478439178	1.1099E-7
1210.0	1.478401488	1.13067E-7
1215.0	1.478363893	1.15144E-7
1220.0	1.47832639	1.17221E-7
1225.0	1.478288975	1.19297E-7
1230.0	1.478251646	1.21374E-7
1235.0	1.478214399	1.23451E-7
1240.0	1.478177232	1.25528E-7
1245.0	1.478140141	1.27604E-7
1250.0	1.478103124	1.29681E-7
1255.0	1.478066179	1.31758E-7
1260.0	1.478029301	1.33835E-7
1265.0	1.47799249	1.35911E-7
1270.0	1.477955741	1.37988E-7
1275.0	1.477919053	1.40065E-7
1280.0	1.477882423	1.42142E-7
1285.0	1.477845849	1.44218E-7
1290.0	1.477809327	1.46295E-7
1295.0	1.477772856	1.48372E-7
1300.0	1.477736434	1.50449E-7
1305.0	1.477700057	1.52526E-7
1310.0	1.477663725	1.54602E-7
1315.0	1.477627434	1.56679E-7
1320.0	1.477591183	1.58756E-7
1325.0	1.477554969	1.60833E-7
1330.0	1.47751879	1.62909E-7
1335.0	1.477482644	1.64986E-7
1340.0	1.47744653	1.67063E-7
1345.0	1.477410445	1.6914E-7
1350.0	1.477374387	1.71216E-7
1355.0	1.477338355	1.73293E-7
1360.0	1.477302346	1.7537E-7
1365.0	1.477266359	1.77447E-7
1370.0	1.477230391	1.79523E-7
1375.0	1.477194442	1.816E-7
1380.0	1.47715851	1.83677E-7
1385.0	1.477122592	1.85754E-7
1390.0	1.477086687	1.87831E-7
1395.0	1.477050793	1.89907E-7
1400.0	1.477014909	1.91984E-7
1405.0	1.476979034	1.94061E-7
1410.0	1.476943165	1.96138E-7
1415.0	1.476907301	1.98214E-7
1420.0	1.47687144	2.00291E-7
1425.0	1.476835582	2.02368E-7
1430.0	1.476799724	2.04445E-7
1435.0	1.476763865	2.06521E-7
1440.0	1.476728004	2.08598E-7
1445.0	1.47669214	2.10675E-7
1450.0	1.47665627	2.12752E-7
1455.0	1.476620395	2.14829E-7
1460.0	1.476584511	2.16905E-7
1465.0	1.476548618	2.18982E-7
1470.0	1.476512716	2.21059E-7
1475.0	1.476476801	2.23136E-7
1480.0	1.476440874	2.25212E-7
1485.0	1.476404933	2.27289E-7
1490.0	1.476368977	2.29366E-7
1495.0	1.476333005	2.31443E-7
1500.0	1.476297014	2.33519E-7
1505.0	1.476261006	2.35596E-7
1510.0	1.476224977	2.37673E-7
1515.0	1.476188928	2.3975E-7
1520.0	1.476152856	2.41826E-7
1525.0	1.476116762	2.43903E-7
1530.0	1.476080643	2.4598E-7
1535.0	1.4760445	2.54208E-7
1540.0	1.47600833	2.62435E-7
1545.0	1.475972133	2.70663E-7
1550.0	1.475935908	2.7889E-7
1555.0	1.475899653	2.87118E-7
1560.0	1.475863369	2.95346E-7
1565.0	1.475827053	3.03573E-7
1570.0	1.475790705	3.11801E-7
1575.0	1.475754325	3.20029E-7
1580.0	1.47571791	3.28256E-7
1585.0	1.475681461	3.36484E-7
1590.0	1.475644976	3.44711E-7
1595.0	1.475608455	3.52939E-7
1600.0	1.475571896	3.61167E-7
1605.0	1.475535299	3.69394E-7
1610.0	1.475498663	3.77622E-7
1615.0	1.475461987	3.85849E-7
1620.0	1.47542527	3.94077E-7
1625.0	1.475388512	4.02305E-7
1630.0	1.475351712	4.10532E-7
1635.0	1.475314869	4.1876E-7
1640.0	1.475277982	4.26987E-7
1645.0	1.47524105	4.35215E-7
1650.0	1.475204073	4.43443E-7
1655.0	1.47516705	4.5167E-7
1660.0	1.47512998	4.59898E-7
1665.0	1.475092863	4.68126E-7
1670.0	1.475055697	4.76353E-7
1675.0	1.475018483	4.84581E-7
1680.0	1.474981218	4.92808E-7
1685.0	1.474943904	5.01036E-7
1690.0	1.474906539	5.09264E-7
1695.0	1.474869122	5.17491E-7
1700.0	1.474831653	5.25719E-7
1705.0	1.474794131	5.33946E-7
1710.0	1.474756555	5.42174E-7
1715.0	1.474718926	5.50402E-7
1720.0	1.474681241	5.58629E-7
1725.0	1.474643502	5.66857E-7
1730.0	1.474605706	5.75085E-7
1735.0	1.474567853	5.83312E-7
1740.0	1.474529944	5.9154E-7
1745.0	1.474491976	5.99767E-7
1750.0	1.474453951	6.07995E-7
1755.0	1.474415866	6.16223E-7
1760.0	1.474377722	6.2445E-7
1765.0	1.474339518	6.32678E-7
1770.0	1.474301253	6.40905E-7
1775.0	1.474262927	6.49133E-7
1780.0	1.47422454	6.57361E-7
1785.0	1.47418609	6.65588E-7
1790.0	1.474147578	6.73816E-7
1795.0	1.474109002	6.82044E-7
1800.0	1.474070363	6.90271E-7
1805.0	1.47403166	6.98499E-7
1810.0	1.473992891	7.06726E-7
1815.0	1.473954058	7.14954E-7
1820.0	1.473915159	7.23182E-7
1825.0	1.473876193	7.31409E-7
1830.0	1.473837161	7.39637E-7
1835.0	1.473798062	7.47864E-7
1840.0	1.473758895	7.56092E-7
1845.0	1.473719661	7.6432E-7
1850.0	1.473680357	7.72547E-7
1855.0	1.473640985	7.80775E-7
1860.0	1.473601543	7.89002E-7
1865.0	1.473562031	7.9723E-7
1870.0	1.473522449	8.05458E-7
1875.0	1.473482797	8.13685E-7
1880.0	1.473443073	8.21913E-7
1885.0	1.473403278	8.30141E-7
1890.0	1.47336341	8.38368E-7
1895.0	1.47332347	8.46596E-7
1900.0	1.473283458	8.54823E-7
1905.0	1.473243372	8.63051E-7
1910.0	1.473203212	8.71279E-7
1915.0	1.473162979	8.79506E-7
1920.0	1.473122671	8.87734E-7
1925.0	1.473082288	8.95961E-7
1930.0	1.47304183	9.04189E-7
1935.0	1.473001296	9.12417E-7
1940.0	1.472960687	9.20644E-7
1945.0	1.472920001	9.28872E-7
1950.0	1.472879238	9.371E-7
1955.0	1.472838398	9.45327E-7
1960.0	1.472797481	9.53555E-7
1965.0	1.472756486	9.61782E-7
1970.0	1.472715413	9.7001E-7
1975.0	1.472674261	1.00178E-6
1980.0	1.472633031	1.03355E-6
1985.0	1.472591721	1.06533E-6
1990.0	1.472550331	1.0971E-6
1995.0	1.472508862	1.12887E-6
2000.0	1.472467313	1.16064E-6
2005.0	1.472425683	1.19241E-6
2010.0	1.472383972	1.22418E-6
2015.0	1.472342179	1.25596E-6
2020.0	1.472300305	1.28773E-6
2025.0	1.47225835	1.3195E-6
2030.0	1.472216312	1.35127E-6
2035.0	1.472174191	1.38304E-6
2040.0	1.472131988	1.41481E-6
2045.0	1.472089701	1.44659E-6
2050.0	1.472047331	1.47836E-6
2055.0	1.472004877	1.51013E-6
2060.0	1.471962339	1.5419E-6
2065.0	1.471919717	1.57367E-6
2070.0	1.47187701	1.60544E-6
2075.0	1.471834218	1.63722E-6
2080.0	1.47179134	1.66899E-6
2085.0	1.471748377	1.70076E-6
2090.0	1.471705328	1.73253E-6
2095.0	1.471662193	1.7643E-6
2100.0	1.471618972	1.79607E-6
2105.0	1.471575663	1.82785E-6
2110.0	1.471532268	1.85962E-6
2115.0	1.471488785	1.89139E-6
2120.0	1.471445215	1.92316E-6
2125.0	1.471401557	1.95493E-6
2130.0	1.471357811	1.9867E-6
2135.0	1.471313976	2.01848E-6
2140.0	1.471270052	2.05025E-6
2145.0	1.47122604	2.08202E-6
2150.0	1.471181938	2.11379E-6
2155.0	1.471137747	2.14556E-6
2160.0	1.471093466	2.17733E-6
2165.0	1.471049095	2.20911E-6
2170.0	1.471004634	2.24088E-6
2175.0	1.470960082	2.27265E-6
2180.0	1.470915439	2.30442E-6
2185.0	1.470870706	2.33619E-6
2190.0	1.470825881	2.36796E-6
2195.0	1.470780964	2.39974E-6
2200.0	1.470735955	2.43151E-6
2205.0	1.470690855	2.46328E-6
2210.0	1.470645662	2.49505E-6
2215.0	1.470600377	2.52682E-6
2220.0	1.470554998	2.55859E-6
2225.0	1.470509527	2.59037E-6
2230.0	1.470463962	2.62214E-6
2235.0	1.470418304	2.65391E-6
2240.0	1.470372552	2.68568E-6
2245.0	1.470326706	2.71745E-6
2250.0	1.470280766	2.74922E-6
2255.0	1.470234731	2.781E-6
2260.0	1.470188602	2.81277E-6
2265.0	1.470142377	2.84454E-6
2270.0	1.470096058	2.87631E-6
2275.0	1.470049642	2.90808E-6
2280.0	1.470003132	2.93985E-6
2285.0	1.469956525	2.97163E-6
2290.0	1.469909822	3.0034E-6
2295.0	1.469863023	3.03517E-6
2300.0	1.469816128	3.06694E-6
2305.0	1.469769135	3.09871E-6
2310.0	1.469722046	3.13048E-6
2315.0	1.469674859	3.16226E-6
2320.0	1.469627575	3.19403E-6
2325.0	1.469580193	3.2258E-6
2330.0	1.469532713	3.29716E-6
2335.0	1.469485135	3.36851E-6
2340.0	1.469437459	3.43987E-6
2345.0	1.469389684	3.51123E-6
2350.0	1.469341811	3.58259E-6
2355.0	1.469293839	3.65394E-6
2360.0	1.469245767	3.7253E-6
2365.0	1.469197596	3.79666E-6
2370.0	1.469149325	3.86801E-6
2375.0	1.469100955	3.93937E-6
2380.0	1.469052484	4.01073E-6
2385.0	1.469003914	4.08209E-6
2390.0	1.468955242	4.15344E-6
2395.0	1.468906471	4.2248E-6
2400.0	1.468857598	4.29616E-6
2405.0	1.468808624	4.36751E-6
2410.0	1.468759549	4.43887E-6
2415.0	1.468710373	4.51023E-6
2420.0	1.468661095	4.58159E-6
2425.0	1.468611715	4.65294E-6
2430.0	1.468562232	4.7243E-6
2435.0	1.468512648	4.79566E-6
2440.0	1.468462961	4.86701E-6
2445.0	1.468413172	4.93837E-6
2450.0	1.468363279	5.00973E-6
2455.0	1.468313284	5.08109E-6
2460.0	1.468263185	5.15244E-6
2465.0	1.468212983	5.2238E-6
2470.0	1.468162677	5.29516E-6
2475.0	1.468112267	5.36651E-6
2480.0	1.468061753	5.43787E-6
2485.0	1.468011135	5.50923E-6
2490.0	1.467960412	5.58059E-6
2495.0	1.467909585	5.65194E-6
2500.0	1.467858653	5.7233E-6
