280.0	1.83269062	2.4923E-6
285.0	1.827835834	2.4923E-6
290.0	1.823326749	2.4923E-6
295.0	1.819128523	2.4923E-6
300.0	1.815210885	2.4923E-6
305.0	1.811547398	2.4923E-6
310.0	1.808114861	2.4923E-6
315.0	1.80489282	2.06585E-6
320.0	1.801863172	1.6394E-6
325.0	1.799009825	1.55104E-6
330.0	1.796318429	1.46269E-6
335.0	1.793776144	1.34663E-6
340.0	1.791371441	1.11977E-6
345.0	1.789093939	8.92903E-7
350.0	1.786934267	6.6604E-7
355.0	1.78488394	5.5031E-7
360.0	1.782935258	4.3458E-7
365.0	1.781081216	3.1885E-7
370.0	1.779315428	2.4818E-7
375.0	1.77763206	2.014E-7
380.0	1.77602577	1.5462E-7
385.0	1.774491659	1.29065E-7
390.0	1.773025224	1.0351E-7
395.0	1.771622324	9.1146E-8
400.0	1.770279135	7.8782E-8
405.0	1.768992131	6.6125E-8
410.0	1.767758048	5.90373E-8
415.0	1.766573863	5.19497E-8
420.0	1.765436773	4.4862E-8
425.0	1.764344175	4.13783E-8
430.0	1.763293647	3.78945E-8
435.0	1.762282935	3.44108E-8
440.0	1.761309936	3.17833E-8
445.0	1.760372691	2.937E-8
450.0	1.759469365	2.69567E-8
455.0	1.758598245	2.45433E-8
460.0	1.757757726	2.213E-8
465.0	1.756946304	2.09618E-8
470.0	1.756162569	1.97935E-8
475.0	1.755405194	1.86253E-8
480.0	1.754672935	1.7457E-8
485.0	1.753964621	1.62888E-8
490.0	1.753279148	1.51205E-8
495.0	1.752615478	1.39523E-8
500.0	1.751972631	1.2784E-8
505.0	1.751349682	1.23414E-8
510.0	1.750745758	1.18987E-8
515.0	1.750160033	1.14561E-8
520.0	1.749591727	1.10134E-8
525.0	1.7490401	1.05708E-8
530.0	1.748504454	1.01282E-8
535.0	1.747984125	9.68551E-9
540.0	1.747478483	9.24287E-9
545.0	1.746986933	8.80023E-9
550.0	1.746508907	8.99397E-9
555.0	1.746043868	9.34681E-9
560.0	1.745591303	9.69965E-9
565.0	1.745150726	1.00525E-8
570.0	1.744721673	1.04053E-8
575.0	1.744303704	1.07582E-8
580.0	1.743896399	1.1111E-8
585.0	1.743499356	1.12067E-8
590.0	1.743112194	1.13025E-8
595.0	1.742734549	1.13982E-8
600.0	1.742366073	1.1494E-8
605.0	1.742006434	1.15897E-8
610.0	1.741655313	1.16855E-8
615.0	1.741312409	1.17812E-8
620.0	1.74097743	1.1877E-8
625.0	1.740650099	1.14449E-8
630.0	1.740330151	1.10128E-8
635.0	1.740017331	1.05807E-8
640.0	1.739711396	1.01486E-8
645.0	1.739412111	9.7165E-9
650.0	1.739119254	9.2844E-9
655.0	1.738832609	8.8523E-9
660.0	1.738551971	8.4202E-9
665.0	1.738277142	8.48399E-9
670.0	1.738007931	8.54777E-9
675.0	1.737744158	8.61156E-9
680.0	1.737485646	8.67535E-9
685.0	1.737232228	8.73914E-9
690.0	1.736983742	8.80292E-9
695.0	1.736740032	8.86671E-9
700.0	1.736500948	8.9305E-9
705.0	1.736266346	9.04137E-9
710.0	1.736036089	9.15224E-9
715.0	1.735810041	9.2631E-9
720.0	1.735588075	9.37397E-9
725.0	1.735370066	9.48484E-9
730.0	1.735155896	9.59571E-9
735.0	1.734945448	9.70658E-9
740.0	1.734738612	9.81744E-9
745.0	1.734535282	9.92831E-9
750.0	1.734335352	1.00392E-8
755.0	1.734138724	1.015E-8
760.0	1.733945302	1.02609E-8
765.0	1.733754992	1.03718E-8
770.0	1.733567704	1.04827E-8
775.0	1.733383352	1.05935E-8
780.0	1.733201852	1.07044E-8
785.0	1.733023123	1.08153E-8
790.0	1.732847086	1.09261E-8
795.0	1.732673665	1.1037E-8
800.0	1.732502788	1.11479E-8
805.0	1.732334383	1.12587E-8
810.0	1.732168381	1.13696E-8
815.0	1.732004717	1.14805E-8
820.0	1.731843325	1.15913E-8
825.0	1.731684144	1.17022E-8
830.0	1.731527112	1.18131E-8
835.0	1.731372172	1.19239E-8
840.0	1.731219267	1.20348E-8
845.0	1.731068342	1.21457E-8
850.0	1.730919343	1.22565E-8
855.0	1.730772219	1.23674E-8
860.0	1.730626921	1.24783E-8
865.0	1.730483398	1.25891E-8
870.0	1.730341604	1.27E-8
875.0	1.730201494	1.28109E-8
880.0	1.730063023	1.29217E-8
885.0	1.729926147	1.30326E-8
890.0	1.729790825	1.31435E-8
895.0	1.729657017	1.32544E-8
900.0	1.729524682	1.33652E-8
905.0	1.729393783	1.34761E-8
910.0	1.729264282	1.3587E-8
915.0	1.729136143	1.36978E-8
920.0	1.729009331	1.38087E-8
925.0	1.728883811	1.39196E-8
930.0	1.72875955	1.40304E-8
935.0	1.728636516	1.41413E-8
940.0	1.728514678	1.42522E-8
945.0	1.728394004	1.4363E-8
950.0	1.728274465	1.44739E-8
955.0	1.728156031	1.45848E-8
960.0	1.728038676	1.46956E-8
965.0	1.72792237	1.48065E-8
970.0	1.727807088	1.49174E-8
975.0	1.727692804	1.50282E-8
980.0	1.727579491	1.51391E-8
985.0	1.727467125	1.525E-8
990.0	1.727355683	1.53608E-8
995.0	1.72724514	1.54717E-8
1000.0	1.727135474	1.55826E-8
1005.0	1.727026663	1.56935E-8
1010.0	1.726918684	1.58043E-8
1015.0	1.726811517	1.59152E-8
1020.0	1.726705141	1.60261E-8
1025.0	1.726599535	1.61369E-8
1030.0	1.726494681	1.62478E-8
1035.0	1.726390559	1.63587E-8
1040.0	1.726287151	1.64695E-8
1045.0	1.726184437	1.65804E-8
1050.0	1.7260824	1.66913E-8
1055.0	1.725981024	1.68021E-8
1060.0	1.725880291	1.6913E-8
1065.0	1.725780183	1.83112E-8
1070.0	1.725680687	1.97093E-8
1075.0	1.725581784	2.11075E-8
1080.0	1.725483461	2.25056E-8
1085.0	1.725385702	2.39038E-8
1090.0	1.725288492	2.5302E-8
1095.0	1.725191816	2.67001E-8
1100.0	1.725095662	2.80983E-8
1105.0	1.725000015	2.94964E-8
1110.0	1.724904862	3.08946E-8
1115.0	1.724810189	3.22928E-8
1120.0	1.724715984	3.36909E-8
1125.0	1.724622234	3.50891E-8
1130.0	1.724528928	3.64872E-8
1135.0	1.724436052	3.78854E-8
1140.0	1.724343596	3.92836E-8
1145.0	1.724251548	4.06817E-8
1150.0	1.724159897	4.20799E-8
1155.0	1.724068631	4.3478E-8
1160.0	1.72397774	4.48762E-8
1165.0	1.723887214	4.62744E-8
1170.0	1.723797042	4.76725E-8
1175.0	1.723707214	4.90707E-8
1180.0	1.72361772	5.04688E-8
1185.0	1.723528551	5.1867E-8
1190.0	1.723439697	5.32651E-8
1195.0	1.723351149	5.46633E-8
1200.0	1.723262898	5.60615E-8
1205.0	1.723174935	5.74596E-8
1210.0	1.723087252	5.88578E-8
1215.0	1.722999839	6.02559E-8
1220.0	1.722912689	6.16541E-8
1225.0	1.722825793	6.30523E-8
1230.0	1.722739144	6.44504E-8
1235.0	1.722652733	6.58486E-8
1240.0	1.722566552	6.72467E-8
1245.0	1.722480595	6.86449E-8
1250.0	1.722394854	7.00431E-8
1255.0	1.722309322	7.14412E-8
1260.0	1.722223991	7.28394E-8
1265.0	1.722138854	7.42375E-8
1270.0	1.722053906	7.56357E-8
1275.0	1.721969138	7.70339E-8
1280.0	1.721884545	7.8432E-8
1285.0	1.721800119	7.98302E-8
1290.0	1.721715856	8.12283E-8
1295.0	1.721631747	8.26265E-8
1300.0	1.721547788	8.40247E-8
1305.0	1.721463973	8.54228E-8
1310.0	1.721380295	8.6821E-8
1315.0	1.721296748	8.82191E-8
1320.0	1.721213328	8.96173E-8
1325.0	1.721130028	9.10155E-8
1330.0	1.721046844	9.24136E-8
1335.0	1.720963769	9.38118E-8
1340.0	1.720880798	9.52099E-8
1345.0	1.720797927	9.66081E-8
1350.0	1.72071515	9.80063E-8
1355.0	1.720632462	9.94044E-8
1360.0	1.720549858	1.00803E-7
1365.0	1.720467334	1.02201E-7
1370.0	1.720384885	1.03599E-7
1375.0	1.720302506	1.04997E-7
1380.0	1.720220192	1.06395E-7
1385.0	1.720137939	1.07793E-7
1390.0	1.720055743	1.09192E-7
1395.0	1.7199736	1.1059E-7
1400.0	1.719891504	1.11988E-7
1405.0	1.719809452	1.13386E-7
1410.0	1.71972744	1.14784E-7
1415.0	1.719645464	1.16182E-7
1420.0	1.719563519	1.1758E-7
1425.0	1.719481602	1.18979E-7
1430.0	1.719399709	1.20377E-7
1435.0	1.719317836	1.21775E-7
1440.0	1.719235979	1.23173E-7
1445.0	1.719154135	1.24571E-7
1450.0	1.7190723	1.25969E-7
1455.0	1.718990471	1.27368E-7
1460.0	1.718908643	1.28766E-7
1465.0	1.718826814	1.30164E-7
1470.0	1.71874498	1.31562E-7
1475.0	1.718663138	1.3296E-7
1480.0	1.718581285	1.34358E-7
1485.0	1.718499417	1.35757E-7
1490.0	1.71841753	1.37155E-7
1495.0	1.718335623	1.38553E-7
1500.0	1.718253691	1.39951E-7
1505.0	1.718171733	1.41349E-7
1510.0	1.718089744	1.42747E-7
1515.0	1.718007721	1.44146E-7
1520.0	1.717925663	1.45544E-7
1525.0	1.717843566	1.46942E-7
1530.0	1.717761426	1.4834E-7
1535.0	1.717679243	1.58235E-7
1540.0	1.717597011	1.6813E-7
1545.0	1.71751473	1.78025E-7
1550.0	1.717432396	1.8792E-7
1555.0	1.717350007	1.97815E-7
1560.0	1.717267559	2.0771E-7
1565.0	1.717185051	2.17605E-7
1570.0	1.71710248	2.275E-7
1575.0	1.717019843	2.37395E-7
1580.0	1.716937138	2.4729E-7
1585.0	1.716854363	2.57185E-7
1590.0	1.716771514	2.6708E-7
1595.0	1.716688591	2.76975E-7
1600.0	1.71660559	2.8687E-7
1605.0	1.716522509	2.96765E-7
1610.0	1.716439345	3.0666E-7
1615.0	1.716356098	3.16555E-7
1620.0	1.716272764	3.2645E-7
1625.0	1.716189341	3.36345E-7
1630.0	1.716105827	3.4624E-7
1635.0	1.71602222	3.56135E-7
1640.0	1.715938517	3.6603E-7
1645.0	1.715854718	3.75925E-7
1650.0	1.715770819	3.8582E-7
1655.0	1.715686819	3.95715E-7
1660.0	1.715602716	4.0561E-7
1665.0	1.715518507	4.15505E-7
1670.0	1.715434191	4.254E-7
1675.0	1.715349766	4.35295E-7
1680.0	1.715265229	4.4519E-7
1685.0	1.71518058	4.55085E-7
1690.0	1.715095816	4.6498E-7
1695.0	1.715010935	4.74875E-7
1700.0	1.714925935	4.8477E-7
1705.0	1.714840816	4.94665E-7
1710.0	1.714755574	5.0456E-7
1715.0	1.714670208	5.14455E-7
1720.0	1.714584717	5.2435E-7
1725.0	1.714499099	5.34245E-7
1730.0	1.714413351	5.4414E-7
1735.0	1.714327473	5.54035E-7
1740.0	1.714241463	5.6393E-7
1745.0	1.714155318	5.73825E-7
1750.0	1.714069038	5.8372E-7
1755.0	1.713982621	5.93615E-7
1760.0	1.713896065	6.0351E-7
1765.0	1.713809368	6.13405E-7
1770.0	1.71372253	6.233E-7
1775.0	1.713635548	6.33195E-7
1780.0	1.713548421	6.4309E-7
1785.0	1.713461147	6.52985E-7
1790.0	1.713373725	6.6288E-7
1795.0	1.713286154	6.72775E-7
1800.0	1.713198432	6.8267E-7
1805.0	1.713110557	6.92565E-7
1810.0	1.713022529	7.0246E-7
1815.0	1.712934345	7.12355E-7
1820.0	1.712846005	7.2225E-7
1825.0	1.712757506	7.32145E-7
1830.0	1.712668848	7.4204E-7
1835.0	1.712580028	7.51935E-7
1840.0	1.712491047	7.6183E-7
1845.0	1.712401902	7.71725E-7
1850.0	1.712312592	7.8162E-7
1855.0	1.712223116	7.91515E-7
1860.0	1.712133472	8.0141E-7
1865.0	1.712043659	8.11305E-7
1870.0	1.711953676	8.212E-7
1875.0	1.711863521	8.31095E-7
1880.0	1.711773194	8.4099E-7
1885.0	1.711682693	8.50885E-7
1890.0	1.711592016	8.6078E-7
1895.0	1.711501163	8.70675E-7
1900.0	1.711410132	8.8057E-7
1905.0	1.711318922	8.90465E-7
1910.0	1.711227532	9.0036E-7
1915.0	1.711135961	9.10255E-7
1920.0	1.711044207	9.2015E-7
1925.0	1.710952269	9.30045E-7
1930.0	1.710860147	9.3994E-7
1935.0	1.710767838	9.49835E-7
1940.0	1.710675342	9.5973E-7
1945.0	1.710582657	9.69625E-7
1950.0	1.710489783	9.7952E-7
1955.0	1.710396719	9.89415E-7
1960.0	1.710303462	9.9931E-7
1965.0	1.710210013	1.0092E-6
1970.0	1.710116369	1.0191E-6
1975.0	1.710022531	1.09272E-6
1980.0	1.709928496	1.16634E-6
1985.0	1.709834263	1.23995E-6
1990.0	1.709739833	1.31357E-6
1995.0	1.709645203	1.38719E-6
2000.0	1.709550372	1.46081E-6
2005.0	1.70945534	1.53443E-6
2010.0	1.709360105	1.60805E-6
2015.0	1.709264666	1.68166E-6
2020.0	1.709169023	1.75528E-6
2025.0	1.709073173	1.8289E-6
2030.0	1.708977117	1.90252E-6
2035.0	1.708880853	1.97614E-6
2040.0	1.70878438	2.04976E-6
2045.0	1.708687698	2.12337E-6
2050.0	1.708590804	2.19699E-6
2055.0	1.708493699	2.27061E-6
2060.0	1.70839638	2.34423E-6
2065.0	1.708298848	2.41785E-6
2070.0	1.708201101	2.49147E-6
2075.0	1.708103138	2.56508E-6
2080.0	1.708004958	2.6387E-6
2085.0	1.70790656	2.71232E-6
2090.0	1.707807944	2.78594E-6
2095.0	1.707709108	2.85956E-6
2100.0	1.707610051	2.93318E-6
2105.0	1.707510772	3.00679E-6
2110.0	1.707411271	3.08041E-6
2115.0	1.707311547	3.15403E-6
2120.0	1.707211597	3.22765E-6
2125.0	1.707111423	3.30127E-6
2130.0	1.707011022	3.37489E-6
2135.0	1.706910394	3.4485E-6
2140.0	1.706809537	3.52212E-6
2145.0	1.706708452	3.59574E-6
2150.0	1.706607136	3.66936E-6
2155.0	1.70650559	3.74298E-6
2160.0	1.706403812	3.8166E-6
2165.0	1.7063018	3.89021E-6
2170.0	1.706199556	3.96383E-6
2175.0	1.706097076	4.03745E-6
2180.0	1.705994361	4.11107E-6
2185.0	1.70589141	4.18469E-6
2190.0	1.705788221	4.25831E-6
2195.0	1.705684795	4.33192E-6
2200.0	1.705581129	4.40554E-6
2205.0	1.705477223	4.47916E-6
2210.0	1.705373077	4.55278E-6
2215.0	1.705268689	4.6264E-6
2220.0	1.705164058	4.70002E-6
2225.0	1.705059184	4.77363E-6
2230.0	1.704954065	4.84725E-6
2235.0	1.704848701	4.92087E-6
2240.0	1.704743092	4.99449E-6
2245.0	1.704637235	5.06811E-6
2250.0	1.704531131	5.14173E-6
2255.0	1.704424778	5.21534E-6
2260.0	1.704318175	5.28896E-6
2265.0	1.704211322	5.36258E-6
2270.0	1.704104218	5.4362E-6
2275.0	1.703996862	5.50982E-6
2280.0	1.703889253	5.58344E-6
2285.0	1.70378139	5.65705E-6
2290.0	1.703673273	5.73067E-6
2295.0	1.7035649	5.80429E-6
2300.0	1.703456271	5.87791E-6
2305.0	1.703347385	5.95153E-6
2310.0	1.703238241	6.02515E-6
2315.0	1.703128838	6.09876E-6
2320.0	1.703019176	6.17238E-6
2325.0	1.702909253	6.246E-6
2330.0	1.702799068	6.59106E-6
2335.0	1.702688622	6.93611E-6
2340.0	1.702577912	7.28117E-6
2345.0	1.702466939	7.62623E-6
2350.0	1.702355701	7.97129E-6
2355.0	1.702244198	8.31634E-6
2360.0	1.702132428	8.6614E-6
2365.0	1.702020391	9.00646E-6
2370.0	1.701908086	9.35151E-6
2375.0	1.701795513	9.69657E-6
2380.0	1.70168267	1.00416E-5
2385.0	1.701569556	1.03867E-5
2390.0	1.701456172	1.07317E-5
2395.0	1.701342515	1.10768E-5
2400.0	1.701228585	1.14219E-5
2405.0	1.701114382	1.17669E-5
2410.0	1.700999904	1.2112E-5
2415.0	1.70088515	1.2457E-5
2420.0	1.700770121	1.28021E-5
2425.0	1.700654814	1.31471E-5
2430.0	1.70053923	1.34922E-5
2435.0	1.700423367	1.38373E-5
2440.0	1.700307225	1.41823E-5
2445.0	1.700190802	1.45274E-5
2450.0	1.700074099	1.48724E-5
2455.0	1.699957113	1.52175E-5
2460.0	1.699839845	1.55625E-5
2465.0	1.699722293	1.59076E-5
2470.0	1.699604457	1.62527E-5
2475.0	1.699486335	1.65977E-5
2480.0	1.699367928	1.69428E-5
2485.0	1.699249234	1.72878E-5
2490.0	1.699130252	1.76329E-5
2495.0	1.699010982	1.79779E-5
2500.0	1.698891422	1.8323E-5
