280.0	1.683692042	8.1968E-6
285.0	1.676594049	8.1968E-6
290.0	1.67025286	8.1968E-6
295.0	1.664546384	8.1968E-6
300.0	1.659378579	8.1968E-6
305.0	1.654672702	8.1968E-6
310.0	1.650366573	8.1968E-6
315.0	1.646409194	8.1968E-6
320.0	1.642758267	8.1968E-6
325.0	1.63937837	5.80294E-6
330.0	1.636239566	3.40909E-6
335.0	1.633316351	1.42288E-6
340.0	1.63058684	1.06727E-6
345.0	1.628032122	7.11653E-7
350.0	1.625635759	3.5604E-7
355.0	1.623383381	2.82953E-7
360.0	1.621262358	2.09867E-7
365.0	1.619261541	1.3678E-7
370.0	1.617371039	1.1713E-7
375.0	1.615582047	9.99495E-8
380.0	1.61388669	8.2769E-8
385.0	1.612277906	6.64135E-8
390.0	1.610749337	5.0058E-8
395.0	1.609295241	3.78125E-8
400.0	1.607910421	2.5567E-8
405.0	1.606590155	2.5887E-8
410.0	1.605330145	2.5084E-8
415.0	1.604126471	2.4281E-8
420.0	1.602975543	2.3478E-8
425.0	1.601874075	2.26661E-8
430.0	1.600819045	2.18543E-8
435.0	1.599807673	2.10424E-8
440.0	1.598837396	2.04582E-8
445.0	1.597905846	1.99309E-8
450.0	1.597010833	1.94036E-8
455.0	1.596150328	1.88763E-8
460.0	1.595322445	1.8349E-8
465.0	1.594525435	1.80488E-8
470.0	1.593757669	1.77485E-8
475.0	1.593017626	1.74483E-8
480.0	1.592303891	1.7148E-8
485.0	1.59161514	1.68478E-8
490.0	1.590950133	1.65475E-8
495.0	1.590307712	1.62473E-8
500.0	1.58968679	1.5947E-8
505.0	1.589086346	1.57131E-8
510.0	1.588505423	1.54792E-8
515.0	1.587943118	1.52453E-8
520.0	1.587398586	1.50113E-8
525.0	1.586871026	1.47774E-8
530.0	1.586359685	1.45435E-8
535.0	1.585863854	1.43096E-8
540.0	1.585382861	1.40757E-8
545.0	1.584916072	1.38418E-8
550.0	1.584462887	1.38035E-8
555.0	1.584022738	1.38141E-8
560.0	1.583595088	1.38246E-8
565.0	1.583179426	1.38352E-8
570.0	1.58277527	1.38458E-8
575.0	1.582382159	1.38564E-8
580.0	1.581999659	1.3867E-8
585.0	1.581627355	1.33683E-8
590.0	1.581264853	1.28696E-8
595.0	1.580911779	1.23709E-8
600.0	1.580567775	1.18723E-8
605.0	1.580232501	1.13736E-8
610.0	1.579905634	1.08749E-8
615.0	1.579586865	1.03762E-8
620.0	1.579275898	9.8775E-9
625.0	1.578972453	9.95719E-9
630.0	1.578676261	1.00369E-8
635.0	1.578387065	1.01166E-8
640.0	1.57810462	1.01962E-8
645.0	1.57782869	1.02759E-8
650.0	1.577559052	1.03556E-8
655.0	1.57729549	1.04353E-8
660.0	1.577037798	1.0515E-8
665.0	1.57678578	1.05946E-8
670.0	1.576539246	1.06742E-8
675.0	1.576298014	1.07539E-8
680.0	1.576061912	1.08335E-8
685.0	1.575830771	1.09131E-8
690.0	1.575604432	1.09927E-8
695.0	1.575382742	1.10724E-8
700.0	1.575165551	1.1152E-8
705.0	1.574952719	1.12317E-8
710.0	1.574744108	1.13113E-8
715.0	1.574539588	1.1391E-8
720.0	1.574339032	1.14706E-8
725.0	1.574142319	1.15503E-8
730.0	1.573949331	1.16299E-8
735.0	1.573759957	1.17096E-8
740.0	1.573574086	1.17892E-8
745.0	1.573391616	1.18689E-8
750.0	1.573212444	1.19485E-8
755.0	1.573036475	1.20282E-8
760.0	1.572863614	1.21078E-8
765.0	1.57269377	1.21875E-8
770.0	1.572526857	1.22671E-8
775.0	1.572362791	1.23468E-8
780.0	1.572201489	1.24264E-8
785.0	1.572042875	1.25061E-8
790.0	1.571886871	1.25857E-8
795.0	1.571733404	1.26654E-8
800.0	1.571582405	1.27451E-8
805.0	1.571433804	1.28247E-8
810.0	1.571287534	1.29044E-8
815.0	1.571143533	1.2984E-8
820.0	1.571001738	1.30637E-8
825.0	1.57086209	1.31433E-8
830.0	1.570724529	1.3223E-8
835.0	1.570589	1.33026E-8
840.0	1.570455449	1.33823E-8
845.0	1.570323824	1.34619E-8
850.0	1.570194072	1.35416E-8
855.0	1.570066144	1.36212E-8
860.0	1.569939993	1.37009E-8
865.0	1.569815573	1.37805E-8
870.0	1.569692837	1.38602E-8
875.0	1.569571743	1.39398E-8
880.0	1.569452248	1.40195E-8
885.0	1.569334311	1.40992E-8
890.0	1.569217892	1.41788E-8
895.0	1.569102953	1.42585E-8
900.0	1.568989455	1.43381E-8
905.0	1.568877363	1.44178E-8
910.0	1.56876664	1.44974E-8
915.0	1.568657253	1.45771E-8
920.0	1.568549168	1.46567E-8
925.0	1.568442353	1.47364E-8
930.0	1.568336776	1.4816E-8
935.0	1.568232406	1.48957E-8
940.0	1.568129214	1.49753E-8
945.0	1.56802717	1.5055E-8
950.0	1.567926246	1.51346E-8
955.0	1.567826415	1.52143E-8
960.0	1.567727651	1.52939E-8
965.0	1.567629927	1.53736E-8
970.0	1.567533217	1.54532E-8
975.0	1.567437498	1.55329E-8
980.0	1.567342746	1.56126E-8
985.0	1.567248937	1.56922E-8
990.0	1.567156048	1.57719E-8
995.0	1.567064057	1.58515E-8
1000.0	1.566972944	1.59312E-8
1005.0	1.566882686	1.60108E-8
1010.0	1.566793264	1.60905E-8
1015.0	1.566704657	1.61701E-8
1020.0	1.566616846	1.62498E-8
1025.0	1.566529813	1.63294E-8
1030.0	1.566443538	1.64091E-8
1035.0	1.566358005	1.64887E-8
1040.0	1.566273194	1.65684E-8
1045.0	1.56618909	1.6648E-8
1050.0	1.566105675	1.67277E-8
1055.0	1.566022934	1.68073E-8
1060.0	1.56594085	1.6887E-8
1065.0	1.565859408	1.77477E-8
1070.0	1.565778592	1.86084E-8
1075.0	1.565698389	1.94692E-8
1080.0	1.565618783	2.03299E-8
1085.0	1.565539761	2.11906E-8
1090.0	1.565461309	2.20513E-8
1095.0	1.565383413	2.29121E-8
1100.0	1.565306061	2.37728E-8
1105.0	1.565229239	2.46335E-8
1110.0	1.565152936	2.54942E-8
1115.0	1.565077138	2.6355E-8
1120.0	1.565001834	2.72157E-8
1125.0	1.564927013	2.80764E-8
1130.0	1.564852662	2.89371E-8
1135.0	1.564778771	2.97979E-8
1140.0	1.564705329	3.06586E-8
1145.0	1.564632326	3.15193E-8
1150.0	1.56455975	3.238E-8
1155.0	1.564487592	3.32407E-8
1160.0	1.564415841	3.41015E-8
1165.0	1.564344489	3.49622E-8
1170.0	1.564273525	3.58229E-8
1175.0	1.56420294	3.66836E-8
1180.0	1.564132726	3.75444E-8
1185.0	1.564062872	3.84051E-8
1190.0	1.563993371	3.92658E-8
1195.0	1.563924213	4.01265E-8
1200.0	1.563855392	4.09873E-8
1205.0	1.563786897	4.1848E-8
1210.0	1.563718722	4.27087E-8
1215.0	1.563650858	4.35694E-8
1220.0	1.563583298	4.44301E-8
1225.0	1.563516034	4.52909E-8
1230.0	1.563449059	4.61516E-8
1235.0	1.563382365	4.70123E-8
1240.0	1.563315947	4.7873E-8
1245.0	1.563249795	4.87338E-8
1250.0	1.563183905	4.95945E-8
1255.0	1.563118269	5.04552E-8
1260.0	1.56305288	5.13159E-8
1265.0	1.562987733	5.21767E-8
1270.0	1.56292282	5.30374E-8
1275.0	1.562858137	5.38981E-8
1280.0	1.562793676	5.47588E-8
1285.0	1.562729432	5.56196E-8
1290.0	1.5626654	5.64803E-8
1295.0	1.562601573	5.7341E-8
1300.0	1.562537945	5.82017E-8
1305.0	1.562474512	5.90624E-8
1310.0	1.562411269	5.99232E-8
1315.0	1.562348209	6.07839E-8
1320.0	1.562285327	6.16446E-8
1325.0	1.562222619	6.25053E-8
1330.0	1.56216008	6.33661E-8
1335.0	1.562097705	6.42268E-8
1340.0	1.562035488	6.50875E-8
1345.0	1.561973426	6.59482E-8
1350.0	1.561911513	6.6809E-8
1355.0	1.561849746	6.76697E-8
1360.0	1.561788119	6.85304E-8
1365.0	1.561726629	6.93911E-8
1370.0	1.561665271	7.02519E-8
1375.0	1.56160404	7.11126E-8
1380.0	1.561542933	7.19733E-8
1385.0	1.561481946	7.2834E-8
1390.0	1.561421075	7.36947E-8
1395.0	1.561360315	7.45555E-8
1400.0	1.561299663	7.54162E-8
1405.0	1.561239115	7.62769E-8
1410.0	1.561178668	7.71376E-8
1415.0	1.561118318	7.79984E-8
1420.0	1.56105806	7.88591E-8
1425.0	1.560997893	7.97198E-8
1430.0	1.560937811	8.05805E-8
1435.0	1.560877813	8.14413E-8
1440.0	1.560817893	8.2302E-8
1445.0	1.56075805	8.31627E-8
1450.0	1.56069828	8.40234E-8
1455.0	1.56063858	8.48841E-8
1460.0	1.560578946	8.57449E-8
1465.0	1.560519376	8.66056E-8
1470.0	1.560459866	8.74663E-8
1475.0	1.560400413	8.8327E-8
1480.0	1.560341016	8.91878E-8
1485.0	1.56028167	9.00485E-8
1490.0	1.560222373	9.09092E-8
1495.0	1.560163122	9.17699E-8
1500.0	1.560103914	9.26307E-8
1505.0	1.560044747	9.34914E-8
1510.0	1.559985618	9.43521E-8
1515.0	1.559926524	9.52128E-8
1520.0	1.559867463	9.60736E-8
1525.0	1.559808432	9.69343E-8
1530.0	1.559749429	9.7795E-8
1535.0	1.559690452	1.21493E-7
1540.0	1.559631497	1.45191E-7
1545.0	1.559572563	1.68888E-7
1550.0	1.559513647	1.92586E-7
1555.0	1.559454747	2.16284E-7
1560.0	1.55939586	2.39982E-7
1565.0	1.559336985	2.63679E-7
1570.0	1.559278118	2.87377E-7
1575.0	1.559219259	3.11075E-7
1580.0	1.559160405	3.34773E-7
1585.0	1.559101553	3.58471E-7
1590.0	1.559042702	3.82168E-7
1595.0	1.558983849	4.05866E-7
1600.0	1.558924993	4.29564E-7
1605.0	1.558866132	4.53262E-7
1610.0	1.558807263	4.7696E-7
1615.0	1.558748385	5.00657E-7
1620.0	1.558689495	5.24355E-7
1625.0	1.558630593	5.48053E-7
1630.0	1.558571675	5.71751E-7
1635.0	1.558512741	5.95448E-7
1640.0	1.558453788	6.19146E-7
1645.0	1.558394815	6.42844E-7
1650.0	1.558335819	6.66542E-7
1655.0	1.5582768	6.9024E-7
1660.0	1.558217755	7.13937E-7
1665.0	1.558158683	7.37635E-7
1670.0	1.558099582	7.61333E-7
1675.0	1.55804045	7.85031E-7
1680.0	1.557981286	8.08729E-7
1685.0	1.557922089	8.32426E-7
1690.0	1.557862856	8.56124E-7
1695.0	1.557803587	8.79822E-7
1700.0	1.557744279	9.0352E-7
1705.0	1.557684931	9.27217E-7
1710.0	1.557625541	9.50915E-7
1715.0	1.557566109	9.74613E-7
1720.0	1.557506633	9.98311E-7
1725.0	1.55744711	1.02201E-6
1730.0	1.557387541	1.04571E-6
1735.0	1.557327923	1.0694E-6
1740.0	1.557268255	1.0931E-6
1745.0	1.557208536	1.1168E-6
1750.0	1.557148764	1.1405E-6
1755.0	1.557088938	1.1642E-6
1760.0	1.557029057	1.18789E-6
1765.0	1.556969119	1.21159E-6
1770.0	1.556909123	1.23529E-6
1775.0	1.556849069	1.25899E-6
1780.0	1.556788953	1.28268E-6
1785.0	1.556728777	1.30638E-6
1790.0	1.556668537	1.33008E-6
1795.0	1.556608233	1.35378E-6
1800.0	1.556547864	1.37748E-6
1805.0	1.556487429	1.40117E-6
1810.0	1.556426926	1.42487E-6
1815.0	1.556366354	1.44857E-6
1820.0	1.556305712	1.47227E-6
1825.0	1.556244999	1.49596E-6
1830.0	1.556184215	1.51966E-6
1835.0	1.556123357	1.54336E-6
1840.0	1.556062424	1.56706E-6
1845.0	1.556001416	1.59076E-6
1850.0	1.555940332	1.61445E-6
1855.0	1.55587917	1.63815E-6
1860.0	1.55581793	1.66185E-6
1865.0	1.55575661	1.68555E-6
1870.0	1.55569521	1.70924E-6
1875.0	1.555633727	1.73294E-6
1880.0	1.555572163	1.75664E-6
1885.0	1.555510514	1.78034E-6
1890.0	1.555448781	1.80404E-6
1895.0	1.555386963	1.82773E-6
1900.0	1.555325058	1.85143E-6
1905.0	1.555263065	1.87513E-6
1910.0	1.555200985	1.89883E-6
1915.0	1.555138814	1.92252E-6
1920.0	1.555076554	1.94622E-6
1925.0	1.555014202	1.96992E-6
1930.0	1.554951759	1.99362E-6
1935.0	1.554889222	2.01732E-6
1940.0	1.554826592	2.04101E-6
1945.0	1.554763867	2.06471E-6
1950.0	1.554701046	2.08841E-6
1955.0	1.554638129	2.11211E-6
1960.0	1.554575115	2.1358E-6
1965.0	1.554512002	2.1595E-6
1970.0	1.554448791	2.1832E-6
1975.0	1.554385479	2.26073E-6
1980.0	1.554322068	2.33826E-6
1985.0	1.554258554	2.41579E-6
1990.0	1.554194939	2.49332E-6
1995.0	1.55413122	2.57085E-6
2000.0	1.554067398	2.64838E-6
2005.0	1.554003471	2.72591E-6
2010.0	1.553939439	2.80344E-6
2015.0	1.5538753	2.88097E-6
2020.0	1.553811055	2.9585E-6
2025.0	1.553746702	3.03603E-6
2030.0	1.553682241	3.11355E-6
2035.0	1.55361767	3.19108E-6
2040.0	1.55355299	3.26861E-6
2045.0	1.553488199	3.34614E-6
2050.0	1.553423296	3.42367E-6
2055.0	1.553358282	3.5012E-6
2060.0	1.553293154	3.57873E-6
2065.0	1.553227914	3.65626E-6
2070.0	1.553162559	3.73379E-6
2075.0	1.553097089	3.81132E-6
2080.0	1.553031503	3.88885E-6
2085.0	1.552965801	3.96638E-6
2090.0	1.552899983	4.04391E-6
2095.0	1.552834046	4.12144E-6
2100.0	1.552767992	4.19897E-6
2105.0	1.552701818	4.2765E-6
2110.0	1.552635525	4.35403E-6
2115.0	1.552569111	4.43156E-6
2120.0	1.552502577	4.50909E-6
2125.0	1.552435921	4.58662E-6
2130.0	1.552369142	4.66415E-6
2135.0	1.552302241	4.74168E-6
2140.0	1.552235216	4.81921E-6
2145.0	1.552168067	4.89674E-6
2150.0	1.552100794	4.97426E-6
2155.0	1.552033395	5.05179E-6
2160.0	1.55196587	5.12932E-6
2165.0	1.551898218	5.20685E-6
2170.0	1.551830439	5.28438E-6
2175.0	1.551762532	5.36191E-6
2180.0	1.551694497	5.43944E-6
2185.0	1.551626333	5.51697E-6
2190.0	1.551558039	5.5945E-6
2195.0	1.551489615	5.67203E-6
2200.0	1.55142106	5.74956E-6
2205.0	1.551352374	5.82709E-6
2210.0	1.551283556	5.90462E-6
2215.0	1.551214605	5.98215E-6
2220.0	1.551145521	6.05968E-6
2225.0	1.551076303	6.13721E-6
2230.0	1.551006951	6.21474E-6
2235.0	1.550937465	6.29227E-6
2240.0	1.550867843	6.3698E-6
2245.0	1.550798085	6.44733E-6
2250.0	1.55072819	6.52486E-6
2255.0	1.550658159	6.60239E-6
2260.0	1.55058799	6.67992E-6
2265.0	1.550517682	6.75745E-6
2270.0	1.550447236	6.83497E-6
2275.0	1.550376651	6.9125E-6
2280.0	1.550305926	6.99003E-6
2285.0	1.550235061	7.06756E-6
2290.0	1.550164055	7.14509E-6
2295.0	1.550092908	7.22262E-6
2300.0	1.550021619	7.30015E-6
2305.0	1.549950187	7.37768E-6
2310.0	1.549878612	7.45521E-6
2315.0	1.549806894	7.53274E-6
2320.0	1.549735032	7.61027E-6
2325.0	1.549663026	7.6878E-6
2330.0	1.549590874	7.70433E-6
2335.0	1.549518577	7.72087E-6
2340.0	1.549446134	7.7374E-6
2345.0	1.549373545	7.75393E-6
2350.0	1.549300808	7.77046E-6
2355.0	1.549227924	7.787E-6
2360.0	1.549154892	7.80353E-6
2365.0	1.549081711	7.82006E-6
2370.0	1.549008382	7.8366E-6
2375.0	1.548934903	7.85313E-6
2380.0	1.548861273	7.86966E-6
2385.0	1.548787494	7.88619E-6
2390.0	1.548713563	7.90273E-6
2395.0	1.548639481	7.91926E-6
2400.0	1.548565247	7.93579E-6
2405.0	1.54849086	7.95233E-6
2410.0	1.548416321	7.96886E-6
2415.0	1.548341628	7.98539E-6
2420.0	1.548266781	8.00193E-6
2425.0	1.54819178	8.01846E-6
2430.0	1.548116624	8.03499E-6
2435.0	1.548041313	8.05152E-6
2440.0	1.547965846	8.06806E-6
2445.0	1.547890223	8.08459E-6
2450.0	1.547814443	8.10112E-6
2455.0	1.547738506	8.11766E-6
2460.0	1.547662411	8.13419E-6
2465.0	1.547586158	8.15072E-6
2470.0	1.547509747	8.16725E-6
2475.0	1.547433176	8.18379E-6
2480.0	1.547356446	8.20032E-6
2485.0	1.547279556	8.21685E-6
2490.0	1.547202505	8.23339E-6
2495.0	1.547125294	8.24992E-6
2500.0	1.547047921	8.26645E-6
