206.6	1.224068043	1.676824757
210.8950832	1.232897662	1.717423514
215.2794584	1.246534324	1.75981674
219.7549821	1.265425237	1.802944464
224.323549	1.289767682	1.845600223
228.9870936	1.31945603	1.886497467
233.7475903	1.354050183	1.924356456
238.6070547	1.392773659	1.958003018
243.5675442	1.434545336	1.986467218
248.6311593	1.478043427	2.009069076
253.8000437	1.521795064	2.025480149
259.0763859	1.56428105	2.035753455
264.4624199	1.604043552	2.040319077
269.9604262	1.63978498	2.039947571
275.5727325	1.670448516	2.035687252
281.3017151	1.6952741	2.028783838
287.1497997	1.713827333	2.020591821
293.1194622	1.726002089	2.01248631
299.2132302	1.73200008	2.00578257
305.4336838	1.732292181	2.001668409
311.7834567	1.727566917	2.001152535
318.2652374	1.718671437	2.005030202
324.8817702	1.706549903	2.013866115
331.6358565	1.692183602	2.027993518
338.5303559	1.676536516	2.047527603
345.5681877	1.660509435	2.072390644
352.7523315	1.64490486	2.102345619
360.0858291	1.630403952	2.137034606
367.5717855	1.617555514	2.176018157
375.2133702	1.606775815	2.218812188
383.0138186	1.59835706	2.264919748
390.9764334	1.592481816	2.313856123
399.1045859	1.589240647	2.365166815
407.4017175	1.588650603	2.418438871
415.8713413	1.590672788	2.473306584
424.5170432	1.595227936	2.529452901
433.3424837	1.602209433	2.586607797
442.3513996	1.611493723	2.644544779
451.5476051	1.622948268	2.703076396
460.9349939	1.636437402	2.762049391
470.5175406	1.65182645	2.821339939
480.2993023	1.668984493	2.880849209
490.2844207	1.687786111	2.940499393
500.4771234	1.70811236	3.000230238
510.8817259	1.72985122	3.05999609
521.5026335	1.752897678	3.119763391
532.3443431	1.777153562	3.17950861
543.4114449	1.802527223	3.239216518
554.7086248	1.828933138	3.298878787
566.2406659	1.856291465	3.358492836
578.0124508	1.884527586	3.418060895
590.0289637	1.913571668	3.477589251
602.2952923	1.943358235	3.537087625
614.8166301	1.973825772	3.596568682
627.5982785	2.004916363	3.656047629
640.6456494	2.036575358	3.715541887
653.9642668	2.068751073	3.775070834
667.5597698	2.101394524	3.834655593
681.4379148	2.13445918	3.894318859
695.6045776	2.167900754	3.954084768
710.0657563	2.201677007	4.01397878
724.8275738	2.235747579	4.074027596
739.8962801	2.270073842	4.134259081
755.2782553	2.304618756	4.194702209
770.980012	2.339346759	4.25538702
787.0081983	2.374223651	4.316344577
803.3696005	2.409216507	4.377606943
820.0711458	2.444293585	4.439207156
837.1199057	2.479424253	4.501179214
854.5230985	2.514578921	4.563558062
872.2880927	2.549728978	4.626379583
890.4224098	2.584846734	4.689680596
908.933728	2.619905378	4.753498853
927.8298847	2.654878926	4.817873042
947.1188805	2.689742184	4.882842789
966.8088824	2.724470711	4.948448667
986.9082269	2.759040785	5.0147322
1007.425424	2.79342938	5.081735879
1028.369161	2.827614135	5.149503172
1049.748305	2.861573332	5.218078539
1071.571907	2.895285882	5.287507444
1093.849209	2.928731304	5.357836379
1116.589641	2.961889712	5.429112876
1139.802833	2.994741809	5.501385535
1163.498612	3.027268876	5.574704035
1187.687011	3.059452768	5.649119164
1212.378272	3.091275911	5.724682841
1237.582849	3.122721307	5.801448134
1263.311413	3.153772533	5.879469293
1289.574857	3.184413752	5.958801766
1316.384302	3.214629716	6.039502229
1343.751098	3.244405785	6.121628608
1371.686833	3.273727938	6.205240106
1400.203333	3.302582787	6.290397222
1429.312674	3.330957603	6.37716178
1459.02718	3.358840335	6.46559695
1489.359431	3.386219633	6.555767266
1520.322271	3.413084877	6.64773865
1551.928808	3.439426204	6.741578429
1584.192425	3.465234543	6.837355356
1617.126783	3.49050164	6.935139618
1650.745825	3.5152201	7.035002857
1685.063785	3.539383418	7.137018177
1720.095194	3.562986017	7.241260157
1755.854884	3.586023286	7.347804853
1792.357996	3.608491619	7.456729806
1829.619984	3.630388453	7.568114044
1867.656625	3.651712306	7.682038078
1906.484023	3.672462819	7.798583902
1946.118619	3.692640792	7.917834988
1986.577193	3.712248223	8.039876274
2027.876875	3.731288342	8.164794155
2070.035151	3.749765652	8.29267647
2113.069871	3.767685956	8.423612488
2156.999256	3.785056395	8.557692888
2201.841905	3.801885473	8.695009742
2247.616804	3.818183089	8.835656493
2294.343334	3.833960557	8.979727933
2342.041279	3.849230632	9.127320182
2390.730835	3.864007528	9.278530663
2440.432615	3.878306932	9.433458076
2491.167664	3.892146023	9.59220238
2542.957462	3.905543474	9.754864764
2595.823938	3.918519467	9.921547626
2649.789474	3.93109569	10.09235455
2704.87692	3.943295345	10.2673903
2761.109598	3.95514314	10.44676078
2818.511318	3.966665288	10.63057303
2877.106384	3.977889502	10.81893522
2936.919604	3.988844982	11.01195662
2997.976303	3.999562409	11.20974762
3060.302332	4.010073931	11.4124197
3123.92408	4.020413151	11.62008547
3188.868484	4.030615114	11.8328586
3255.163041	4.040716293	12.05085394
3322.835819	4.050754577	12.2741874
3391.915472	4.060769255	12.5029761
3462.431247	4.070801009	12.73733827
3534.413001	4.080891902	12.97739337
3607.891209	4.091085367	13.22326206
3682.896983	4.101426205	13.47506626
3759.462079	4.111960583	13.73292917
3837.618916	4.122736026	13.99697531
3917.400583	4.13380143	14.26733058
3998.840861	4.145207063	14.54412228
4081.97423	4.157004577	14.82747919
4166.83589	4.169247022	15.11753158
4253.46177	4.181988869	15.41441129
4341.888547	4.19528603	15.71825178
4432.153661	4.209195891	16.02918817
4524.295329	4.223777342	16.34735733
4618.352565	4.239090818	16.67289788
4714.36519	4.255198343	17.0059503
4812.373858	4.272163577	17.34665698
4912.420063	4.290051874	17.69516222
5014.546166	4.308930339	18.05161237
5118.795406	4.328867895	18.41615583
5225.211921	4.349935349	18.7889431
5333.840769	4.37220547	19.17012686
5444.727941	4.395753072	19.55986201
5557.920388	4.420655092	19.95830571
5673.466033	4.446990688	20.36561742
5791.4138	4.474841329	20.78195895
5911.813626	4.504290897	21.20749451
6034.716488	4.535425793	21.64239073
6160.174423	4.568335044	22.08681668
6288.240549	4.603110418	22.54094394
6418.969089	4.639846543	23.00494657
6552.415392	4.678641031	23.47900118
6688.635959	4.7195946	23.9632869
6827.688466	4.762811214	24.45798543
6969.631786	4.80839821	24.96328102
7114.526018	4.856466444	25.47936048
7262.432509	4.907130428	26.00641318
7413.413883	4.960508484	26.54463101
7567.534063	5.01672289	27.09420841
7724.858305	5.075900035	27.65534231
7885.453218	5.13817058	28.22823211
8049.386798	5.203669616	28.81307966
8216.728453	5.272536828	29.41008917
8387.549035	5.344916666	30.01946724
8561.920869	5.420958513	30.6414227
8739.917783	5.500816857	31.27616663
8921.61514	5.584651469	31.92391225
9107.089869	5.672627581	32.58487483
9296.420502	5.764916064	33.2592716
9489.687198	5.861693614	33.94732167
9686.971786	5.963142932	34.64924588
9888.357796	6.069452913	35.36526673
10093.93049	6.180818828	36.0956082
10303.77692	6.297442519	36.84049563
10517.98592	6.419532576	37.60015555
10736.64818	6.547304537	38.37481553
10959.8563	6.680981063	39.164704
11187.70477	6.820792136	39.97005006
11420.29007	6.966975236	40.79108325
11657.71067	7.119775528	41.62803336
11900.0671	7.27944604	42.48113018
12147.46196	7.446247842	43.35060327
12400.0	7.62045022	44.23668169
