247.97000	1.47450	1.75400
248.94000	1.47310	1.76100
249.92000	1.47170	1.76810
250.90000	1.47030	1.77540
251.88000	1.46900	1.78260
252.87000	1.46780	1.79000
253.86000	1.46660	1.79740
254.86000	1.46550	1.80490
255.86000	1.46440	1.81250
256.86000	1.46340	1.82020
257.87000	1.46250	1.82790
258.88000	1.46160	1.83570
259.90000	1.46080	1.84350
260.92000	1.46000	1.85140
261.94000	1.45940	1.85940
262.97000	1.45870	1.86750
264.00000	1.45820	1.87560
265.04000	1.45770	1.88370
266.08000	1.45730	1.89200
267.12000	1.45690	1.90030
268.17000	1.45670	1.90860
269.22000	1.45650	1.91700
270.28000	1.45630	1.92540
271.34000	1.45620	1.93390
272.40000	1.45620	1.94240
273.47000	1.45630	1.95100
274.55000	1.45640	1.95970
275.62000	1.45670	1.96840
276.70000	1.45690	1.97710
277.79000	1.45730	1.98580
278.88000	1.45770	1.99460
279.97000	1.45820	2.00350
281.07000	1.45870	2.01240
282.17000	1.45940	2.02130
283.28000	1.46010	2.03020
284.39000	1.46080	2.03920
285.51000	1.46170	2.04830
286.63000	1.46260	2.05730
287.75000	1.46350	2.06640
288.88000	1.46460	2.07550
290.02000	1.46570	2.08460
291.15000	1.46690	2.09380
292.30000	1.46810	2.10300
293.44000	1.46940	2.11220
294.60000	1.47080	2.12140
295.75000	1.47230	2.13070
296.91000	1.47380	2.14000
298.08000	1.47530	2.14930
299.25000	1.47700	2.15860
300.42000	1.47870	2.16790
301.60000	1.48050	2.17730
302.78000	1.48230	2.18660
303.97000	1.48420	2.19600
305.16000	1.48620	2.20540
306.36000	1.48820	2.21480
307.56000	1.49030	2.22420
308.77000	1.49240	2.23360
309.98000	1.49460	2.24300
311.20000	1.49690	2.25240
312.42000	1.49920	2.26190
313.64000	1.50160	2.27130
314.87000	1.50400	2.28080
316.11000	1.50650	2.29020
317.35000	1.50910	2.29970
318.60000	1.51170	2.30910
319.85000	1.51430	2.31860
321.10000	1.51700	2.32810
322.36000	1.51980	2.33750
323.62000	1.52260	2.34700
324.89000	1.52550	2.35640
326.17000	1.52840	2.36590
327.45000	1.53130	2.37540
328.73000	1.53430	2.38480
330.02000	1.53740	2.39430
331.32000	1.54050	2.40370
332.62000	1.54360	2.41320
333.92000	1.54680	2.42260
335.23000	1.55000	2.43210
336.55000	1.55330	2.44150
337.87000	1.55660	2.45090
339.20000	1.56000	2.46030
340.53000	1.56330	2.46980
341.86000	1.56680	2.47920
343.20000	1.57020	2.48860
344.55000	1.57370	2.49800
345.90000	1.57720	2.50740
347.26000	1.58080	2.51680
348.62000	1.58440	2.52610
349.99000	1.58800	2.53550
351.36000	1.59170	2.54490
352.74000	1.59540	2.55420
354.13000	1.59910	2.56360
355.52000	1.60280	2.57290
356.91000	1.60660	2.58230
358.31000	1.61040	2.59160
359.72000	1.61420	2.60090
361.13000	1.61810	2.61020
362.54000	1.62190	2.61950
363.97000	1.62580	2.62880
365.40000	1.62980	2.63810
366.83000	1.63370	2.64740
368.27000	1.63760	2.65670
369.71000	1.64160	2.66600
371.16000	1.64560	2.67530
372.62000	1.64960	2.68460
374.08000	1.65360	2.69380
375.55000	1.65770	2.70310
377.02000	1.66170	2.71240
378.50000	1.66580	2.72160
379.99000	1.66980	2.73090
381.48000	1.67390	2.74020
382.98000	1.67800	2.74940
384.48000	1.68210	2.75870
385.99000	1.68630	2.76800
387.50000	1.69040	2.77720
389.02000	1.69450	2.78650
390.55000	1.69870	2.79580
392.08000	1.70280	2.80500
393.62000	1.70700	2.81430
395.16000	1.71120	2.82360
396.71000	1.71530	2.83290
398.27000	1.71950	2.84220
399.83000	1.72370	2.85150
401.40000	1.72790	2.86080
402.98000	1.73210	2.87010
404.56000	1.73630	2.87940
406.14000	1.74050	2.88880
407.74000	1.74470	2.89810
409.34000	1.74890	2.90750
410.94000	1.75310	2.91680
412.56000	1.75730	2.92620
414.18000	1.76150	2.93560
415.80000	1.76570	2.94500
417.43000	1.76990	2.95450
419.07000	1.77410	2.96390
420.71000	1.77840	2.97340
422.36000	1.78260	2.98290
424.02000	1.78680	2.99240
425.69000	1.79100	3.00190
427.36000	1.79520	3.01140
429.03000	1.79950	3.02100
430.72000	1.80370	3.03060
432.41000	1.80790	3.04020
434.10000	1.81220	3.04990
435.81000	1.81640	3.05950
437.52000	1.82060	3.06920
439.23000	1.82490	3.07900
440.96000	1.82910	3.08870
442.69000	1.83330	3.09850
444.42000	1.83760	3.10830
446.17000	1.84180	3.11810
447.92000	1.84610	3.12800
449.67000	1.85030	3.13790
451.44000	1.85460	3.14790
453.21000	1.85890	3.15780
454.99000	1.86310	3.16780
456.77000	1.86740	3.17790
458.57000	1.87170	3.18800
460.36000	1.87600	3.19810
462.17000	1.88030	3.20820
463.98000	1.88460	3.21840
465.81000	1.88890	3.22870
467.63000	1.89320	3.23890
469.47000	1.89760	3.24920
471.31000	1.90190	3.25960
473.16000	1.90630	3.27000
475.02000	1.91060	3.28040
476.88000	1.91500	3.29090
478.75000	1.91940	3.30140
480.63000	1.92380	3.31200
482.51000	1.92830	3.32260
484.41000	1.93270	3.33320
486.31000	1.93720	3.34390
488.22000	1.94170	3.35470
490.13000	1.94620	3.36550
492.06000	1.95070	3.37630
493.99000	1.95520	3.38720
495.92000	1.95980	3.39810
497.87000	1.96430	3.40910
499.82000	1.96900	3.42010
501.78000	1.97360	3.43110
503.75000	1.97820	3.44230
505.73000	1.98290	3.45340
507.71000	1.98760	3.46460
509.71000	1.99230	3.47590
511.71000	1.99710	3.48720
513.71000	2.00190	3.49850
515.73000	2.00670	3.50990
517.75000	2.01150	3.52130
519.78000	2.01640	3.53280
521.82000	2.02130	3.54430
523.87000	2.02630	3.55590
525.93000	2.03120	3.56760
527.99000	2.03630	3.57920
530.06000	2.04130	3.59090
532.14000	2.04640	3.60270
534.23000	2.05150	3.61450
536.33000	2.05670	3.62640
538.43000	2.06190	3.63830
540.54000	2.06710	3.65020
542.66000	2.07240	3.66220
544.79000	2.07770	3.67420
546.93000	2.08310	3.68630
549.08000	2.08850	3.69840
551.23000	2.09390	3.71060
553.39000	2.09940	3.72280
555.56000	2.10490	3.73510
557.74000	2.11050	3.74740
559.93000	2.11610	3.75970
562.13000	2.12180	3.77210
564.34000	2.12750	3.78450
566.55000	2.13330	3.79690
568.77000	2.13910	3.80940
571.00000	2.14500	3.82200
573.24000	2.15090	3.83450
575.49000	2.15690	3.84710
577.75000	2.16290	3.85980
580.02000	2.16900	3.87250
582.29000	2.17510	3.88520
584.58000	2.18130	3.89790
586.87000	2.18750	3.91070
589.18000	2.19380	3.92350
591.49000	2.20020	3.93640
593.81000	2.20650	3.94920
596.14000	2.21300	3.96220
598.48000	2.21950	3.97510
600.82000	2.22610	3.98810
603.18000	2.23270	4.00110
605.55000	2.23930	4.01410
607.92000	2.24610	4.02710
610.31000	2.25290	4.04020
612.70000	2.25970	4.05330
615.11000	2.26660	4.06650
617.52000	2.27360	4.07960
619.95000	2.28060	4.09280
622.38000	2.28760	4.10600
624.82000	2.29480	4.11920
627.27000	2.30200	4.13240
629.73000	2.30920	4.14570
632.20000	2.31650	4.15900
634.68000	2.32390	4.17230
637.17000	2.33130	4.18560
639.67000	2.33880	4.19890
642.18000	2.34630	4.21230
644.70000	2.35390	4.22560
647.23000	2.36150	4.23900
649.77000	2.36920	4.25240
652.32000	2.37700	4.26580
654.88000	2.38480	4.27920
657.45000	2.39270	4.29270
660.03000	2.40070	4.30610
662.62000	2.40860	4.31950
665.22000	2.41670	4.33300
667.83000	2.42480	4.34650
670.45000	2.43300	4.35990
673.08000	2.44120	4.37340
675.72000	2.44940	4.38690
678.37000	2.45780	4.40040
681.03000	2.46610	4.41390
683.71000	2.47460	4.42730
686.39000	2.48310	4.44080
689.08000	2.49160	4.45430
691.79000	2.50020	4.46780
694.50000	2.50880	4.48130
697.23000	2.51750	4.49480
699.96000	2.52630	4.50830
702.71000	2.53510	4.52190
705.46000	2.54390	4.53530
708.23000	2.55280	4.54880
711.01000	2.56180	4.56230
713.80000	2.57080	4.57580
716.60000	2.57980	4.58930
719.41000	2.58890	4.60280
722.24000	2.59800	4.61630
725.07000	2.60720	4.62980
727.92000	2.61650	4.64320
730.77000	2.62570	4.65670
733.64000	2.63500	4.67010
736.52000	2.64440	4.68360
739.41000	2.65380	4.69700
742.31000	2.66320	4.71050
745.22000	2.67270	4.72390
748.14000	2.68220	4.73730
751.08000	2.69180	4.75070
754.03000	2.70140	4.76410
756.99000	2.71100	4.77750
759.96000	2.72070	4.79090
762.94000	2.73040	4.80430
765.93000	2.74010	4.81770
768.94000	2.74990	4.83110
771.95000	2.75970	4.84440
774.98000	2.76960	4.85780
778.02000	2.77940	4.87110
781.08000	2.78930	4.88440
784.14000	2.79930	4.89770
787.22000	2.80920	4.91100
790.31000	2.81920	4.92440
793.41000	2.82930	4.93760
796.52000	2.83930	4.95090
799.64000	2.84940	4.96420
802.78000	2.85950	4.97750
805.93000	2.86960	4.99070
809.09000	2.87970	5.00400
812.27000	2.88990	5.01730
815.46000	2.90010	5.03050
818.65000	2.91030	5.04370
821.87000	2.92050	5.05700
825.09000	2.93080	5.07020
828.33000	2.94110	5.08340
831.58000	2.95130	5.09670
834.84000	2.96170	5.10990
838.12000	2.97200	5.12310
841.41000	2.98230	5.13630
844.71000	2.99270	5.14950
848.02000	3.00300	5.16270
851.35000	3.01340	5.17600
854.69000	3.02380	5.18920
858.04000	3.03420	5.20240
861.41000	3.04470	5.21560
864.79000	3.05510	5.22880
868.18000	3.06560	5.24210
871.59000	3.07600	5.25530
875.01000	3.08650	5.26850
878.44000	3.09700	5.28180
881.89000	3.10750	5.29500
885.35000	3.11800	5.30830
888.82000	3.12850	5.32160
892.31000	3.13900	5.33490
895.81000	3.14950	5.34820
899.33000	3.16010	5.36150
902.85000	3.17060	5.37480
906.40000	3.18120	5.38820
909.95000	3.19180	5.40150
913.52000	3.20240	5.41490
917.11000	3.21300	5.42830
920.71000	3.22360	5.44170
924.32000	3.23420	5.45520
927.95000	3.24480	5.46870
931.59000	3.25540	5.48210
935.24000	3.26610	5.49570
938.91000	3.27680	5.50920
942.59000	3.28740	5.52280
946.29000	3.29810	5.53640
950.01000	3.30880	5.55000
953.73000	3.31950	5.56370
957.48000	3.33030	5.57740
961.23000	3.34100	5.59110
965.00000	3.35180	5.60490
968.79000	3.36260	5.61870
972.59000	3.37340	5.63260
976.41000	3.38420	5.64650
980.24000	3.39500	5.66040
984.08000	3.40590	5.67440
987.95000	3.41680	5.68840
991.82000	3.42770	5.70240
995.71000	3.43870	5.71650
999.62000	3.44970	5.73070
1003.50000	3.46070	5.74490
1007.50000	3.47170	5.75910
1011.40000	3.48280	5.77340
1015.40000	3.49390	5.78780
1019.40000	3.50510	5.80220
1023.40000	3.51630	5.81660
1027.40000	3.52750	5.83110
1031.40000	3.53880	5.84570
1035.50000	3.55010	5.86030
1039.50000	3.56150	5.87490
1043.60000	3.57290	5.88970
1047.70000	3.58440	5.90440
1051.80000	3.59600	5.91930
1056.00000	3.60760	5.93420
1060.10000	3.61920	5.94910
1064.30000	3.63100	5.96410
1068.40000	3.64280	5.97910
1072.60000	3.65470	5.99430
1076.80000	3.66660	6.00940
1081.10000	3.67860	6.02460
1085.30000	3.69080	6.03990
1089.60000	3.70300	6.05520
1093.80000	3.71520	6.07060
1098.10000	3.72760	6.08600
1102.40000	3.74010	6.10150
1106.80000	3.75270	6.11710
1111.10000	3.76530	6.13260
1115.50000	3.77810	6.14830
1119.80000	3.79100	6.16390
1124.20000	3.80400	6.17960
1128.60000	3.81710	6.19540
1133.10000	3.83040	6.21120
1137.50000	3.84370	6.22700
1142.00000	3.85720	6.24290
1146.50000	3.87090	6.25880
1151.00000	3.88460	6.27470
1155.50000	3.89850	6.29060
1160.00000	3.91250	6.30660
1164.60000	3.92670	6.32260
1169.10000	3.94110	6.33860
1173.70000	3.95560	6.35460
1178.30000	3.97020	6.37060
1182.90000	3.98500	6.38660
1187.60000	4.00000	6.40260
1192.20000	4.01510	6.41860
1196.90000	4.03040	6.43460
1201.60000	4.04590	6.45060
1206.30000	4.06160	6.46660
1211.10000	4.07740	6.48250
1215.80000	4.09340	6.49840
1220.60000	4.10960	6.51420
1225.40000	4.12600	6.53000
1230.20000	4.14260	6.54570
1235.00000	4.15940	6.56140
1239.90000	4.17640	6.57700
1244.70000	4.19350	6.59250
1249.60000	4.21090	6.60790
1254.50000	4.22850	6.62330
1259.40000	4.24620	6.63850
1264.40000	4.26420	6.65360
1269.30000	4.28230	6.66860
1274.30000	4.30070	6.68350
1279.30000	4.31930	6.69830
1284.30000	4.33800	6.71280
1289.40000	4.35700	6.72730
1294.40000	4.37620	6.74160
1299.50000	4.39550	6.75560
1304.60000	4.41510	6.76960
1309.70000	4.43480	6.78330
1314.90000	4.45480	6.79680
1320.00000	4.47490	6.81010
1325.20000	4.49520	6.82310
1330.40000	4.51570	6.83600
1335.60000	4.53630	6.84850
1340.90000	4.55720	6.86090
1346.10000	4.57820	6.87290
1351.40000	4.59930	6.88470
1356.70000	4.62060	6.89620
1362.00000	4.64210	6.90730
1367.40000	4.66360	6.91820
1372.70000	4.68530	6.92880
1378.10000	4.70720	6.93900
1383.50000	4.72910	6.94890
1389.00000	4.75110	6.95840
1394.40000	4.77330	6.96750
1399.90000	4.79550	6.97630
1405.40000	4.81770	6.98470
1410.90000	4.84010	6.99270
1416.40000	4.86240	7.00040
1422.00000	4.88480	7.00760
1427.60000	4.90730	7.01440
1433.20000	4.92970	7.02070
1438.80000	4.95210	7.02670
1444.40000	4.97440	7.03220
1450.10000	4.99680	7.03730
1455.80000	5.01910	7.04190
1461.50000	5.04120	7.04610
1467.20000	5.06330	7.04980
1473.00000	5.08530	7.05310
1478.80000	5.10720	7.05590
1484.60000	5.12890	7.05820
1490.40000	5.15050	7.06010
1496.20000	5.17180	7.06150
1502.10000	5.19300	7.06240
1508.00000	5.21390	7.06290
1513.90000	5.23460	7.06290
1519.90000	5.25510	7.06250
1525.80000	5.27530	7.06150
1531.80000	5.29510	7.06020
1537.80000	5.31470	7.05830
1543.90000	5.33390	7.05610
1549.90000	5.35280	7.05340
1556.00000	5.37120	7.05020
1562.10000	5.38930	7.04670
1568.20000	5.40700	7.04270
1574.40000	5.42430	7.03830
1580.60000	5.44110	7.03360
1586.80000	5.45740	7.02840
1593.00000	5.47330	7.02290
1599.20000	5.48860	7.01700
1605.50000	5.50340	7.01080
1611.80000	5.51770	7.00420
1618.10000	5.53150	6.99730
1624.50000	5.54470	6.99010
1630.90000	5.55730	6.98260
1637.30000	5.56930	6.97490
1643.70000	5.58070	6.96690
1650.10000	5.59150	6.95870
1656.60000	5.60170	6.95020
1663.10000	5.61120	6.94160
1669.60000	5.62010	6.93270
1676.20000	5.62830	6.92380
1682.80000	5.63580	6.91460
1689.40000	5.64270	6.90540
1696.00000	5.64890	6.89600
1702.70000	5.65440	6.88660
1709.30000	5.65920	6.87710
1716.00000	5.66320	6.86760
1722.80000	5.66660	6.85800
1729.50000	5.66930	6.84850
1736.30000	5.67120	6.83890
1743.10000	5.67250	6.82950
1750.00000	5.67300	6.82000
1756.80000	5.67280	6.81070
1763.70000	5.67190	6.80150
1770.70000	5.67030	6.79240
1777.60000	5.66790	6.78340
1784.60000	5.66480	6.77470
1791.60000	5.66110	6.76610
1798.60000	5.65660	6.75770
1805.70000	5.65140	6.74950
1812.70000	5.64550	6.74160
1819.90000	5.63890	6.73400
1827.00000	5.63160	6.72660
1834.20000	5.62370	6.71950
1841.40000	5.61510	6.71280
1848.60000	5.60580	6.70640
1855.80000	5.59580	6.70040
1863.10000	5.58520	6.69470
1870.40000	5.57390	6.68940
1877.80000	5.56210	6.68460
1885.10000	5.54950	6.68010
1892.50000	5.53640	6.67610
1900.00000	5.52270	6.67260
1907.40000	5.50840	6.66950
1914.90000	5.49340	6.66690
1922.40000	5.47800	6.66480
1930.00000	5.46190	6.66320
1937.50000	5.44530	6.66210
1945.10000	5.42820	6.66160
1952.80000	5.41050	6.66160
1960.40000	5.39240	6.66220
1968.10000	5.37370	6.66340
1975.80000	5.35460	6.66510
1983.60000	5.33500	6.66750
1991.40000	5.31490	6.67040
1999.20000	5.29440	6.67400
2007.00000	5.27340	6.67820
2014.90000	5.25200	6.68300
2022.80000	5.23030	6.68850
2030.70000	5.20810	6.69460
2038.70000	5.18560	6.70130
2046.70000	5.16270	6.70880
2054.70000	5.13940	6.71690
2062.80000	5.11590	6.72570
2070.90000	5.09200	6.73520
2079.00000	5.06780	6.74540
2087.20000	5.04330	6.75630
2095.40000	5.01860	6.76780
2103.60000	4.99360	6.78010
2111.90000	4.96830	6.79310
2120.10000	4.94280	6.80680
2128.50000	4.91720	6.82130
2136.80000	4.89130	6.83640
2145.20000	4.86530	6.85230
2153.60000	4.83900	6.86890
2162.10000	4.81270	6.88620
2170.50000	4.78620	6.90430
2179.10000	4.75950	6.92310
2187.60000	4.73280	6.94260
2196.20000	4.70600	6.96280
2204.80000	4.67910	6.98380
2213.50000	4.65220	7.00550
2222.10000	4.62520	7.02790
2230.90000	4.59810	7.05110
2239.60000	4.57110	7.07500
2248.40000	4.54410	7.09960
2257.20000	4.51700	7.12490
2266.10000	4.49000	7.15090
2275.00000	4.46300	7.17760
2283.90000	4.43610	7.20510
2292.90000	4.40920	7.23320
2301.90000	4.38240	7.26210
2310.90000	4.35570	7.29160
2320.00000	4.32910	7.32180
2329.10000	4.30270	7.35270
2338.20000	4.27630	7.38430
2347.40000	4.25010	7.41660
2356.60000	4.22400	7.44950
2365.80000	4.19810	7.48310
2375.10000	4.17230	7.51730
2384.40000	4.14680	7.55210
2393.80000	4.12140	7.58760
2403.20000	4.09620	7.62380
2412.60000	4.07120	7.66050
2422.10000	4.04640	7.69780
2431.60000	4.02190	7.73580
2441.10000	3.99760	7.77430
2450.70000	3.97350	7.81350
2460.30000	3.94970	7.85320
2470.00000	3.92610	7.89350
2479.70000	3.90280	7.93430
2489.40000	3.87980	7.97570
2499.10000	3.85700	8.01770
2509.00000	3.83450	8.06010
2518.80000	3.81230	8.10310
2528.70000	3.79040	8.14670
2538.60000	3.76880	8.19070
2548.60000	3.74740	8.23520
2558.60000	3.72640	8.28030
2568.60000	3.70570	8.32580
2578.70000	3.68530	8.37170
2588.80000	3.66520	8.41820
2599.00000	3.64540	8.46510
2609.20000	3.62590	8.51250
2619.40000	3.60670	8.56020
2629.70000	3.58790	8.60850
2640.00000	3.56940	8.65710
2650.30000	3.55120	8.70620
2660.70000	3.53330	8.75570
2671.20000	3.51580	8.80560
2681.70000	3.49860	8.85590
2692.20000	3.48170	8.90650
2702.70000	3.46510	8.95760
2713.40000	3.44890	9.00900
2724.00000	3.43300	9.06080
2734.70000	3.41740	9.11290
2745.40000	3.40220	9.16540
2756.20000	3.38720	9.21830
2767.00000	3.37260	9.27150
2777.90000	3.35840	9.32500
2788.80000	3.34440	9.37880
2799.70000	3.33080	9.43300
2810.70000	3.31750	9.48750
2821.70000	3.30450	9.54230
2832.80000	3.29190	9.59740
2843.90000	3.27960	9.65280
2855.10000	3.26750	9.70850
2866.30000	3.25580	9.76450
2877.50000	3.24450	9.82080
2888.80000	3.23340	9.87730
2900.10000	3.22260	9.93420
2911.50000	3.21220	9.99130
2922.90000	3.20200	10.04900
2934.40000	3.19220	10.10600
2945.90000	3.18270	10.16400
2957.50000	3.17350	10.22200
2969.10000	3.16450	10.28100
2980.70000	3.15590	10.33900
2992.40000	3.14760	10.39800
3004.20000	3.13960	10.45800
3016.00000	3.13180	10.51700
3027.80000	3.12440	10.57700
3039.70000	3.11720	10.63600
3051.60000	3.11030	10.69700
3063.60000	3.10370	10.75700
3075.60000	3.09740	10.81700
3087.70000	3.09140	10.87800
3099.80000	3.08570	10.93900
3111.90000	3.08020	11.00000
3124.10000	3.07500	11.06200
3136.40000	3.07010	11.12300
3148.70000	3.06540	11.18500
3161.10000	3.06110	11.24700
3173.50000	3.05700	11.31000
3185.90000	3.05310	11.37200
3198.40000	3.04950	11.43500
3211.00000	3.04620	11.49800
3223.60000	3.04320	11.56100
3236.20000	3.04040	11.62400
3248.90000	3.03780	11.68800
3261.70000	3.03550	11.75100
3274.40000	3.03350	11.81500
3287.30000	3.03170	11.87900
3300.20000	3.03020	11.94400
3313.10000	3.02890	12.00800
3326.10000	3.02780	12.07300
3339.20000	3.02710	12.13800
3352.30000	3.02650	12.20300
3365.40000	3.02620	12.26800
3378.70000	3.02610	12.33300
3391.90000	3.02630	12.39900
3405.20000	3.02670	12.46500
3418.60000	3.02730	12.53100
3432.00000	3.02820	12.59700
3445.50000	3.02930	12.66300
3459.00000	3.03070	12.73000
3472.50000	3.03220	12.79700
3486.20000	3.03400	12.86400
3499.90000	3.03610	12.93100
3513.60000	3.03830	12.99800
3527.40000	3.04080	13.06600
3541.20000	3.04350	13.13300
3555.10000	3.04650	13.20100
3569.10000	3.04960	13.26900
3583.10000	3.05300	13.33700
3597.10000	3.05660	13.40600
3611.20000	3.06040	13.47500
3625.40000	3.06440	13.54300
3639.60000	3.06870	13.61200
3653.90000	3.07310	13.68100
3668.20000	3.07780	13.75100
3682.60000	3.08270	13.82000
3697.10000	3.08780	13.89000
3711.60000	3.09310	13.96000
3726.20000	3.09870	14.03000
3740.80000	3.10440	14.10000
3755.40000	3.11040	14.17100
3770.20000	3.11650	14.24100
3785.00000	3.12290	14.31200
3799.80000	3.12950	14.38300
3814.70000	3.13630	14.45400
3829.70000	3.14330	14.52600
3844.70000	3.15050	14.59700
3859.80000	3.15790	14.66900
3875.00000	3.16550	14.74100
3890.20000	3.17340	14.81300
3905.40000	3.18140	14.88500
3920.70000	3.18960	14.95800
3936.10000	3.19810	15.03000
3951.60000	3.20670	15.10300
3967.10000	3.21550	15.17600
3982.60000	3.22460	15.24900
3998.30000	3.23380	15.32300
4014.00000	3.24330	15.39600
4029.70000	3.25290	15.47000
4045.50000	3.26280	15.54400
4061.40000	3.27280	15.61800
4077.30000	3.28310	15.69300
4093.30000	3.29360	15.76700
4109.40000	3.30420	15.84200
4125.50000	3.31510	15.91700
4141.70000	3.32610	15.99200
4157.90000	3.33740	16.06700
4174.30000	3.34880	16.14300
4190.60000	3.36050	16.21900
4207.10000	3.37240	16.29500
4223.60000	3.38440	16.37100
4240.20000	3.39670	16.44700
4256.80000	3.40910	16.52300
4273.50000	3.42180	16.60000
4290.30000	3.43460	16.67700
4307.10000	3.44770	16.75400
4324.00000	3.46090	16.83100
4341.00000	3.47440	16.90900
4358.00000	3.48800	16.98600
4375.10000	3.50190	17.06400
4392.30000	3.51600	17.14200
4409.50000	3.53020	17.22100
4426.80000	3.54470	17.29900
4444.20000	3.55930	17.37800
4461.60000	3.57420	17.45600
4479.10000	3.58920	17.53600
4496.70000	3.60450	17.61500
4514.30000	3.61990	17.69400
4532.00000	3.63560	17.77400
4549.80000	3.65150	17.85400
4567.70000	3.66750	17.93400
4585.60000	3.68380	18.01400
4603.60000	3.70020	18.09500
4621.70000	3.71690	18.17500
4639.80000	3.73380	18.25600
4658.00000	3.75090	18.33700
4676.30000	3.76810	18.41900
4694.60000	3.78560	18.50000
4713.00000	3.80330	18.58200
4731.50000	3.82120	18.66400
4750.10000	3.83930	18.74600
4768.70000	3.85760	18.82800
4787.40000	3.87610	18.91100
4806.20000	3.89480	18.99300
4825.10000	3.91380	19.07600
4844.00000	3.93290	19.16000
4863.00000	3.95220	19.24300
4882.10000	3.97180	19.32700
4901.30000	3.99150	19.41000
4920.50000	4.01150	19.49400
4939.80000	4.03170	19.57900
4959.20000	4.05210	19.66300
4978.60000	4.07270	19.74800
4998.20000	4.09350	19.83300
5017.80000	4.11450	19.91800
5037.50000	4.13570	20.00300
5057.20000	4.15720	20.08900
5077.10000	4.17880	20.17400
5097.00000	4.20070	20.26000
5117.00000	4.22280	20.34600
5137.10000	4.24510	20.43300
5157.20000	4.26760	20.51900
5177.50000	4.29040	20.60600
5197.80000	4.31330	20.69300
5218.20000	4.33650	20.78000
5238.60000	4.35990	20.86800
5259.20000	4.38350	20.95600
5279.80000	4.40730	21.04400
5300.50000	4.43140	21.13200
5321.30000	4.45560	21.22000
5342.20000	4.48010	21.30900
5363.20000	4.50490	21.39700
5384.20000	4.52980	21.48600
5405.40000	4.55500	21.57600
5426.60000	4.58040	21.66500
5447.90000	4.60600	21.75500
5469.20000	4.63180	21.84500
5490.70000	4.65790	21.93500
5512.20000	4.68420	22.02500
5533.90000	4.71070	22.11600
5555.60000	4.73750	22.20700
5577.40000	4.76450	22.29800
5599.30000	4.79170	22.38900
5621.20000	4.81920	22.48000
5643.30000	4.84690	22.57200
5665.40000	4.87480	22.66400
5687.60000	4.90290	22.75600
5710.00000	4.93130	22.84800
5732.40000	4.96000	22.94100
5754.90000	4.98880	23.03400
5777.40000	5.01790	23.12700
5800.10000	5.04730	23.22000
5822.90000	5.07690	23.31400
5845.70000	5.10670	23.40700
5868.60000	5.13680	23.50100
5891.70000	5.16710	23.59600
5914.80000	5.19760	23.69000
5938.00000	5.22840	23.78500
5961.30000	5.25950	23.88000
5984.70000	5.29070	23.97500
6008.20000	5.32230	24.07000
6031.70000	5.35410	24.16600
6055.40000	5.38610	24.26100
6079.20000	5.41840	24.35700
6103.00000	5.45090	24.45400
6127.00000	5.48370	24.55000
6151.00000	5.51680	24.64700
6175.10000	5.55010	24.74400
6199.40000	5.58360	24.84100
6223.70000	5.61740	24.93900
6248.10000	5.65150	25.03600
6272.60000	5.68580	25.13400
6297.20000	5.72040	25.23200
6321.90000	5.75520	25.33000
6346.80000	5.79030	25.42900
6371.70000	5.82570	25.52800
6396.70000	5.86130	25.62700
6421.80000	5.89720	25.72600
6446.90000	5.93330	25.82600
6472.20000	5.96980	25.92500
6497.60000	6.00640	26.02500
6523.10000	6.04340	26.12600
6548.70000	6.08060	26.22600
6574.40000	6.11810	26.32700
6600.20000	6.15590	26.42700
6626.10000	6.19390	26.52900
6652.10000	6.23220	26.63000
6678.20000	6.27080	26.73200
6704.40000	6.30970	26.83300
6730.70000	6.34880	26.93500
6757.10000	6.38820	27.03800
6783.60000	6.42790	27.14000
6810.30000	6.46790	27.24300
6837.00000	6.50810	27.34600
6863.80000	6.54870	27.44900
6890.70000	6.58950	27.55200
6917.80000	6.63060	27.65600
6944.90000	6.67200	27.76000
6972.20000	6.71360	27.86400
6999.50000	6.75560	27.96900
7027.00000	6.79790	28.07300
7054.60000	6.84040	28.17800
7082.20000	6.88320	28.28300
7110.00000	6.92630	28.38800
7137.90000	6.96970	28.49400
7165.90000	7.01340	28.60000
7194.00000	7.05740	28.70500
7222.30000	7.10170	28.81200
7250.60000	7.14630	28.91800
7279.10000	7.19120	29.02500
7307.60000	7.23640	29.13200
7336.30000	7.28190	29.23900
7365.10000	7.32770	29.34600
7394.00000	7.37380	29.45400
7423.00000	7.42020	29.56100
7452.10000	7.46690	29.67000
7481.30000	7.51390	29.77800
7510.70000	7.56120	29.88600
7540.20000	7.60880	29.99500
7569.80000	7.65670	30.10400
7599.50000	7.70500	30.21300
7629.30000	7.75350	30.32200
7659.20000	7.80240	30.43200
7689.30000	7.85160	30.54200
7719.40000	7.90110	30.65200
7749.70000	7.95090	30.76200
7780.10000	8.00100	30.87300
7810.60000	8.05140	30.98400
7841.30000	8.10220	31.09500
7872.10000	8.15330	31.20600
7902.90000	8.20470	31.31700
7934.00000	8.25640	31.42900
7965.10000	8.30840	31.54100
7996.30000	8.36080	31.65300
8027.70000	8.41350	31.76500
8059.20000	8.46650	31.87800
8090.80000	8.51990	31.99000
8122.60000	8.57350	32.10300
8154.40000	8.62750	32.21600
8186.40000	8.68190	32.33000
8218.60000	8.73650	32.44300
8250.80000	8.79150	32.55700
8283.20000	8.84690	32.67100
8315.70000	8.90250	32.78600
8348.30000	8.95850	32.90000
8381.10000	9.01490	33.01500
8413.90000	9.07160	33.13000
8447.00000	9.12860	33.24500
8480.10000	9.18590	33.36000
8513.40000	9.24360	33.47600
8546.80000	9.30170	33.59200
8580.30000	9.36010	33.70800
8614.00000	9.41880	33.82400
8647.80000	9.47790	33.94000
8681.70000	9.53730	34.05700
8715.80000	9.59710	34.17400
8750.00000	9.65720	34.29100
8784.30000	9.71760	34.40800
8818.80000	9.77850	34.52500
8853.40000	9.83960	34.64300
8888.10000	9.90110	34.76100
8923.00000	9.96300	34.87900
8958.00000	10.02500	34.99700
8993.10000	10.08800	35.11600
9028.40000	10.15100	35.23500
9063.80000	10.21400	35.35300
9099.40000	10.27800	35.47300
9135.10000	10.34200	35.59200
9171.00000	10.40600	35.71100
9206.90000	10.47100	35.83100
9243.10000	10.53600	35.95100
9279.30000	10.60100	36.07100
9315.70000	10.66700	36.19100
9352.30000	10.73300	36.31200
9389.00000	10.80000	36.43300
9425.80000	10.86700	36.55400
9462.80000	10.93400	36.67500
9499.90000	11.00200	36.79600
9537.20000	11.07000	36.91700
9574.60000	11.13800	37.03900
9612.20000	11.20700	37.16100
9649.90000	11.27600	37.28300
9687.80000	11.34600	37.40500
9725.80000	11.41500	37.52800
9763.90000	11.48600	37.65000
9802.30000	11.55600	37.77300
9840.70000	11.62700	37.89600
9879.30000	11.69900	38.01900
9918.10000	11.77000	38.14300
9957.00000	11.84300	38.26600
9996.10000	11.91500	38.39000
10035.00000	11.98800	38.51400
10075.00000	12.06100	38.63800
10114.00000	12.13500	38.76300
10154.00000	12.20900	38.88700
10194.00000	12.28300	39.01200
10234.00000	12.35800	39.13700
10274.00000	12.43300	39.26200
10314.00000	12.50900	39.38700
10355.00000	12.58500	39.51200
10395.00000	12.66100	39.63800
10436.00000	12.73800	39.76300
10477.00000	12.81500	39.88900
10518.00000	12.89300	40.01500
10559.00000	12.97100	40.14200
10601.00000	13.04900	40.26800
10642.00000	13.12700	40.39500
10684.00000	13.20700	40.52100
10726.00000	13.28600	40.64800
10768.00000	13.36600	40.77500
10810.00000	13.44600	40.90200
10853.00000	13.52700	41.03000
10895.00000	13.60800	41.15700
10938.00000	13.68900	41.28500
10981.00000	13.77100	41.41300
11024.00000	13.85300	41.54100
11067.00000	13.93600	41.66900
11111.00000	14.01900	41.79800
11154.00000	14.10200	41.92600
11198.00000	14.18600	42.05500
11242.00000	14.27000	42.18400
11286.00000	14.35500	42.31300
11331.00000	14.44000	42.44200
11375.00000	14.52500	42.57100
11420.00000	14.61100	42.70100
11464.00000	14.69700	42.83000
11509.00000	14.78400	42.96000
11555.00000	14.87100	43.09000
11600.00000	14.95800	43.22000
11645.00000	15.04600	43.35000
11691.00000	15.13400	43.48000
11737.00000	15.22300	43.61100
11783.00000	15.31200	43.74100
11829.00000	15.40100	43.87200
11876.00000	15.49100	44.00300
11922.00000	15.58100	44.13400
11969.00000	15.67200	44.26500
12016.00000	15.76300	44.39600
12063.00000	15.85400	44.52800
12111.00000	15.94600	44.65900
12158.00000	16.03800	44.79100
12206.00000	16.13100	44.92300
12254.00000	16.22400	45.05500
12302.00000	16.31700	45.18700
12350.00000	16.41100	45.31900
12398.00000	16.50600	45.45200
