250.0	1.517462	2.6E-4
255.0	1.515228	2.4E-4
260.0	1.513136	2.22E-4
265.0	1.511173	2.06E-4
270.0	1.509329	1.91E-4
275.0	1.507595	1.79E-4
280.0	1.505961	1.67E-4
285.0	1.504421	1.57E-4
290.0	1.502966	1.48E-4
295.0	1.50159	1.39E-4
300.0	1.500288	1.32E-4
305.0	1.499055	1.25E-4
310.0	1.497885	1.18E-4
315.0	1.496774	1.12E-4
320.0	1.495719	1.07E-4
325.0	1.494715	1.02E-4
330.0	1.493759	0.0
335.0	1.492849	0.0
340.0	1.491981	0.0
345.0	1.491152	0.0
350.0	1.490361	0.0
355.0	1.489605	0.0
360.0	1.488882	0.0
365.0	1.488189	0.0
370.0	1.487527	0.0
375.0	1.486891	0.0
380.0	1.486282	0.0
385.0	1.485698	0.0
390.0	1.485137	0.0
395.0	1.484598	0.0
400.0	1.48408	0.0
405.0	1.483582	0.0
410.0	1.483102	0.0
415.0	1.482641	0.0
420.0	1.482197	0.0
425.0	1.481768	0.0
430.0	1.481356	0.0
435.0	1.480958	0.0
440.0	1.480573	0.0
445.0	1.480203	0.0
450.0	1.479844	0.0
455.0	1.479498	0.0
460.0	1.479164	0.0
465.0	1.478841	0.0
470.0	1.478528	0.0
475.0	1.478225	0.0
480.0	1.477932	0.0
485.0	1.477649	0.0
490.0	1.477374	0.0
495.0	1.477107	0.0
500.0	1.476849	0.0
505.0	1.476599	0.0
510.0	1.476356	0.0
515.0	1.476121	0.0
520.0	1.475892	0.0
525.0	1.47567	0.0
530.0	1.475455	0.0
535.0	1.475245	0.0
540.0	1.475042	0.0
545.0	1.474844	0.0
550.0	1.474652	0.0
555.0	1.474464	0.0
560.0	1.474283	0.0
565.0	1.474106	0.0
570.0	1.473933	0.0
575.0	1.473766	0.0
580.0	1.473602	0.0
585.0	1.473443	0.0
590.0	1.473288	0.0
595.0	1.473137	0.0
600.0	1.47299	0.0
605.0	1.472847	0.0
610.0	1.472707	0.0
615.0	1.47257	0.0
620.0	1.472437	0.0
625.0	1.472307	0.0
630.0	1.472181	0.0
635.0	1.472057	0.0
640.0	1.471936	0.0
645.0	1.471818	0.0
650.0	1.471703	0.0
655.0	1.471591	0.0
660.0	1.471481	0.0
665.0	1.471373	0.0
670.0	1.471268	0.0
675.0	1.471166	0.0
680.0	1.471065	0.0
685.0	1.470967	0.0
690.0	1.470871	0.0
695.0	1.470778	0.0
700.0	1.470686	0.0
705.0	1.470596	0.0
710.0	1.470508	0.0
715.0	1.470422	0.0
720.0	1.470338	0.0
725.0	1.470255	0.0
730.0	1.470174	0.0
735.0	1.470095	0.0
740.0	1.470018	0.0
745.0	1.469942	0.0
750.0	1.469867	0.0
755.0	1.469794	0.0
760.0	1.469723	0.0
765.0	1.469653	0.0
770.0	1.469584	0.0
775.0	1.469517	0.0
780.0	1.469451	0.0
785.0	1.469386	0.0
790.0	1.469323	0.0
795.0	1.46926	0.0
800.0	1.469199	0.0
805.0	1.469139	0.0
810.0	1.46908	0.0
815.0	1.469023	0.0
820.0	1.468966	0.0
825.0	1.46891	0.0
830.0	1.468855	0.0
835.0	1.468802	0.0
840.0	1.468749	0.0
845.0	1.468697	0.0
850.0	1.468646	0.0
855.0	1.468597	0.0
860.0	1.468547	0.0
865.0	1.468499	0.0
870.0	1.468452	0.0
875.0	1.468405	0.0
880.0	1.46836	0.0
885.0	1.468315	0.0
890.0	1.46827	0.0
895.0	1.468227	0.0
900.0	1.468184	0.0
905.0	1.468142	0.0
910.0	1.468101	0.0
915.0	1.46806	0.0
920.0	1.46802	0.0
925.0	1.467981	0.0
930.0	1.467942	0.0
935.0	1.467904	0.0
940.0	1.467866	0.0
945.0	1.46783	0.0
950.0	1.467793	0.0
955.0	1.467758	0.0
960.0	1.467722	0.0
965.0	1.467688	0.0
970.0	1.467654	0.0
975.0	1.46762	0.0
980.0	1.467587	0.0
985.0	1.467555	0.0
990.0	1.467523	0.0
995.0	1.467491	0.0
1000.0	1.46746	0.0
1005.0	1.467429	0.0
1010.0	1.467399	0.0
1015.0	1.467369	0.0
1020.0	1.46734	0.0
1025.0	1.467311	0.0
1030.0	1.467283	0.0
1035.0	1.467255	0.0
1040.0	1.467227	0.0
1045.0	1.4672	0.0
1050.0	1.467173	0.0
1055.0	1.467147	0.0
1060.0	1.467121	0.0
1065.0	1.467095	0.0
1070.0	1.46707	0.0
1075.0	1.467045	0.0
1080.0	1.46702	0.0
1085.0	1.466996	0.0
1090.0	1.466972	0.0
1095.0	1.466949	0.0
1100.0	1.466925	0.0
1105.0	1.466902	0.0
1110.0	1.46688	0.0
1115.0	1.466857	0.0
1120.0	1.466835	0.0
1125.0	1.466813	0.0
1130.0	1.466792	0.0
1135.0	1.466771	0.0
1140.0	1.46675	0.0
1145.0	1.466729	0.0
1150.0	1.466709	0.0
1155.0	1.466689	0.0
1160.0	1.466669	0.0
1165.0	1.466649	0.0
1170.0	1.46663	0.0
1175.0	1.466611	0.0
1180.0	1.466592	0.0
1185.0	1.466574	0.0
1190.0	1.466555	0.0
1195.0	1.466537	0.0
1200.0	1.466519	0.0
1205.0	1.466502	0.0
1210.0	1.466484	0.0
1215.0	1.466467	0.0
1220.0	1.46645	0.0
1225.0	1.466433	0.0
1230.0	1.466416	0.0
1235.0	1.4664	0.0
1240.0	1.466384	0.0
1245.0	1.466368	0.0
1250.0	1.466352	0.0
1255.0	1.466336	0.0
1260.0	1.466321	0.0
1265.0	1.466306	0.0
1270.0	1.46629	0.0
1275.0	1.466276	0.0
1280.0	1.466261	0.0
1285.0	1.466246	0.0
1290.0	1.466232	0.0
1295.0	1.466218	0.0
1300.0	1.466204	0.0
1305.0	1.46619	0.0
1310.0	1.466176	0.0
1315.0	1.466162	0.0
1320.0	1.466149	0.0
1325.0	1.466136	0.0
1330.0	1.466123	0.0
1335.0	1.46611	0.0
1340.0	1.466097	0.0
1345.0	1.466084	0.0
1350.0	1.466071	0.0
1355.0	1.466059	0.0
1360.0	1.466047	0.0
1365.0	1.466035	0.0
1370.0	1.466023	0.0
1375.0	1.466011	0.0
1380.0	1.465999	0.0
1385.0	1.465987	0.0
1390.0	1.465976	0.0
1395.0	1.465965	0.0
1400.0	1.465953	0.0
1405.0	1.465942	0.0
1410.0	1.465931	0.0
1415.0	1.46592	0.0
1420.0	1.46591	0.0
1425.0	1.465899	0.0
1430.0	1.465888	0.0
1435.0	1.465878	0.0
1440.0	1.465868	0.0
1445.0	1.465857	0.0
1450.0	1.465847	0.0
1455.0	1.465837	0.0
1460.0	1.465827	0.0
1465.0	1.465818	0.0
1470.0	1.465808	0.0
1475.0	1.465798	0.0
1480.0	1.465789	0.0
1485.0	1.465779	0.0
1490.0	1.46577	0.0
1495.0	1.465761	0.0
1500.0	1.465752	0.0
1505.0	1.465743	0.0
1510.0	1.465734	0.0
1515.0	1.465725	0.0
1520.0	1.465716	0.0
1525.0	1.465707	0.0
1530.0	1.465699	0.0
1535.0	1.46569	0.0
1540.0	1.465682	0.0
1545.0	1.465673	0.0
1550.0	1.465665	0.0
1555.0	1.465657	0.0
1560.0	1.465649	0.0
1565.0	1.465641	0.0
1570.0	1.465633	0.0
1575.0	1.465625	0.0
1580.0	1.465617	0.0
1585.0	1.465609	0.0
1590.0	1.465602	0.0
1595.0	1.465594	0.0
1600.0	1.465587	0.0
1605.0	1.465579	0.0
1610.0	1.465572	0.0
1615.0	1.465564	0.0
1620.0	1.465557	0.0
1625.0	1.46555	0.0
1630.0	1.465543	0.0
1635.0	1.465536	0.0
1640.0	1.465529	0.0
1645.0	1.465522	0.0
1650.0	1.465515	0.0
1655.0	1.465508	0.0
1660.0	1.465502	0.0
1665.0	1.465495	0.0
1670.0	1.465488	0.0
1675.0	1.465482	0.0
1680.0	1.465475	0.0
1685.0	1.465469	0.0
1690.0	1.465462	0.0
1695.0	1.465456	0.0
1700.0	1.46545	0.0
1705.0	1.465444	0.0
1710.0	1.465438	0.0
1715.0	1.465431	0.0
1720.0	1.465425	0.0
1725.0	1.465419	0.0
1730.0	1.465413	0.0
1735.0	1.465408	0.0
1740.0	1.465402	0.0
1745.0	1.465396	0.0
1750.0	1.46539	0.0
1755.0	1.465385	0.0
1760.0	1.465379	0.0
1765.0	1.465373	0.0
1770.0	1.465368	0.0
1775.0	1.465362	0.0
1780.0	1.465357	0.0
1785.0	1.465351	0.0
1790.0	1.465346	0.0
1795.0	1.465341	0.0
1800.0	1.465335	0.0
1805.0	1.46533	0.0
1810.0	1.465325	0.0
1815.0	1.46532	0.0
1820.0	1.465315	0.0
1825.0	1.46531	0.0
1830.0	1.465305	0.0
1835.0	1.4653	0.0
1840.0	1.465295	0.0
1845.0	1.46529	0.0
1850.0	1.465285	0.0
1855.0	1.46528	0.0
1860.0	1.465275	0.0
1865.0	1.465271	0.0
1870.0	1.465266	0.0
1875.0	1.465261	0.0
1880.0	1.465257	0.0
1885.0	1.465252	0.0
1890.0	1.465248	0.0
1895.0	1.465243	0.0
1900.0	1.465239	0.0
1905.0	1.465234	0.0
1910.0	1.46523	0.0
1915.0	1.465225	0.0
1920.0	1.465221	0.0
1925.0	1.465217	0.0
1930.0	1.465212	0.0
1935.0	1.465208	0.0
1940.0	1.465204	0.0
1945.0	1.4652	0.0
1950.0	1.465196	0.0
1955.0	1.465192	0.0
1960.0	1.465187	0.0
1965.0	1.465183	0.0
1970.0	1.465179	0.0
1975.0	1.465175	0.0
1980.0	1.465171	0.0
1985.0	1.465167	0.0
1990.0	1.465164	0.0
1995.0	1.46516	0.0
2000.0	1.465156	0.0
2005.0	1.465152	0.0
2010.0	1.465148	0.0
2015.0	1.465145	0.0
2020.0	1.465141	0.0
2025.0	1.465137	0.0
2030.0	1.465133	0.0
2035.0	1.46513	0.0
2040.0	1.465126	0.0
2045.0	1.465123	0.0
2050.0	1.465119	0.0
2055.0	1.465115	0.0
2060.0	1.465112	0.0
2065.0	1.465108	0.0
2070.0	1.465105	0.0
2075.0	1.465102	0.0
2080.0	1.465098	0.0
2085.0	1.465095	0.0
2090.0	1.465091	0.0
2095.0	1.465088	0.0
2100.0	1.465085	0.0
2105.0	1.465081	0.0
2110.0	1.465078	0.0
2115.0	1.465075	0.0
2120.0	1.465072	0.0
2125.0	1.465069	0.0
2130.0	1.465065	0.0
2135.0	1.465062	0.0
2140.0	1.465059	0.0
2145.0	1.465056	0.0
2150.0	1.465053	0.0
2155.0	1.46505	0.0
2160.0	1.465047	0.0
2165.0	1.465044	0.0
2170.0	1.465041	0.0
2175.0	1.465038	0.0
2180.0	1.465035	0.0
2185.0	1.465032	0.0
2190.0	1.465029	0.0
2195.0	1.465026	0.0
2200.0	1.465023	0.0
2205.0	1.46502	0.0
2210.0	1.465017	0.0
2215.0	1.465015	0.0
2220.0	1.465012	0.0
2225.0	1.465009	0.0
2230.0	1.465006	0.0
2235.0	1.465003	0.0
2240.0	1.465001	0.0
2245.0	1.464998	0.0
2250.0	1.464995	0.0
2255.0	1.464993	0.0
2260.0	1.46499	0.0
2265.0	1.464987	0.0
2270.0	1.464985	0.0
2275.0	1.464982	0.0
2280.0	1.46498	0.0
2285.0	1.464977	0.0
2290.0	1.464974	0.0
2295.0	1.464972	0.0
2300.0	1.464969	0.0
2305.0	1.464967	0.0
2310.0	1.464964	0.0
2315.0	1.464962	0.0
2320.0	1.464959	0.0
2325.0	1.464957	0.0
2330.0	1.464955	0.0
2335.0	1.464952	0.0
2340.0	1.46495	0.0
2345.0	1.464947	0.0
2350.0	1.464945	0.0
2355.0	1.464943	0.0
2360.0	1.46494	0.0
2365.0	1.464938	0.0
2370.0	1.464936	0.0
2375.0	1.464933	0.0
2380.0	1.464931	0.0
2385.0	1.464929	0.0
2390.0	1.464927	0.0
2395.0	1.464924	0.0
2400.0	1.464922	0.0
2405.0	1.46492	0.0
2410.0	1.464918	0.0
2415.0	1.464916	0.0
2420.0	1.464913	0.0
2425.0	1.464911	0.0
2430.0	1.464909	0.0
2435.0	1.464907	0.0
2440.0	1.464905	0.0
2445.0	1.464903	0.0
2450.0	1.464901	0.0
2455.0	1.464899	0.0
2460.0	1.464897	0.0
2465.0	1.464895	0.0
2470.0	1.464892	0.0
2475.0	1.46489	0.0
2480.0	1.464888	0.0
2485.0	1.464886	0.0
2490.0	1.464884	0.0
2495.0	1.464882	0.0
2500.0	1.464881	0.0
2502.5	1.43025	8.0E-5
2505.01	1.43021	8.0E-5
2507.52	1.43017	8.0E-5
2510.04	1.43012	8.0E-5
2512.56	1.43008	8.0E-5
2515.09	1.43003	8.0E-5
2517.62	1.42999	8.0E-5
2520.16	1.42995	8.0E-5
2522.7	1.4299	8.0E-5
2525.25	1.42986	8.0E-5
2527.81	1.42981	8.0E-5
2530.36	1.42977	8.0E-5
2532.93	1.42972	8.0E-5
2535.5	1.42968	8.0E-5
2538.07	1.42963	8.0E-5
2540.65	1.42958	8.0E-5
2543.23	1.42954	8.0E-5
2545.82	1.42949	8.0E-5
2548.42	1.42945	8.0E-5
2551.02	1.4294	8.0E-5
2553.63	1.42935	8.0E-5
2556.24	1.42931	8.0E-5
2558.85	1.42926	8.0E-5
2561.48	1.42921	8.0E-5
2564.1	1.42917	8.0E-5
2566.74	1.42912	8.0E-5
2569.37	1.42907	8.0E-5
2572.02	1.42902	8.0E-5
2574.67	1.42898	8.0E-5
2577.32	1.42893	8.0E-5
2579.98	1.42888	8.0E-5
2582.64	1.42883	9.0E-5
2585.32	1.42878	9.0E-5
2587.99	1.42873	9.0E-5
2590.67	1.42869	9.0E-5
2593.36	1.42864	9.0E-5
2596.05	1.42859	9.0E-5
2598.75	1.42854	9.0E-5
2601.46	1.42849	9.0E-5
2604.17	1.42844	9.0E-5
2606.88	1.42839	9.0E-5
2609.6	1.42834	9.0E-5
2612.33	1.42829	9.0E-5
2615.06	1.42824	9.0E-5
2617.8	1.42819	9.0E-5
2620.55	1.42814	9.0E-5
2623.29	1.42809	9.0E-5
2626.05	1.42804	9.0E-5
2628.81	1.42799	9.0E-5
2631.58	1.42793	9.0E-5
2634.35	1.42788	9.0E-5
2637.13	1.42783	9.0E-5
2639.92	1.42778	9.0E-5
2642.71	1.42773	9.0E-5
2645.5	1.42767	9.0E-5
2648.31	1.42762	9.0E-5
2651.11	1.42757	9.0E-5
2653.93	1.42752	9.0E-5
2656.75	1.42746	9.0E-5
2659.57	1.42741	9.0E-5
2662.41	1.42736	9.0E-5
2665.25	1.4273	9.0E-5
2668.09	1.42725	9.0E-5
2670.94	1.4272	9.0E-5
2673.8	1.42714	9.0E-5
2676.66	1.42709	1.0E-4
2679.53	1.42703	1.0E-4
2682.4	1.42698	1.0E-4
2685.28	1.42692	1.0E-4
2688.17	1.42687	1.0E-4
2691.07	1.42681	1.0E-4
2693.97	1.42676	1.0E-4
2696.87	1.4267	1.0E-4
2699.78	1.42665	1.0E-4
2702.7	1.42659	1.0E-4
2705.63	1.42653	1.0E-4
2708.56	1.42648	1.0E-4
2711.5	1.42642	1.0E-4
2714.44	1.42636	1.0E-4
2717.39	1.42631	1.0E-4
2720.35	1.42625	1.0E-4
2723.31	1.42619	1.0E-4
2726.28	1.42614	1.0E-4
2729.26	1.42608	1.0E-4
2732.24	1.42602	1.0E-4
2735.23	1.42596	1.0E-4
2738.23	1.4259	1.0E-4
2741.23	1.42584	1.0E-4
2744.24	1.42578	1.0E-4
2747.25	1.42573	1.0E-4
2750.28	1.42567	1.0E-4
2753.3	1.42561	1.0E-4
2756.34	1.42555	1.0E-4
2759.38	1.42549	1.0E-4
2762.43	1.42543	1.0E-4
2765.49	1.42537	1.1E-4
2768.55	1.4253	1.1E-4
2771.62	1.42524	1.1E-4
2774.69	1.42518	1.1E-4
2777.78	1.42512	1.1E-4
2780.87	1.42506	1.1E-4
2783.96	1.425	1.1E-4
2787.07	1.42494	1.1E-4
2790.18	1.42487	1.1E-4
2793.3	1.42481	1.1E-4
2796.42	1.42475	1.1E-4
2799.55	1.42468	1.1E-4
2802.69	1.42462	1.1E-4
2805.84	1.42456	1.1E-4
2808.99	1.42449	1.1E-4
2812.15	1.42443	1.1E-4
2815.32	1.42437	1.1E-4
2818.49	1.4243	1.1E-4
2821.67	1.42424	1.1E-4
2824.86	1.42417	1.1E-4
2828.05	1.42411	1.1E-4
2831.26	1.42404	1.1E-4
2834.47	1.42398	1.1E-4
2837.68	1.42391	1.1E-4
2840.91	1.42384	1.1E-4
2844.14	1.42378	1.2E-4
2847.38	1.42371	1.2E-4
2850.63	1.42364	1.2E-4
2853.88	1.42358	1.2E-4
2857.14	1.42351	1.2E-4
2860.41	1.42344	1.2E-4
2863.69	1.42337	1.2E-4
2866.97	1.4233	1.2E-4
2870.26	1.42324	1.2E-4
2873.56	1.42317	1.2E-4
2876.87	1.4231	1.2E-4
2880.18	1.42303	1.2E-4
2883.51	1.42296	1.2E-4
2886.84	1.42289	1.2E-4
2890.17	1.42282	1.2E-4
2893.52	1.42275	1.2E-4
2896.87	1.42268	1.2E-4
2900.23	1.42261	1.2E-4
2903.6	1.42254	1.2E-4
2906.98	1.42246	1.2E-4
2910.36	1.42239	1.2E-4
2913.75	1.42232	1.2E-4
2917.15	1.42225	1.2E-4
2920.56	1.42218	1.3E-4
2923.98	1.4221	1.3E-4
2927.4	1.42203	1.3E-4
2930.83	1.42196	1.3E-4
2934.27	1.42188	1.3E-4
2937.72	1.42181	1.3E-4
2941.18	1.42173	1.3E-4
2944.64	1.42166	1.3E-4
2948.11	1.42158	1.3E-4
2951.59	1.42151	1.3E-4
2955.08	1.42143	1.3E-4
2958.58	1.42136	1.3E-4
2962.09	1.42128	1.3E-4
2965.6	1.4212	1.3E-4
2969.12	1.42113	1.3E-4
2972.65	1.42105	1.3E-4
2976.19	1.42097	1.3E-4
2979.74	1.42089	1.3E-4
2983.29	1.42082	1.3E-4
2986.86	1.42074	1.3E-4
2990.43	1.42066	1.3E-4
2994.01	1.42058	1.4E-4
2997.6	1.4205	1.4E-4
3001.2	1.42042	1.4E-4
3004.81	1.42034	1.4E-4
3008.42	1.42026	1.4E-4
3012.05	1.42018	1.4E-4
3015.68	1.4201	1.4E-4
3019.32	1.42002	1.4E-4
3022.97	1.41994	1.4E-4
3026.63	1.41985	1.4E-4
3030.3	1.41977	1.4E-4
3033.98	1.41969	1.4E-4
3037.67	1.41961	1.4E-4
3041.36	1.41952	1.4E-4
3045.07	1.41944	1.4E-4
3048.78	1.41935	1.4E-4
3052.5	1.41927	1.4E-4
3056.23	1.41918	1.4E-4
3059.98	1.4191	1.4E-4
3063.73	1.41901	1.5E-4
3067.48	1.41893	1.5E-4
3071.25	1.41884	1.5E-4
3075.03	1.41875	1.5E-4
3078.82	1.41867	1.5E-4
3082.61	1.41858	1.5E-4
3086.42	1.41849	1.5E-4
3090.23	1.4184	1.5E-4
3094.06	1.41832	1.5E-4
3097.89	1.41823	1.5E-4
3101.74	1.41814	1.5E-4
3105.59	1.41805	1.5E-4
3109.45	1.41796	1.5E-4
3113.33	1.41787	1.5E-4
3117.21	1.41778	1.5E-4
3121.1	1.41769	1.5E-4
3125.0	1.41759	1.5E-4
3128.91	1.4175	1.6E-4
3132.83	1.41741	1.6E-4
3136.76	1.41732	1.6E-4
3140.7	1.41722	1.6E-4
3144.65	1.41713	1.6E-4
3148.61	1.41704	1.6E-4
3152.59	1.41694	1.6E-4
3156.57	1.41685	1.6E-4
3160.56	1.41675	1.6E-4
3164.56	1.41666	1.6E-4
3168.57	1.41656	1.6E-4
3172.59	1.41646	1.6E-4
3176.62	1.41637	1.6E-4
3180.66	1.41627	1.6E-4
3184.71	1.41617	1.6E-4
3188.78	1.41607	1.7E-4
3192.85	1.41598	1.7E-4
3196.93	1.41588	1.7E-4
3201.02	1.41578	1.7E-4
3205.13	1.41568	1.7E-4
3209.24	1.41558	1.7E-4
3213.37	1.41548	1.7E-4
3217.5	1.41537	1.7E-4
3221.65	1.41527	1.7E-4
3225.81	1.41517	1.7E-4
3229.97	1.41507	1.7E-4
3234.15	1.41496	1.7E-4
3238.34	1.41486	1.7E-4
3242.54	1.41476	1.7E-4
3246.75	1.41465	1.8E-4
3250.98	1.41455	1.8E-4
3255.21	1.41444	1.8E-4
3259.45	1.41434	1.8E-4
3263.71	1.41423	1.8E-4
3267.97	1.41412	1.8E-4
3272.25	1.41401	1.8E-4
3276.54	1.41391	1.8E-4
3280.84	1.4138	1.8E-4
3285.15	1.41369	1.8E-4
3289.47	1.41358	1.8E-4
3293.81	1.41347	1.8E-4
3298.15	1.41336	1.8E-4
3302.51	1.41325	1.8E-4
3306.88	1.41314	1.9E-4
3311.26	1.41302	1.9E-4
3315.65	1.41291	1.9E-4
3320.05	1.4128	1.9E-4
3324.47	1.41269	1.9E-4
3328.89	1.41257	1.9E-4
3333.33	1.41246	1.9E-4
3337.78	1.41234	1.9E-4
3342.25	1.41223	1.9E-4
3346.72	1.41211	1.9E-4
3351.21	1.41199	1.9E-4
3355.7	1.41187	1.9E-4
3360.22	1.41176	2.0E-4
3364.74	1.41164	2.0E-4
3369.27	1.41152	2.0E-4
3373.82	1.4114	2.0E-4
3378.38	1.41128	2.0E-4
3382.95	1.41116	2.0E-4
3387.53	1.41104	2.0E-4
3392.13	1.41092	2.0E-4
3396.74	1.41079	2.0E-4
3401.36	1.41067	2.0E-4
3405.99	1.41055	2.0E-4
3410.64	1.41042	2.1E-4
3415.3	1.4103	2.1E-4
3419.97	1.41017	2.1E-4
3424.66	1.41004	2.1E-4
3429.36	1.40992	2.1E-4
3434.07	1.40979	2.1E-4
3438.79	1.40966	2.1E-4
3443.53	1.40953	2.1E-4
3448.28	1.4094	2.1E-4
3453.04	1.40927	2.1E-4
3457.81	1.40914	2.1E-4
3462.6	1.40901	2.2E-4
3467.41	1.40888	2.2E-4
3472.22	1.40875	2.2E-4
3477.05	1.40861	2.2E-4
3481.89	1.40848	2.2E-4
3486.75	1.40835	2.2E-4
3491.62	1.40821	2.2E-4
3496.5	1.40807	2.2E-4
3501.4	1.40794	2.2E-4
3506.31	1.4078	2.2E-4
3511.24	1.40766	2.3E-4
3516.17	1.40752	2.3E-4
3521.13	1.40738	2.3E-4
3526.09	1.40724	2.3E-4
3531.07	1.4071	2.3E-4
3536.07	1.40696	2.3E-4
3541.08	1.40682	2.3E-4
3546.1	1.40668	2.3E-4
3551.14	1.40653	2.3E-4
3556.19	1.40639	2.3E-4
3561.25	1.40624	2.4E-4
3566.33	1.4061	2.4E-4
3571.43	1.40595	2.4E-4
3576.54	1.4058	2.4E-4
3581.66	1.40566	2.4E-4
3586.8	1.40551	2.4E-4
3591.95	1.40536	2.4E-4
3597.12	1.40521	2.4E-4
3602.31	1.40505	2.4E-4
3607.5	1.4049	2.5E-4
3612.72	1.40475	2.5E-4
3617.95	1.4046	2.5E-4
3623.19	1.40444	2.5E-4
3628.45	1.40429	2.5E-4
3633.72	1.40413	2.5E-4
3639.01	1.40397	2.5E-4
3644.31	1.40381	2.5E-4
3649.64	1.40366	2.6E-4
3654.97	1.4035	2.6E-4
3660.32	1.40334	2.6E-4
3665.69	1.40317	2.6E-4
3671.07	1.40301	2.6E-4
3676.47	1.40285	2.6E-4
3681.89	1.40269	2.6E-4
3687.32	1.40252	2.6E-4
3692.76	1.40235	2.7E-4
3698.22	1.40219	2.7E-4
3703.7	1.40202	2.7E-4
3709.2	1.40185	2.7E-4
3714.71	1.40168	2.7E-4
3720.24	1.40151	2.7E-4
3725.78	1.40134	2.7E-4
3731.34	1.40117	2.7E-4
3736.92	1.401	2.8E-4
3742.51	1.40082	2.8E-4
3748.13	1.40065	2.8E-4
3753.75	1.40047	2.8E-4
3759.4	1.40029	2.8E-4
3765.06	1.40012	2.8E-4
3770.74	1.39994	2.8E-4
3776.44	1.39976	2.9E-4
3782.15	1.39958	2.9E-4
3787.88	1.39939	2.9E-4
3793.63	1.39921	2.9E-4
3799.39	1.39903	2.9E-4
3805.18	1.39884	2.9E-4
3810.98	1.39865	2.9E-4
3816.79	1.39847	3.0E-4
3822.63	1.39828	3.0E-4
3828.48	1.39809	3.0E-4
3834.36	1.3979	3.0E-4
3840.25	1.39771	3.0E-4
3846.15	1.39751	3.0E-4
3852.08	1.39732	3.1E-4
3858.02	1.39713	3.1E-4
3863.99	1.39693	3.1E-4
3869.97	1.39673	3.1E-4
3875.97	1.39653	3.1E-4
3881.99	1.39633	3.1E-4
3888.02	1.39613	3.1E-4
3894.08	1.39593	3.2E-4
3900.16	1.39573	3.2E-4
3906.25	1.39552	3.2E-4
3912.36	1.39532	3.2E-4
3918.5	1.39511	3.2E-4
3924.65	1.3949	3.2E-4
3930.82	1.39469	3.3E-4
3937.01	1.39448	3.3E-4
3943.22	1.39427	3.3E-4
3949.45	1.39406	3.3E-4
3955.7	1.39384	3.3E-4
3961.97	1.39363	3.4E-4
3968.25	1.39341	3.4E-4
3974.56	1.39319	3.4E-4
3980.89	1.39297	3.4E-4
3987.24	1.39275	3.4E-4
3993.61	1.39253	3.4E-4
4000.0	1.39231	3.5E-4
4006.41	1.39208	3.5E-4
4012.84	1.39186	3.5E-4
4019.29	1.39163	3.5E-4
4025.76	1.3914	3.5E-4
4032.26	1.39117	3.6E-4
4038.77	1.39094	3.6E-4
4045.31	1.3907	3.6E-4
4051.86	1.39047	3.6E-4
4058.44	1.39023	3.6E-4
4065.04	1.38999	3.7E-4
4071.66	1.38975	3.7E-4
4078.3	1.38951	3.7E-4
4084.97	1.38927	3.7E-4
4091.65	1.38903	3.7E-4
4098.36	1.38878	3.8E-4
4105.09	1.38853	3.8E-4
4111.84	1.38828	3.8E-4
4118.62	1.38803	3.8E-4
4125.41	1.38778	3.8E-4
4132.23	1.38753	3.9E-4
4139.07	1.38727	3.9E-4
4145.94	1.38702	3.9E-4
4152.82	1.38676	3.9E-4
4159.73	1.3865	3.9E-4
4166.67	1.38623	4.0E-4
4173.62	1.38597	4.0E-4
4180.6	1.38571	4.0E-4
4187.6	1.38544	4.0E-4
4194.63	1.38517	4.1E-4
4201.68	1.3849	4.1E-4
4208.75	1.38463	4.1E-4
4215.85	1.38435	4.1E-4
4222.97	1.38408	4.2E-4
4230.12	1.3838	4.2E-4
4237.29	1.38352	4.2E-4
4244.48	1.38324	4.2E-4
4251.7	1.38295	4.3E-4
4258.94	1.38267	4.3E-4
4266.21	1.38238	4.3E-4
4273.5	1.38209	4.3E-4
4280.82	1.3818	4.4E-4
4288.16	1.3815	4.4E-4
4295.53	1.38121	4.4E-4
4302.93	1.38091	4.4E-4
4310.34	1.38061	4.5E-4
4317.79	1.38031	4.5E-4
4325.26	1.38	4.5E-4
4332.76	1.3797	4.5E-4
4340.28	1.37939	4.6E-4
4347.83	1.37908	4.6E-4
4355.4	1.37877	4.6E-4
4363.0	1.37845	4.7E-4
4370.63	1.37813	4.7E-4
4378.28	1.37782	4.7E-4
4385.96	1.37749	4.7E-4
4393.67	1.37717	4.8E-4
4401.41	1.37684	4.8E-4
4409.17	1.37651	4.8E-4
4416.96	1.37618	4.9E-4
4424.78	1.37585	4.9E-4
4432.62	1.37551	4.9E-4
4440.5	1.37518	4.9E-4
4448.4	1.37484	5.0E-4
4456.33	1.37449	5.0E-4
4464.29	1.37415	5.0E-4
4472.27	1.3738	5.1E-4
4480.29	1.37345	5.1E-4
4488.33	1.37309	5.1E-4
4496.4	1.37274	5.2E-4
4504.5	1.37238	5.2E-4
4512.64	1.37202	5.2E-4
4520.8	1.37165	5.3E-4
4528.99	1.37129	5.3E-4
4537.21	1.37092	5.3E-4
4545.45	1.37054	5.4E-4
4553.73	1.37017	5.4E-4
4562.04	1.36979	5.4E-4
4570.38	1.36941	5.5E-4
4578.75	1.36902	5.5E-4
4587.16	1.36864	5.5E-4
4595.59	1.36825	5.6E-4
4604.05	1.36785	5.6E-4
4612.55	1.36746	5.7E-4
4621.07	1.36706	5.7E-4
4629.63	1.36665	5.7E-4
4638.22	1.36625	5.8E-4
4646.84	1.36584	5.8E-4
4655.49	1.36543	5.8E-4
4664.18	1.36501	5.9E-4
4672.9	1.36459	5.9E-4
4681.65	1.36417	6.0E-4
4690.43	1.36374	6.0E-4
4699.25	1.36331	6.0E-4
4708.1	1.36288	6.1E-4
4716.98	1.36245	6.1E-4
4725.9	1.36201	6.2E-4
4734.85	1.36156	6.2E-4
4743.83	1.36112	6.2E-4
4752.85	1.36066	6.3E-4
4761.9	1.36021	6.3E-4
4770.99	1.35975	6.4E-4
4780.11	1.35929	6.4E-4
4789.27	1.35882	6.5E-4
4798.46	1.35835	6.5E-4
4807.69	1.35788	6.6E-4
4816.96	1.3574	6.6E-4
4826.25	1.35692	6.7E-4
4835.59	1.35643	6.7E-4
4844.96	1.35594	6.7E-4
4854.37	1.35545	6.8E-4
4863.81	1.35495	6.8E-4
4873.29	1.35445	6.9E-4
4882.81	1.35394	6.9E-4
4892.37	1.35343	7.0E-4
4901.96	1.35291	7.0E-4
4911.59	1.35239	7.1E-4
4921.26	1.35186	7.1E-4
4930.97	1.35133	7.2E-4
4940.71	1.3508	7.3E-4
4950.5	1.35026	7.3E-4
4960.32	1.34971	7.4E-4
4970.18	1.34916	7.4E-4
4980.08	1.34861	7.5E-4
4990.02	1.34805	7.5E-4
5000.0	1.34748	7.6E-4
5010.02	1.34691	7.6E-4
5020.08	1.34633	7.7E-4
5030.18	1.34575	7.8E-4
5040.32	1.34517	7.8E-4
5050.51	1.34457	7.9E-4
5060.73	1.34398	7.9E-4
5070.99	1.34337	8.0E-4
5081.3	1.34276	8.1E-4
5091.65	1.34215	8.1E-4
5102.04	1.34153	8.2E-4
5112.47	1.3409	8.2E-4
5122.95	1.34027	8.3E-4
5133.47	1.33963	8.4E-4
5144.03	1.33899	8.4E-4
5154.64	1.33833	8.5E-4
5165.29	1.33768	8.6E-4
5175.98	1.33701	8.6E-4
5186.72	1.33634	8.7E-4
5197.51	1.33566	8.8E-4
5208.33	1.33498	8.9E-4
5219.21	1.33429	8.9E-4
5230.13	1.33359	9.0E-4
5241.09	1.33288	9.1E-4
5252.1	1.33217	9.1E-4
5263.16	1.33145	9.2E-4
5274.26	1.33072	9.3E-4
5285.41	1.32999	9.4E-4
5296.61	1.32924	9.5E-4
5307.86	1.32849	9.5E-4
5319.15	1.32774	9.6E-4
5330.49	1.32697	9.7E-4
5341.88	1.32619	9.8E-4
5353.32	1.32541	9.9E-4
5364.81	1.32462	9.9E-4
5376.34	1.32382	0.0010
5387.93	1.32301	0.00101
5399.57	1.32219	0.00102
5411.26	1.32137	0.00103
5422.99	1.32053	0.00104
5434.78	1.31969	0.00105
5446.62	1.31883	0.00106
5458.52	1.31797	0.00107
5470.46	1.3171	0.00108
5482.46	1.31621	0.00109
5494.51	1.31532	0.0011
5506.61	1.31442	0.00111
5518.76	1.3135	0.00112
5530.97	1.31258	0.00113
5543.24	1.31164	0.00114
5555.56	1.31069	0.00115
5567.93	1.30974	0.00116
5580.36	1.30877	0.00117
5592.84	1.30779	0.00118
5605.38	1.30679	0.00119
5617.98	1.30579	0.0012
5630.63	1.30477	0.00121
5643.34	1.30374	0.00122
5656.11	1.3027	0.00124
5668.93	1.30165	0.00125
5681.82	1.30058	0.00126
5694.76	1.2995	0.00127
5707.76	1.2984	0.00129
5720.82	1.2973	0.0013
5733.94	1.29617	0.00131
5747.13	1.29504	0.00132
5760.37	1.29388	0.00134
5773.67	1.29272	0.00135
5787.04	1.29154	0.00137
5800.46	1.29034	0.00138
5813.95	1.28912	0.00139
5827.51	1.28789	0.00141
5841.12	1.28665	0.00142
5854.8	1.28538	0.00144
5868.54	1.2841	0.00145
5882.35	1.28281	0.00147
5896.23	1.28149	0.00149
5910.17	1.28016	0.0015
5924.17	1.2788	0.00152
5938.24	1.27743	0.00153
5952.38	1.27604	0.00155
5966.59	1.27463	0.00157
5980.86	1.27319	0.00159
5995.2	1.27174	0.0016
6009.62	1.27027	0.00162
6024.1	1.26877	0.00164
6038.65	1.26725	0.00166
6053.27	1.26571	0.00168
6067.96	1.26415	0.0017
6082.73	1.26256	0.00172
6097.56	1.26095	0.00174
6112.47	1.25931	0.00176
6127.45	1.25764	0.00178
6142.51	1.25595	0.00181
6157.64	1.25424	0.00183
6172.84	1.25249	0.00185
6188.12	1.25072	0.00187
6203.47	1.24892	0.0019
6218.91	1.24709	0.00192
6234.41	1.24523	0.00195
6250.0	1.24334	0.00197
6265.66	1.24141	0.0020
6281.41	1.23946	0.00203
6297.23	1.23747	0.00205
6313.13	1.23544	0.00208
6329.11	1.23338	0.00211
6345.18	1.23128	0.00214
6361.32	1.22915	0.00217
6377.55	1.22698	0.0022
6393.86	1.22476	0.00223
6410.26	1.22251	0.00227
6426.74	1.22022	0.0023
6443.3	1.21788	0.00233
6459.95	1.21549	0.00237
6476.68	1.21307	0.00241
6493.51	1.21059	0.00244
6510.42	1.20807	0.00248
6527.42	1.20549	0.00252
6544.5	1.20286	0.00256
6561.68	1.20019	0.00261
6578.95	1.19745	0.00265
6596.31	1.19466	0.00269
6613.76	1.19181	0.00274
6631.3	1.1889	0.00279
6648.94	1.18593	0.00284
6666.67	1.18289	0.00289
6684.49	1.17978	0.00295
6702.41	1.17661	0.0030
6720.43	1.17336	0.00306
6738.54	1.17004	0.00312
6756.76	1.16664	0.00318
6775.07	1.16316	0.00325
6793.48	1.1596	0.00331
6811.99	1.15595	0.00339
6830.6	1.15221	0.00346
6849.32	1.14838	0.00354
6868.13	1.14445	0.00362
6887.05	1.14042	0.0037
6906.08	1.13628	0.00379
6925.21	1.13204	0.00389
6944.44	1.12767	0.00398
6963.79	1.12319	0.00409
6983.24	1.11858	0.0042
7002.8	1.11384	0.00432
7022.47	1.10896	0.00444
7042.25	1.10394	0.00457
7062.15	1.09877	0.00471
7082.15	1.09343	0.00486
7102.27	1.08793	0.00502
7122.51	1.08225	0.0052
7142.86	1.07639	0.00538
7163.32	1.07032	0.00558
7183.91	1.06406	0.0058
7204.61	1.05757	0.00603
7225.43	1.05085	0.00629
7246.38	1.04388	0.00657
7267.44	1.03665	0.00688
7288.63	1.02913	0.00722
7309.94	1.02132	0.00759
7331.38	1.01319	0.0080
7352.94	1.00472	0.00846
7374.63	0.99589	0.00898
7396.45	0.98666	0.00956
7418.4	0.977	0.01022
7440.48	0.96689	0.01096
7462.69	0.95629	0.01181
7485.03	0.94515	0.01278
7507.51	0.93343	0.0139
7530.12	0.92108	0.0152
7552.87	0.90804	0.01672
7575.76	0.89424	0.01849
7598.78	0.87963	0.02058
7621.95	0.86413	0.02307
7645.26	0.84764	0.02603
7668.71	0.8301	0.02959
7692.31	0.8114	0.03388
7716.05	0.79147	0.03908
7739.94	0.77021	0.04543
7763.98	0.74758	0.05319
7788.16	0.72356	0.06272
7812.5	0.69819	0.07443
7836.99	0.67163	0.08881
7861.64	0.64421	0.10639
7886.44	0.61646	0.1277
7911.39	0.58921	0.15315
7936.51	0.56351	0.18289
7961.78	0.54054	0.21658
7987.22	0.52132	0.2534
8012.82	0.50638	0.29212
8038.59	0.49564	0.33153
8064.52	0.4886	0.37072
8090.61	0.48459	0.40924
8116.88	0.48309	0.44699
8143.32	0.48386	0.48403
8169.93	0.48688	0.52033
8196.72	0.49223	0.55563
8223.68	0.49989	0.58946
8250.83	0.50958	0.6212
8278.15	0.52066	0.65024
8305.65	0.53216	0.67628
8333.33	0.54295	0.69945
8361.2	0.55206	0.72038
8389.26	0.55888	0.74006
8417.51	0.56333	0.75958
8445.95	0.56586	0.7798
8474.58	0.56717	0.80107
8503.4	0.56782	0.82306
8532.42	0.56761	0.84504
8561.64	0.56528	0.86671
8591.07	0.55926	0.88913
8620.69	0.54901	0.91466
8650.52	0.53562	0.94547
8680.56	0.52092	0.9826
8710.8	0.50643	1.02616
8741.26	0.49305	1.07603
8771.93	0.48134	1.13242
8802.82	0.47204	1.19597
8833.92	0.46639	1.26754
8865.25	0.46637	1.34784
8896.8	0.47462	1.43703
8928.57	0.49418	1.53432
8960.57	0.52817	1.6378
8992.81	0.57931	1.74424
9025.27	0.64924	1.84907
9057.97	0.73752	1.94684
9090.91	0.84093	2.03267
9124.09	0.95412	2.10448
9157.51	1.0725	2.16419
9191.18	1.19557	2.21577
9225.09	1.32733	2.26057
9259.26	1.47188	2.29387
9293.68	1.62714	2.30736
9328.36	1.78426	2.29703
9363.3	1.93544	2.26706
9398.5	2.08084	2.2235
9433.96	2.22394	2.16431
9469.7	2.35725	2.0846
9505.7	2.47376	1.99475
9541.98	2.5828	1.89944
9578.54	2.68488	1.78965
9615.38	2.76898	1.66503
9652.51	2.83031	1.53603
9689.92	2.87413	1.41089
9727.63	2.90744	1.28965
9765.63	2.93182	1.1682
9803.92	2.94379	1.04494
9842.52	2.93983	0.92326
9881.42	2.92035	0.80887
9920.63	2.88951	0.70568
9960.16	2.85225	0.61411
10000.0	2.8118	0.53217
10040.16	2.76904	0.45759
10080.65	2.72354	0.38927
10121.46	2.6749	0.32737
10162.6	2.62348	0.27266
10204.08	2.5704	0.22569
10245.9	2.51707	0.18645
10288.07	2.46479	0.15438
10330.58	2.41454	0.12857
10373.44	2.36687	0.10802
10416.67	2.32206	0.09175
10460.25	2.28013	0.07893
10504.2	2.24098	0.06886
10548.52	2.20442	0.061
10593.22	2.17023	0.05492
10638.3	2.13818	0.05029
10683.76	2.10805	0.04686
10729.61	2.07964	0.04446
10775.86	2.05275	0.04296
10822.51	2.02724	0.04228
10869.57	2.00296	0.04236
10917.03	1.9798	0.04317
10964.91	1.95769	0.04471
11013.22	1.93656	0.04696
11061.95	1.9164	0.04995
11111.11	1.89719	0.05366
11160.71	1.87896	0.05809
11210.76	1.86174	0.0632
11261.26	1.84556	0.06894
11312.22	1.83045	0.07525
11363.64	1.8164	0.08204
11415.53	1.80341	0.08924
11467.89	1.79143	0.09678
11520.74	1.78044	0.10464
11574.07	1.77039	0.11281
11627.91	1.76132	0.12133
11682.24	1.75327	0.13019
11737.09	1.74636	0.1394
11792.45	1.74074	0.14885
11848.34	1.73652	0.15839
11904.76	1.73378	0.16778
11961.72	1.73248	0.17672
12019.23	1.73247	0.18498
12077.29	1.73352	0.19237
12135.92	1.73537	0.19887
12195.12	1.73783	0.20453
12254.9	1.74082	0.20949
12315.27	1.74439	0.21381
12376.24	1.74866	0.21746
12437.81	1.75367	0.22019
12500.0	1.7593	0.22171
12562.81	1.76517	0.22183
12626.26	1.77085	0.22064
12690.36	1.7761	0.21842
12755.1	1.78091	0.21548
12820.51	1.78543	0.21195
12886.6	1.78975	0.2078
12953.37	1.7939	0.20292
13020.83	1.79774	0.19719
13089.01	1.80107	0.19056
13157.89	1.80364	0.18315
13227.51	1.80528	0.17513
13297.87	1.80591	0.16676
13368.98	1.80555	0.15829
13440.86	1.80433	0.14989
13513.51	1.80239	0.14169
13586.96	1.79987	0.13369
13661.2	1.79685	0.12588
13736.26	1.79339	0.11821
13812.15	1.78948	0.11065
13888.89	1.78507	0.10319
13966.48	1.78013	0.09586
14044.94	1.77462	0.08873
14124.29	1.76854	0.08189
14204.55	1.76192	0.07544
14285.71	1.75483	0.06946
15285.71	1.75483	0.06946
