280	1.6547E+00	5.1305E-06
285	1.6547E+00	5.1305E-06
290	1.6547E+00	5.1305E-06
295	1.6547E+00	5.1305E-06
300	1.6547E+00	5.1305E-06
305	1.6547E+00	5.1305E-06
310	1.6547E+00	5.1305E-06
315	1.6547E+00	5.1305E-06
320	1.6547E+00	5.1305E-06
325	1.6547E+00	5.1305E-06
330	1.6547E+00	5.1305E-06
335	1.6547E+00	5.1305E-06
340	1.6547E+00	5.1305E-06
345	1.6547E+00	5.1305E-06
350	1.6547E+00	5.1305E-06
355	1.6530E+00	3.8739E-06
360	1.6514E+00	2.6173E-06
365	1.6497E+00	1.3607E-06
370	1.6481E+00	9.4044E-07
375	1.6466E+00	7.2152E-07
380	1.6453E+00	5.026E-07
385	1.6440E+00	3.82095E-07
390	1.6427E+00	2.6159E-07
395	1.6414E+00	2.12175E-07
400	1.6404E+00	1.6276E-07
405	1.6393E+00	1.3583E-07
410	1.6382E+00	1.19076E-07
415	1.6371E+00	1.02323E-07
420	1.6362E+00	8.5569E-08
425	1.6353E+00	7.87978E-08
430	1.6344E+00	7.20265E-08
435	1.6335E+00	6.52553E-08
440	1.6327E+00	6.09357E-08
445	1.6320E+00	5.7229E-08
450	1.6312E+00	5.35223E-08
455	1.6304E+00	4.98157E-08
460	1.6297E+00	4.6109E-08
465	1.6291E+00	4.35543E-08
470	1.6284E+00	4.09995E-08
475	1.6278E+00	3.84448E-08
480	1.6271E+00	3.589E-08
485	1.6266E+00	3.33353E-08
490	1.6260E+00	3.07805E-08
495	1.6254E+00	2.82258E-08
500	1.6249E+00	2.5671E-08
505	1.6244E+00	2.43981E-08
510	1.6239E+00	2.31251E-08
515	1.6234E+00	2.18522E-08
520	1.6229E+00	2.05793E-08
525	1.6225E+00	1.93063E-08
530	1.6220E+00	1.80334E-08
535	1.6216E+00	1.67605E-08
540	1.6212E+00	1.54875E-08
545	1.6208E+00	1.42146E-08
550	1.6204E+00	1.40622E-08
555	1.6200E+00	1.419E-08
560	1.6196E+00	1.43178E-08
565	1.6192E+00	1.44456E-08
570	1.6189E+00	1.45734E-08
575	1.6186E+00	1.47012E-08
580	1.6182E+00	1.4829E-08
585	1.6179E+00	1.54547E-08
590	1.6176E+00	1.60805E-08
595	1.6173E+00	1.67062E-08
600	1.6170E+00	1.7332E-08
605	1.6167E+00	1.79577E-08
610	1.6164E+00	1.85835E-08
615	1.6161E+00	1.92092E-08
620	1.6158E+00	1.9835E-08
625	1.6156E+00	1.97298E-08
630	1.6153E+00	1.96245E-08
635	1.6150E+00	1.95193E-08
640	1.6148E+00	1.9414E-08
645	1.6146E+00	1.93088E-08
650	1.6143E+00	1.92035E-08
655	1.6141E+00	1.90983E-08
660	1.6139E+00	1.8993E-08
665	1.6136E+00	1.8295E-08
670	1.6134E+00	1.7597E-08
675	1.6132E+00	1.6899E-08
680	1.6130E+00	1.6201E-08
685	1.6128E+00	1.5503E-08
690	1.6126E+00	1.4805E-08
695	1.6124E+00	1.4107E-08
700	1.6122E+00	1.3409E-08
705	1.6120E+00	1.3552E-08
710	1.6118E+00	1.36949E-08
715	1.6116E+00	1.38379E-08
720	1.6114E+00	1.39808E-08
725	1.6113E+00	1.41238E-08
730	1.6111E+00	1.42667E-08
735	1.6109E+00	1.44097E-08
740	1.6107E+00	1.45527E-08
745	1.6106E+00	1.46956E-08
750	1.6104E+00	1.48386E-08
755	1.6103E+00	1.49815E-08
760	1.6101E+00	1.51245E-08
765	1.6099E+00	1.52675E-08
770	1.6098E+00	1.54104E-08
775	1.6096E+00	1.55534E-08
780	1.6095E+00	1.56963E-08
785	1.6093E+00	1.58393E-08
790	1.6092E+00	1.59822E-08
795	1.6091E+00	1.61252E-08
800	1.6089E+00	1.62682E-08
805	1.6088E+00	1.64111E-08
810	1.6087E+00	1.65541E-08
815	1.6085E+00	1.6697E-08
820	1.6084E+00	1.684E-08
825	1.6083E+00	1.6983E-08
830	1.6081E+00	1.71259E-08
835	1.6080E+00	1.72689E-08
840	1.6079E+00	1.74118E-08
845	1.6078E+00	1.75548E-08
850	1.6076E+00	1.76977E-08
855	1.6075E+00	1.78407E-08
860	1.6074E+00	1.79837E-08
865	1.6073E+00	1.81266E-08
870	1.6072E+00	1.82696E-08
875	1.6071E+00	1.84125E-08
880	1.6070E+00	1.85555E-08
885	1.6068E+00	1.86985E-08
890	1.6067E+00	1.88414E-08
895	1.6066E+00	1.89844E-08
900	1.6065E+00	1.91273E-08
905	1.6064E+00	1.92703E-08
910	1.6063E+00	1.94132E-08
915	1.6062E+00	1.95562E-08
920	1.6061E+00	1.96992E-08
925	1.6060E+00	1.98421E-08
930	1.6059E+00	1.99851E-08
935	1.6058E+00	2.0128E-08
940	1.6057E+00	2.0271E-08
945	1.6056E+00	2.0414E-08
950	1.6055E+00	2.05569E-08
955	1.6054E+00	2.06999E-08
960	1.6053E+00	2.08428E-08
965	1.6052E+00	2.09858E-08
970	1.6051E+00	2.11287E-08
975	1.6050E+00	2.12717E-08
980	1.6050E+00	2.14147E-08
985	1.6049E+00	2.15576E-08
990	1.6048E+00	2.17006E-08
995	1.6047E+00	2.18435E-08
1000	1.6046E+00	2.19865E-08
1005	1.6045E+00	2.21295E-08
1010	1.6044E+00	2.22724E-08
1015	1.6043E+00	2.24154E-08
1020	1.6043E+00	2.25583E-08
1025	1.6042E+00	2.27013E-08
1030	1.6041E+00	2.28442E-08
1035	1.6040E+00	2.29872E-08
1040	1.6039E+00	2.31302E-08
1045	1.6038E+00	2.32731E-08
1050	1.6038E+00	2.34161E-08
1055	1.6037E+00	2.3559E-08
1060	1.6036E+00	2.3702E-08
1065	1.6035E+00	2.44966E-08
1070	1.6034E+00	2.52911E-08
1075	1.6034E+00	2.60857E-08
1080	1.6033E+00	2.68802E-08
1085	1.6032E+00	2.76748E-08
1090	1.6031E+00	2.84693E-08
1095	1.6031E+00	2.92639E-08
1100	1.6030E+00	3.00584E-08
1105	1.6029E+00	3.0853E-08
1110	1.6028E+00	3.16475E-08
1115	1.6028E+00	3.24421E-08
1120	1.6027E+00	3.32366E-08
1125	1.6026E+00	3.40312E-08
1130	1.6025E+00	3.48257E-08
1135	1.6025E+00	3.56203E-08
1140	1.6024E+00	3.64149E-08
1145	1.6023E+00	3.72094E-08
1150	1.6022E+00	3.8004E-08
1155	1.6022E+00	3.87985E-08
1160	1.6021E+00	3.95931E-08
1165	1.6020E+00	4.03876E-08
1170	1.6019E+00	4.11822E-08
1175	1.6019E+00	4.19767E-08
1180	1.6018E+00	4.27713E-08
1185	1.6017E+00	4.35658E-08
1190	1.6017E+00	4.43604E-08
1195	1.6016E+00	4.51549E-08
1200	1.6015E+00	4.59495E-08
1205	1.6015E+00	4.6744E-08
1210	1.6014E+00	4.75386E-08
1215	1.6013E+00	4.83331E-08
1220	1.6012E+00	4.91277E-08
1225	1.6012E+00	4.99223E-08
1230	1.6011E+00	5.07168E-08
1235	1.6010E+00	5.15114E-08
1240	1.6010E+00	5.23059E-08
1245	1.6009E+00	5.31005E-08
1250	1.6008E+00	5.3895E-08
1255	1.6008E+00	5.46896E-08
1260	1.6007E+00	5.54841E-08
1265	1.6006E+00	5.62787E-08
1270	1.6006E+00	5.70732E-08
1275	1.6005E+00	5.78678E-08
1280	1.6004E+00	5.86623E-08
1285	1.6004E+00	5.94569E-08
1290	1.6003E+00	6.02514E-08
1295	1.6002E+00	6.1046E-08
1300	1.6002E+00	6.18406E-08
1305	1.6001E+00	6.26351E-08
1310	1.6000E+00	6.34297E-08
1315	1.6000E+00	6.42242E-08
1320	1.5999E+00	6.50188E-08
1325	1.5998E+00	6.58133E-08
1330	1.5998E+00	6.66079E-08
1335	1.5997E+00	6.74024E-08
1340	1.5997E+00	6.8197E-08
1345	1.5996E+00	6.89915E-08
1350	1.5995E+00	6.97861E-08
1355	1.5995E+00	7.05806E-08
1360	1.5994E+00	7.13752E-08
1365	1.5993E+00	7.21697E-08
1370	1.5993E+00	7.29643E-08
1375	1.5992E+00	7.37589E-08
1380	1.5991E+00	7.45534E-08
1385	1.5991E+00	7.5348E-08
1390	1.5990E+00	7.61425E-08
1395	1.5989E+00	7.69371E-08
1400	1.5989E+00	7.77316E-08
1405	1.5988E+00	7.85262E-08
1410	1.5988E+00	7.93207E-08
1415	1.5987E+00	8.01153E-08
1420	1.5986E+00	8.09098E-08
1425	1.5986E+00	8.17044E-08
1430	1.5985E+00	8.24989E-08
1435	1.5984E+00	8.32935E-08
1440	1.5984E+00	8.4088E-08
1445	1.5983E+00	8.48826E-08
1450	1.5982E+00	8.56771E-08
1455	1.5982E+00	8.64717E-08
1460	1.5981E+00	8.72663E-08
1465	1.5981E+00	8.80608E-08
1470	1.5980E+00	8.88554E-08
1475	1.5979E+00	8.96499E-08
1480	1.5979E+00	9.04445E-08
1485	1.5978E+00	9.1239E-08
1490	1.5977E+00	9.20336E-08
1495	1.5977E+00	9.28281E-08
1500	1.5976E+00	9.36227E-08
1505	1.5975E+00	9.44172E-08
1510	1.5975E+00	9.52118E-08
1515	1.5974E+00	9.60063E-08
1520	1.5974E+00	9.68009E-08
1525	1.5973E+00	9.75954E-08
1530	1.5972E+00	9.839E-08
1535	1.5972E+00	1.0478E-07
1540	1.5971E+00	1.11169E-07
1545	1.5970E+00	1.17559E-07
1550	1.5970E+00	1.23949E-07
1555	1.5969E+00	1.30338E-07
1560	1.5968E+00	1.36728E-07
1565	1.5968E+00	1.43118E-07
1570	1.5967E+00	1.49507E-07
1575	1.5967E+00	1.55897E-07
1580	1.5966E+00	1.62287E-07
1585	1.5965E+00	1.68676E-07
1590	1.5965E+00	1.75066E-07
1595	1.5964E+00	1.81456E-07
1600	1.5963E+00	1.87845E-07
1605	1.5963E+00	1.94235E-07
1610	1.5962E+00	2.00625E-07
1615	1.5961E+00	2.07014E-07
1620	1.5961E+00	2.13404E-07
1625	1.5960E+00	2.19794E-07
1630	1.5959E+00	2.26183E-07
1635	1.5959E+00	2.32573E-07
1640	1.5958E+00	2.38962E-07
1645	1.5958E+00	2.45352E-07
1650	1.5957E+00	2.51742E-07
1655	1.5956E+00	2.58131E-07
1660	1.5956E+00	2.64521E-07
1665	1.5955E+00	2.70911E-07
1670	1.5954E+00	2.773E-07
1675	1.5954E+00	2.8369E-07
1680	1.5953E+00	2.9008E-07
1685	1.5952E+00	2.96469E-07
1690	1.5952E+00	3.02859E-07
1695	1.5951E+00	3.09249E-07
1700	1.5950E+00	3.15638E-07
1705	1.5950E+00	3.22028E-07
1710	1.5949E+00	3.28418E-07
1715	1.5948E+00	3.34807E-07
1720	1.5948E+00	3.41197E-07
1725	1.5947E+00	3.47587E-07
1730	1.5946E+00	3.53976E-07
1735	1.5946E+00	3.60366E-07
1740	1.5945E+00	3.66756E-07
1745	1.5944E+00	3.73145E-07
1750	1.5944E+00	3.79535E-07
1755	1.5943E+00	3.85925E-07
1760	1.5943E+00	3.92314E-07
1765	1.5942E+00	3.98704E-07
1770	1.5941E+00	4.05094E-07
1775	1.5941E+00	4.11483E-07
1780	1.5940E+00	4.17873E-07
1785	1.5939E+00	4.24263E-07
1790	1.5939E+00	4.30652E-07
1795	1.5938E+00	4.37042E-07
1800	1.5937E+00	4.43432E-07
1805	1.5936E+00	4.49821E-07
1810	1.5936E+00	4.56211E-07
1815	1.5935E+00	4.62601E-07
1820	1.5934E+00	4.6899E-07
1825	1.5934E+00	4.7538E-07
1830	1.5933E+00	4.8177E-07
1835	1.5932E+00	4.88159E-07
1840	1.5932E+00	4.94549E-07
1845	1.5931E+00	5.00939E-07
1850	1.5930E+00	5.07328E-07
1855	1.5930E+00	5.13718E-07
1860	1.5929E+00	5.20107E-07
1865	1.5928E+00	5.26497E-07
1870	1.5928E+00	5.32887E-07
1875	1.5927E+00	5.39276E-07
1880	1.5926E+00	5.45666E-07
1885	1.5926E+00	5.52056E-07
1890	1.5925E+00	5.58445E-07
1895	1.5924E+00	5.64835E-07
1900	1.5924E+00	5.71225E-07
1905	1.5923E+00	5.77614E-07
1910	1.5922E+00	5.84004E-07
1915	1.5921E+00	5.90394E-07
1920	1.5921E+00	5.96783E-07
1925	1.5920E+00	6.03173E-07
1930	1.5919E+00	6.09563E-07
1935	1.5919E+00	6.15952E-07
1940	1.5918E+00	6.22342E-07
1945	1.5917E+00	6.28732E-07
1950	1.5917E+00	6.35121E-07
1955	1.5916E+00	6.41511E-07
1960	1.5915E+00	6.47901E-07
1965	1.5914E+00	6.5429E-07
1970	1.5914E+00	6.6068E-07
1975	1.5913E+00	6.94686E-07
1980	1.5912E+00	7.28692E-07
1985	1.5912E+00	7.62698E-07
1990	1.5911E+00	7.96704E-07
1995	1.5910E+00	8.3071E-07
2000	1.5909E+00	8.64715E-07
2005	1.5909E+00	8.98721E-07
2010	1.5908E+00	9.32727E-07
2015	1.5907E+00	9.66733E-07
2020	1.5907E+00	1.00074E-06
2025	1.5906E+00	1.03475E-06
2030	1.5905E+00	1.06875E-06
2035	1.5904E+00	1.10276E-06
2040	1.5904E+00	1.13676E-06
2045	1.5903E+00	1.17077E-06
2050	1.5902E+00	1.20477E-06
2055	1.5901E+00	1.23878E-06
2060	1.5901E+00	1.27279E-06
2065	1.5900E+00	1.30679E-06
2070	1.5899E+00	1.3408E-06
2075	1.5898E+00	1.3748E-06
2080	1.5898E+00	1.40881E-06
2085	1.5897E+00	1.44282E-06
2090	1.5896E+00	1.47682E-06
2095	1.5895E+00	1.51083E-06
2100	1.5895E+00	1.54483E-06
2105	1.5894E+00	1.57884E-06
2110	1.5893E+00	1.61285E-06
2115	1.5892E+00	1.64685E-06
2120	1.5892E+00	1.68086E-06
2125	1.5891E+00	1.71486E-06
2130	1.5890E+00	1.74887E-06
2135	1.5889E+00	1.78288E-06
2140	1.5889E+00	1.81688E-06
2145	1.5888E+00	1.85089E-06
2150	1.5887E+00	1.88489E-06
2155	1.5886E+00	1.9189E-06
2160	1.5886E+00	1.9529E-06
2165	1.5885E+00	1.98691E-06
2170	1.5884E+00	2.02092E-06
2175	1.5883E+00	2.05492E-06
2180	1.5883E+00	2.08893E-06
2185	1.5882E+00	2.12293E-06
2190	1.5881E+00	2.15694E-06
2195	1.5880E+00	2.19095E-06
2200	1.5879E+00	2.22495E-06
2205	1.5879E+00	2.25896E-06
2210	1.5878E+00	2.29296E-06
2215	1.5877E+00	2.32697E-06
2220	1.5876E+00	2.36098E-06
2225	1.5876E+00	2.39498E-06
2230	1.5875E+00	2.42899E-06
2235	1.5874E+00	2.46299E-06
2240	1.5873E+00	2.497E-06
2245	1.5872E+00	2.53101E-06
2250	1.5872E+00	2.56501E-06
2255	1.5871E+00	2.59902E-06
2260	1.5870E+00	2.63302E-06
2265	1.5869E+00	2.66703E-06
2270	1.5868E+00	2.70103E-06
2275	1.5868E+00	2.73504E-06
2280	1.5867E+00	2.76905E-06
2285	1.5866E+00	2.80305E-06
2290	1.5865E+00	2.83706E-06
2295	1.5864E+00	2.87106E-06
2300	1.5864E+00	2.90507E-06
2305	1.5863E+00	2.93908E-06
2310	1.5862E+00	2.97308E-06
2315	1.5861E+00	3.00709E-06
2320	1.5860E+00	3.04109E-06
2325	1.5859E+00	3.0751E-06
2330	1.5859E+00	3.16379E-06
2335	1.5858E+00	3.25249E-06
2340	1.5857E+00	3.34118E-06
2345	1.5856E+00	3.42988E-06
2350	1.5855E+00	3.51857E-06
2355	1.5854E+00	3.60727E-06
2360	1.5854E+00	3.69596E-06
2365	1.5853E+00	3.78465E-06
2370	1.5852E+00	3.87335E-06
2375	1.5851E+00	3.96204E-06
2380	1.5850E+00	4.05074E-06
2385	1.5849E+00	4.13943E-06
2390	1.5849E+00	4.22813E-06
2395	1.5848E+00	4.31682E-06
2400	1.5847E+00	4.40551E-06
2405	1.5846E+00	4.49421E-06
2410	1.5845E+00	4.5829E-06
2415	1.5844E+00	4.6716E-06
2420	1.5843E+00	4.76029E-06
2425	1.5843E+00	4.84899E-06
2430	1.5842E+00	4.93768E-06
2435	1.5841E+00	5.02637E-06
2440	1.5840E+00	5.11507E-06
2445	1.5839E+00	5.20376E-06
2450	1.5838E+00	5.29246E-06
2455	1.5837E+00	5.38115E-06
2460	1.5837E+00	5.46985E-06
2465	1.5836E+00	5.55854E-06
2470	1.5835E+00	5.64723E-06
2475	1.5834E+00	5.73593E-06
2480	1.5833E+00	5.82462E-06
2485	1.5832E+00	5.91332E-06
2490	1.5831E+00	6.00201E-06
2495	1.5830E+00	6.09071E-06
2500	1.5830E+00	6.1794E-06
