500.00	2.16	0.00
501.25	2.16	0.00
502.51	2.16	0.00
503.78	2.16	0.00
505.05	2.16	0.00
506.33	2.16	0.00
507.61	2.16	0.00
508.91	2.16	0.00
510.20	2.15	0.00
511.51	2.15	0.00
512.82	2.15	0.00
514.14	2.15	0.00
515.46	2.15	0.00
516.80	2.15	0.00
518.14	2.15	0.00
519.48	2.15	0.00
520.83	2.15	0.00
522.19	2.15	0.00
523.56	2.15	0.00
524.93	2.15	0.00
526.32	2.15	0.00
527.70	2.15	0.00
529.10	2.15	0.00
530.50	2.15	0.00
531.92	2.15	0.00
533.33	2.15	0.00
534.76	2.15	0.00
536.19	2.15	0.00
537.63	2.14	0.00
539.08	2.14	0.00
540.54	2.14	0.00
542.01	2.14	0.00
543.48	2.14	0.00
544.96	2.14	0.00
546.45	2.14	0.00
547.95	2.14	0.00
549.45	2.14	0.00
550.96	2.14	0.00
552.49	2.14	0.00
554.02	2.14	0.00
555.56	2.14	0.00
557.10	2.14	0.00
558.66	2.14	0.00
560.22	2.14	0.00
561.80	2.14	0.00
563.38	2.14	0.00
564.97	2.14	0.00
566.57	2.14	0.00
568.18	2.14	0.00
569.80	2.14	0.00
571.43	2.13	0.00
573.07	2.13	0.00
574.71	2.13	0.00
576.37	2.13	0.00
578.04	2.13	0.00
579.71	2.13	0.00
581.40	2.13	0.00
583.09	2.13	0.00
584.80	2.13	0.00
586.51	2.13	0.00
588.24	2.13	0.00
589.97	2.13	0.00
591.72	2.13	0.00
593.47	2.13	0.00
595.24	2.13	0.00
597.02	2.13	0.00
598.80	2.13	0.00
600.60	2.13	0.00
602.41	2.13	0.00
604.23	2.13	0.00
606.06	2.13	0.00
607.90	2.13	0.00
609.76	2.13	0.00
611.62	2.12	0.00
613.50	2.12	0.00
615.39	2.12	0.00
617.28	2.12	0.00
619.20	2.12	0.00
621.12	2.12	0.00
623.05	2.12	0.00
625.00	2.12	0.00
626.96	2.12	0.00
628.93	2.12	0.00
630.92	2.12	0.00
632.91	2.12	0.00
634.92	2.12	0.00
636.94	2.12	0.00
638.98	2.12	0.00
641.03	2.12	0.00
643.09	2.12	0.00
645.16	2.12	0.00
647.25	2.12	0.00
649.35	2.12	0.00
651.47	2.12	0.00
653.60	2.12	0.00
655.74	2.12	0.00
657.90	2.12	0.00
660.07	2.12	0.00
662.25	2.11	0.00
664.45	2.11	0.00
666.67	2.11	0.00
668.90	2.11	0.00
671.14	2.11	0.00
673.40	2.11	0.00
675.68	2.11	0.00
677.97	2.11	0.00
680.27	2.11	0.00
682.59	2.11	0.00
684.93	2.11	0.00
687.29	2.11	0.00
689.66	2.11	0.00
692.04	2.11	0.00
694.44	2.11	0.00
696.86	2.11	0.00
699.30	2.11	0.00
701.75	2.11	0.00
704.23	2.11	0.00
706.71	2.11	0.00
709.22	2.11	0.00
711.74	2.11	0.00
714.29	2.11	0.00
716.85	2.11	0.00
719.42	2.11	0.00
722.02	2.11	0.00
724.64	2.10	0.00
727.27	2.10	0.00
729.93	2.10	0.00
732.60	2.10	0.00
735.29	2.10	0.00
738.01	2.10	0.00
740.74	2.10	0.00
743.49	2.10	0.00
746.27	2.10	0.00
749.06	2.10	0.00
751.88	2.10	0.00
754.72	2.10	0.00
757.58	2.10	0.00
760.46	2.10	0.00
763.36	2.10	0.00
766.28	2.10	0.00
769.23	2.10	0.00
772.20	2.10	0.00
775.19	2.10	0.00
778.21	2.10	0.00
781.25	2.10	0.00
784.31	2.10	0.00
787.40	2.10	0.00
790.51	2.10	0.00
793.65	2.10	0.00
796.81	2.10	0.00
800.00	2.10	0.00
803.21	2.10	0.00
806.45	2.10	0.00
809.72	2.09	0.00
813.01	2.09	0.00
816.33	2.09	0.00
819.67	2.09	0.00
823.05	2.09	0.00
826.45	2.09	0.00
829.88	2.09	0.00
833.33	2.09	0.00
836.82	2.09	0.00
840.34	2.09	0.00
843.88	2.09	0.00
847.46	2.09	0.00
851.06	2.09	0.00
854.70	2.09	0.00
858.37	2.09	0.00
862.07	2.09	0.00
865.80	2.09	0.00
869.57	2.09	0.00
873.36	2.09	0.00
877.19	2.09	0.00
881.06	2.09	0.00
884.96	2.09	0.00
888.89	2.09	0.00
892.86	2.09	0.00
896.86	2.09	0.00
900.90	2.09	0.00
904.98	2.09	0.00
909.09	2.09	0.00
913.24	2.09	0.00
917.43	2.09	0.00
921.66	2.08	0.00
925.93	2.08	0.00
930.23	2.08	0.00
934.58	2.08	0.00
938.97	2.08	0.00
943.40	2.08	0.00
947.87	2.08	0.00
952.38	2.08	0.00
956.94	2.08	0.00
961.54	2.08	0.00
966.18	2.08	0.00
970.87	2.08	0.00
975.61	2.08	0.00
980.39	2.08	0.00
985.22	2.08	0.00
990.10	2.08	0.00
995.03	2.08	0.00
1000.00	2.08	0.00
1005.03	2.08	0.00
1010.10	2.08	0.00
1015.23	2.08	0.00
1020.41	2.08	0.00
1025.64	2.08	0.00
1030.93	2.08	0.00
1036.27	2.08	0.00
1041.67	2.08	0.00
1047.12	2.08	0.00
1052.63	2.08	0.00
1058.20	2.08	0.00
1063.83	2.08	0.00
1069.52	2.08	0.00
1075.27	2.08	0.00
1081.08	2.08	0.00
1086.96	2.07	0.00
1092.90	2.07	0.00
1098.90	2.07	0.00
1104.97	2.07	0.00
1111.11	2.07	0.00
1117.32	2.07	0.00
1123.60	2.07	0.00
1129.94	2.07	0.00
1136.36	2.07	0.00
1142.86	2.07	0.00
1149.43	2.07	0.00
1156.07	2.07	0.00
1162.79	2.07	0.00
1169.59	2.07	0.00
1176.47	2.07	0.00
1183.43	2.07	0.00
1190.48	2.07	0.00
1197.60	2.07	0.00
1204.82	2.07	0.00
1212.12	2.07	0.00
1219.51	2.07	0.00
1226.99	2.07	0.00
1234.57	2.07	0.00
1242.24	2.07	0.00
1250.00	2.07	0.00
1257.86	2.07	0.00
1265.82	2.07	0.00
1273.89	2.07	0.00
1282.05	2.07	0.00
1290.32	2.07	0.00
1298.70	2.07	0.00
1307.19	2.07	0.00
1315.79	2.07	0.00
1324.50	2.06	0.00
1333.33	2.06	0.00
1342.28	2.06	0.00
1351.35	2.06	0.00
1360.54	2.06	0.00
1369.86	2.06	0.00
1379.31	2.06	0.00
1388.89	2.06	0.00
1398.60	2.06	0.00
1408.45	2.06	0.00
1418.44	2.06	0.00
1428.57	2.06	0.00
1438.85	2.06	0.00
1449.28	2.06	0.00
1459.85	2.06	0.00
1470.59	2.06	0.00
1481.48	2.06	0.00
1492.54	2.06	0.00
1503.76	2.06	0.00
1515.15	2.06	0.00
1526.72	2.06	0.00
1538.46	2.06	0.00
1550.39	2.06	0.00
1562.50	2.06	0.00
1574.80	2.06	0.00
1587.30	2.06	0.00
1600.00	2.06	0.00
1612.90	2.06	0.00
1626.02	2.06	0.00
1639.34	2.05	0.00
1652.89	2.05	0.00
1666.67	2.05	0.00
1680.67	2.05	0.00
1694.92	2.05	0.00
1709.40	2.05	0.00
1724.14	2.05	0.00
1739.13	2.05	0.00
1754.39	2.05	0.00
1769.91	2.05	0.00
1785.71	2.05	0.00
1801.80	2.05	0.00
1818.18	2.05	0.00
1834.86	2.05	0.00
1851.85	2.05	0.00
1869.16	2.05	0.00
1886.79	2.05	0.00
1904.76	2.05	0.00
1923.08	2.05	0.00
1941.75	2.05	0.00
1960.78	2.05	0.00
1980.20	2.04	0.00
2000.00	2.04	0.00
2004.01	2.04	0.00
2008.03	2.04	0.00
2012.07	2.04	0.00
2016.13	2.04	0.00
2020.20	2.04	0.00
2024.29	2.04	0.00
2028.40	2.04	0.00
2032.52	2.04	0.00
2036.66	2.04	0.00
2040.82	2.04	0.00
2044.99	2.04	0.00
2049.18	2.04	0.00
2053.39	2.04	0.00
2057.61	2.04	0.00
2061.86	2.04	0.00
2066.12	2.04	0.00
2070.39	2.04	0.00
2074.69	2.04	0.00
2079.00	2.04	0.00
2083.33	2.04	0.00
2087.68	2.04	0.00
2092.05	2.04	0.00
2096.44	2.04	0.00
2100.84	2.04	0.00
2105.26	2.04	0.00
2109.70	2.04	0.00
2114.16	2.04	0.00
2118.64	2.04	0.00
2123.14	2.04	0.00
2127.66	2.04	0.00
2132.20	2.04	0.00
2136.75	2.04	0.00
2141.33	2.04	0.00
2145.92	2.04	0.00
2150.54	2.04	0.00
2155.17	2.04	0.00
2159.83	2.04	0.00
2164.50	2.04	0.00
2169.20	2.04	0.00
2173.91	2.04	0.00
2178.65	2.04	0.00
2183.41	2.04	0.00
2188.18	2.04	0.00
2192.98	2.04	0.00
2197.80	2.04	0.00
2202.64	2.04	0.00
2207.51	2.04	0.01
2212.39	2.04	0.01
2217.29	2.04	0.01
2222.22	2.04	0.01
2227.17	2.04	0.01
2232.14	2.04	0.01
2237.14	2.04	0.01
2242.15	2.04	0.01
2247.19	2.04	0.01
2252.25	2.04	0.01
2257.34	2.04	0.01
2262.44	2.04	0.01
2267.57	2.04	0.01
2272.73	2.04	0.01
2277.90	2.04	0.01
2283.11	2.04	0.01
2288.33	2.04	0.01
2293.58	2.03	0.01
2298.85	2.03	0.01
2304.15	2.03	0.01
2309.47	2.03	0.01
2314.81	2.03	0.01
2320.19	2.03	0.01
2325.58	2.03	0.01
2331.00	2.03	0.01
2336.45	2.03	0.01
2341.92	2.03	0.01
2347.42	2.03	0.01
2352.94	2.03	0.01
2358.49	2.03	0.01
2364.07	2.03	0.01
2369.67	2.03	0.01
2375.30	2.03	0.01
2380.95	2.03	0.01
2386.63	2.03	0.01
2392.34	2.03	0.01
2398.08	2.03	0.01
2403.85	2.03	0.01
2409.64	2.03	0.01
2415.46	2.03	0.01
2421.31	2.03	0.01
2427.18	2.03	0.01
2433.09	2.03	0.01
2439.02	2.03	0.01
2444.99	2.03	0.01
2450.98	2.03	0.01
2457.00	2.03	0.01
2463.05	2.03	0.01
2469.14	2.03	0.01
2475.25	2.03	0.01
2481.39	2.03	0.01
2487.56	2.03	0.01
2493.77	2.03	0.01
2500.00	2.03	0.01
2506.27	2.03	0.01
2512.56	2.03	0.01
2518.89	2.03	0.01
2525.25	2.03	0.01
2531.65	2.03	0.01
2538.07	2.03	0.01
2544.53	2.03	0.01
2551.02	2.03	0.01
2557.54	2.03	0.01
2564.10	2.03	0.01
2570.69	2.03	0.01
2577.32	2.03	0.01
2583.98	2.02	0.01
2590.67	2.02	0.01
2597.40	2.02	0.01
2604.17	2.02	0.01
2610.97	2.02	0.01
2617.80	2.02	0.01
2624.67	2.02	0.01
2631.58	2.02	0.01
2638.52	2.02	0.01
2645.50	2.02	0.01
2652.52	2.02	0.01
2659.57	2.02	0.01
2666.67	2.02	0.01
2673.80	2.02	0.01
2680.97	2.02	0.01
2688.17	2.02	0.01
2695.42	2.02	0.01
2702.70	2.02	0.01
2710.03	2.02	0.01
2717.39	2.02	0.01
2724.80	2.02	0.01
2732.24	2.02	0.01
2739.73	2.02	0.01
2747.25	2.02	0.01
2754.82	2.02	0.01
2762.43	2.02	0.01
2770.08	2.02	0.01
2777.78	2.02	0.01
2785.52	2.02	0.01
2793.30	2.02	0.01
2801.12	2.02	0.01
2808.99	2.02	0.01
2816.90	2.02	0.01
2824.86	2.02	0.01
2832.86	2.02	0.01
2840.91	2.01	0.01
2849.00	2.01	0.01
2857.14	2.01	0.01
2865.33	2.01	0.01
2873.56	2.01	0.01
2881.84	2.01	0.01
2890.17	2.01	0.01
2898.55	2.01	0.01
2906.98	2.01	0.01
2915.45	2.01	0.01
2923.98	2.01	0.01
2932.55	2.01	0.01
2941.18	2.01	0.01
2949.85	2.01	0.01
2958.58	2.01	0.01
2967.36	2.01	0.01
2976.19	2.01	0.01
2985.07	2.01	0.02
2994.01	2.01	0.02
3003.00	2.01	0.02
3012.05	2.01	0.02
3021.15	2.01	0.02
3030.30	2.01	0.02
3039.51	2.01	0.02
3048.78	2.01	0.02
3058.10	2.01	0.02
3067.48	2.01	0.02
3076.92	2.01	0.02
3086.42	2.01	0.02
3095.98	2.01	0.02
3105.59	2.01	0.02
3115.26	2.01	0.02
3125.00	2.01	0.02
3134.80	2.01	0.02
3144.65	2.01	0.02
3154.57	2.01	0.02
3164.56	2.01	0.02
3174.60	2.00	0.02
3184.71	2.00	0.02
3194.89	2.00	0.02
3205.13	2.00	0.02
3215.43	2.00	0.02
3225.81	2.00	0.02
3236.25	2.01	0.02
3246.75	2.01	0.02
3257.33	2.01	0.02
3267.97	2.01	0.03
3278.69	2.01	0.03
3289.47	2.01	0.03
3300.33	2.01	0.03
3311.26	2.01	0.03
3322.26	2.01	0.03
3333.33	2.01	0.03
3344.48	2.01	0.03
3355.70	2.01	0.03
3367.00	2.01	0.03
3378.38	2.01	0.03
3389.83	2.01	0.03
3401.36	2.01	0.03
3412.97	2.01	0.03
3424.66	2.01	0.03
3436.43	2.01	0.02
3448.28	2.01	0.02
3460.21	2.01	0.02
3472.22	2.01	0.02
3484.32	2.01	0.02
3496.50	2.01	0.02
3508.77	2.01	0.02
3521.13	2.01	0.02
3533.57	2.01	0.02
3546.10	2.01	0.02
3558.72	2.01	0.02
3571.43	2.00	0.02
3584.23	2.00	0.02
3597.12	2.00	0.02
3610.11	2.00	0.02
3623.19	2.00	0.02
3636.36	2.00	0.02
3649.64	2.00	0.02
3663.00	2.00	0.02
3676.47	2.00	0.02
3690.04	2.00	0.02
3703.70	2.00	0.02
3717.47	2.00	0.02
3731.34	2.00	0.02
3745.32	2.00	0.02
3759.40	2.00	0.02
3773.58	2.00	0.02
3787.88	2.00	0.02
3802.28	2.00	0.02
3816.79	2.00	0.02
3831.42	1.99	0.02
3846.15	1.99	0.02
3861.00	1.99	0.02
3875.97	1.99	0.02
3891.05	1.99	0.02
3906.25	1.99	0.02
3921.57	1.99	0.02
3937.01	1.99	0.02
3952.57	1.99	0.02
3968.25	1.99	0.02
3984.06	1.99	0.02
4000.00	1.99	0.02
4016.06	1.99	0.02
4032.26	1.99	0.02
4048.58	1.98	0.02
4065.04	1.98	0.02
4081.63	1.98	0.02
4098.36	1.98	0.02
4115.23	1.98	0.02
4132.23	1.98	0.02
4149.38	1.98	0.02
4166.67	1.98	0.02
4184.10	1.98	0.02
4201.68	1.98	0.02
4219.41	1.98	0.02
4237.29	1.97	0.02
4255.32	1.97	0.02
4273.50	1.97	0.02
4291.85	1.97	0.02
4310.34	1.97	0.02
4329.00	1.97	0.02
4347.83	1.97	0.02
4366.81	1.97	0.02
4385.96	1.97	0.02
4405.29	1.97	0.02
4424.78	1.96	0.02
4444.44	1.96	0.02
4464.29	1.96	0.02
4484.30	1.96	0.02
4504.50	1.96	0.02
4524.89	1.96	0.02
4545.45	1.96	0.02
4566.21	1.96	0.02
4587.16	1.96	0.02
4608.29	1.95	0.02
4629.63	1.95	0.02
4651.16	1.95	0.02
4672.90	1.95	0.02
4694.84	1.95	0.02
4716.98	1.95	0.02
4739.34	1.95	0.02
4761.90	1.95	0.02
4784.69	1.94	0.02
4807.69	1.94	0.02
4830.92	1.94	0.02
4854.37	1.94	0.02
4878.05	1.94	0.02
4901.96	1.94	0.02
4926.11	1.94	0.02
4950.50	1.94	0.02
4975.12	1.93	0.02
5000.00	1.93	0.02
5025.13	1.93	0.02
5050.51	1.93	0.02
5076.14	1.93	0.02
5102.04	1.93	0.02
5128.21	1.92	0.02
5154.64	1.92	0.02
5181.35	1.92	0.02
5208.33	1.92	0.02
5235.60	1.92	0.02
5263.16	1.92	0.02
5291.01	1.91	0.02
5319.15	1.91	0.02
5347.59	1.91	0.02
5376.34	1.91	0.02
5405.41	1.91	0.02
5434.78	1.90	0.02
5464.48	1.90	0.02
5494.51	1.90	0.02
5524.86	1.90	0.02
5555.56	1.90	0.03
5586.59	1.89	0.03
5617.98	1.89	0.03
5649.72	1.89	0.03
5681.82	1.89	0.03
5714.29	1.88	0.03
5747.13	1.88	0.03
5780.35	1.88	0.03
5813.95	1.88	0.03
5847.95	1.87	0.03
5882.35	1.87	0.03
5917.16	1.87	0.03
5952.38	1.87	0.03
5988.02	1.86	0.03
6024.10	1.86	0.03
6060.61	1.86	0.03
6097.56	1.85	0.03
6134.97	1.85	0.03
6172.84	1.85	0.03
6211.18	1.85	0.03
6250.00	1.84	0.03
6289.31	1.84	0.03
6329.11	1.84	0.04
6369.43	1.83	0.04
6410.26	1.83	0.04
6451.61	1.83	0.04
6493.51	1.82	0.04
6535.95	1.82	0.04
6578.95	1.81	0.04
6622.52	1.81	0.04
6666.67	1.81	0.04
6711.41	1.80	0.04
6756.76	1.80	0.04
6802.72	1.79	0.04
6849.32	1.79	0.04
6896.55	1.78	0.05
6944.44	1.78	0.05
6993.01	1.77	0.05
7042.25	1.77	0.05
7092.20	1.76	0.05
7142.86	1.76	0.05
7194.24	1.75	0.05
7246.38	1.75	0.05
7299.27	1.74	0.05
7352.94	1.74	0.06
7407.41	1.73	0.06
7462.69	1.72	0.06
7518.80	1.72	0.06
7575.76	1.71	0.06
7633.59	1.70	0.06
7692.31	1.69	0.06
7751.94	1.69	0.07
7812.50	1.68	0.07
7874.02	1.67	0.07
7936.51	1.66	0.07
8000.00	1.65	0.07
8064.52	1.65	0.08
8130.08	1.64	0.08
8196.72	1.63	0.08
8264.46	1.62	0.08
8333.33	1.61	0.09
8403.36	1.60	0.09
8474.58	1.58	0.09
8547.01	1.57	0.10
8620.69	1.56	0.10
8695.65	1.55	0.10
8771.93	1.53	0.11
8849.56	1.52	0.11
8928.57	1.51	0.12
9009.01	1.49	0.12
9090.91	1.47	0.13
9174.31	1.46	0.14
9259.26	1.44	0.14
9345.79	1.42	0.15
9433.96	1.40	0.16
9523.81	1.38	0.17
9615.38	1.36	0.18
9708.74	1.34	0.19
9803.92	1.31	0.20
9900.99	1.29	0.22
10000.00	1.26	0.23
10025.10	1.25	0.24
10050.30	1.24	0.24
10075.60	1.24	0.25
10101.00	1.23	0.25
10126.60	1.22	0.26
10152.30	1.21	0.26
10178.10	1.21	0.27
10204.10	1.20	0.27
10230.20	1.19	0.28
10256.40	1.18	0.29
10282.80	1.18	0.29
10309.30	1.17	0.30
10335.90	1.16	0.31
10362.70	1.15	0.31
10389.60	1.14	0.32
10416.70	1.14	0.33
10443.90	1.13	0.34
10471.20	1.12	0.35
10498.70	1.11	0.36
10526.30	1.10	0.37
10554.10	1.10	0.38
10582.00	1.09	0.39
10610.10	1.08	0.40
10638.30	1.07	0.41
10666.70	1.07	0.42
10695.20	1.06	0.43
10723.90	1.05	0.44
10752.70	1.05	0.46
10781.70	1.04	0.47
10810.80	1.04	0.48
10840.10	1.03	0.50
10869.60	1.03	0.51
10899.20	1.02	0.53
10929.00	1.02	0.54
10958.90	1.02	0.56
10989.00	1.02	0.57
11019.30	1.01	0.59
11049.70	1.01	0.60
11080.30	1.02	0.62
11111.10	1.02	0.63
11142.10	1.02	0.64
11173.20	1.02	0.66
11204.50	1.02	0.67
11236.00	1.03	0.68
11267.60	1.03	0.69
11299.40	1.04	0.70
11331.40	1.04	0.71
11363.60	1.05	0.72
11396.00	1.05	0.73
11428.60	1.06	0.74
11461.30	1.06	0.74
11494.30	1.07	0.75
11527.40	1.07	0.75
11560.70	1.07	0.75
11594.20	1.08	0.76
11627.90	1.08	0.76
11661.80	1.08	0.76
11695.90	1.08	0.76
11730.20	1.07	0.76
11764.70	1.07	0.76
11799.40	1.07	0.76
11834.30	1.06	0.77
11869.40	1.05	0.77
11904.80	1.05	0.77
11940.30	1.04	0.77
11976.00	1.03	0.78
12012.00	1.02	0.78
12048.20	1.01	0.79
12084.60	0.99	0.79
12121.20	0.98	0.80
12158.10	0.97	0.81
12195.10	0.96	0.82
12232.40	0.94	0.83
12269.90	0.93	0.84
12307.70	0.92	0.85
12345.70	0.90	0.87
12383.90	0.89	0.88
12422.40	0.87	0.90
12461.10	0.86	0.92
12500.00	0.85	0.94
12539.20	0.84	0.95
12578.60	0.82	0.98
12618.30	0.81	1.00
12658.20	0.80	1.02
12698.40	0.79	1.04
12738.90	0.78	1.07
12779.60	0.77	1.09
12820.50	0.76	1.12
12861.70	0.76	1.15
12903.20	0.75	1.17
12945.00	0.74	1.20
12987.00	0.74	1.23
13029.30	0.73	1.26
13071.90	0.73	1.29
13114.80	0.72	1.32
13157.90	0.72	1.35
13201.30	0.72	1.38
13245.00	0.72	1.41
13289.00	0.72	1.45
13333.30	0.72	1.48
13377.90	0.72	1.52
13422.80	0.72	1.55
13468.00	0.73	1.59
13513.50	0.73	1.62
13559.30	0.74	1.66
13605.40	0.74	1.70
13651.90	0.75	1.74
13698.60	0.76	1.78
13745.70	0.77	1.82
13793.10	0.78	1.86
13840.80	0.79	1.90
13888.90	0.81	1.95
13937.30	0.82	1.99
13986.00	0.84	2.04
14035.10	0.86	2.08
14084.50	0.89	2.13
14134.30	0.92	2.18
14184.40	0.95	2.23
14234.90	0.98	2.28
14285.70	1.03	2.34
14336.90	1.07	2.39
14388.50	1.13	2.44
14440.40	1.19	2.49
14492.80	1.26	2.53
14545.50	1.34	2.57
14598.50	1.42	2.60
14652.00	1.52	2.62
14705.90	1.62	2.63
14760.10	1.72	2.61
14814.80	1.81	2.59
14869.90	1.90	2.54
14925.40	1.97	2.48
14981.30	2.02	2.41
15037.60	2.06	2.34
15094.30	2.07	2.28
15151.50	2.07	2.22
15209.10	2.06	2.17
15267.20	2.05	2.14
15325.70	2.03	2.12
15384.60	2.02	2.11
15444.00	2.00	2.11
15503.90	2.00	2.12
15564.20	1.99	2.13
15625.00	2.00	2.15
15686.30	2.01	2.17
15748.00	2.03	2.19
15810.30	2.05	2.21
15873.00	2.08	2.22
15936.30	2.11	2.24
16000.00	2.15	2.25
16064.30	2.19	2.25
16129.00	2.23	2.25
16194.30	2.28	2.25
16260.20	2.32	2.23
16326.50	2.37	2.22
16393.40	2.41	2.20
16460.90	2.45	2.17
16528.90	2.49	2.14
16597.50	2.52	2.10
16666.70	2.55	2.06
16736.40	2.57	2.02
16806.70	2.58	1.98
16877.60	2.60	1.94
16949.20	2.60	1.90
17021.30	2.60	1.86
17094.00	2.60	1.83
17167.40	2.59	1.79
17241.40	2.58	1.76
17316.00	2.57	1.73
17391.30	2.55	1.71
17467.20	2.54	1.69
17543.90	2.52	1.67
17621.10	2.50	1.66
17699.10	2.48	1.65
17777.80	2.46	1.64
17857.10	2.44	1.64
17937.20	2.42	1.64
18018.00	2.41	1.65
18099.50	2.39	1.65
18181.80	2.38	1.66
18264.80	2.37	1.67
18348.60	2.36	1.69
18433.20	2.36	1.70
18518.50	2.35	1.71
18604.70	2.35	1.73
18691.60	2.35	1.75
18779.30	2.36	1.77
18867.90	2.37	1.78
18957.30	2.38	1.80
19047.60	2.39	1.81
19138.80	2.41	1.83
19230.80	2.43	1.84
19323.70	2.45	1.85
19417.50	2.47	1.86
19512.20	2.49	1.86
19607.80	2.52	1.86
19704.40	2.54	1.86
19802.00	2.57	1.86
19900.50	2.59	1.85
20000.00	2.61	1.85
20100.50	2.64	1.83
20202.00	2.66	1.82
20304.60	2.68	1.80
20408.20	2.69	1.78
20512.80	2.71	1.76
20618.60	2.72	1.74
20725.40	2.73	1.72
20833.30	2.74	1.70
20942.40	2.74	1.68
21052.60	2.74	1.65
21164.00	2.74	1.63
21276.60	2.74	1.61
21390.40	2.73	1.59
21505.40	2.72	1.57
21621.60	2.72	1.56
21739.10	2.70	1.54
21857.90	2.69	1.53
21978.00	2.68	1.52
22099.40	2.66	1.51
22222.20	2.65	1.50
22346.40	2.63	1.49
22471.90	2.61	1.49
22598.90	2.60	1.48
22727.30	2.58	1.48
22857.10	2.56	1.48
22988.50	2.54	1.49
23121.40	2.52	1.49
23255.80	2.51	1.50
23391.80	2.49	1.51
23529.40	2.47	1.52
23668.60	2.46	1.53
23809.50	2.44	1.54
23952.10	2.43	1.55
24096.40	2.41	1.57
24242.40	2.40	1.59
24390.20	2.39	1.61
24539.90	2.38	1.63
24691.40	2.36	1.65
24844.70	2.36	1.67
25000.00	2.35	1.69
25157.20	2.34	1.72
25316.50	2.33	1.74
25477.70	2.33	1.77
25641.00	2.33	1.79
25806.50	2.32	1.82
25974.00	2.32	1.85
26143.80	2.32	1.88
26315.80	2.33	1.91
26490.10	2.33	1.94
26666.70	2.34	1.97
26845.60	2.34	2.00
27027.00	2.35	2.03
27210.90	2.36	2.06
27397.30	2.37	2.10
27586.20	2.38	2.13
27777.80	2.40	2.16
27972.00	2.41	2.19
28169.00	2.43	2.22
28368.80	2.45	2.26
28571.40	2.47	2.29
28777.00	2.49	2.32
28985.50	2.51	2.35
29197.10	2.54	2.38
29411.80	2.56	2.42
29629.60	2.59	2.45
29850.70	2.62	2.48
30075.20	2.65	2.51
30303.00	2.68	2.54
30534.40	2.72	2.56
30769.20	2.75	2.59
31007.80	2.79	2.62
31250.00	2.83	2.64
31496.10	2.87	2.67
31746.00	2.91	2.69
32000.00	2.96	2.72
32258.10	3.00	2.74
32520.30	3.05	2.76
32786.90	3.10	2.78
33057.90	3.15	2.79
33333.30	3.20	2.81
33613.40	3.25	2.82
33898.30	3.30	2.83
34188.00	3.36	2.84
34482.80	3.41	2.85
34782.60	3.47	2.85
35087.70	3.53	2.86
35398.20	3.59	2.86
35714.30	3.64	2.86
36036.00	3.70	2.85
36363.60	3.76	2.85
36697.20	3.82	2.84
37037.00	3.88	2.83
37383.20	3.94	2.81
37735.80	4.00	2.80
38095.20	4.05	2.78
38461.50	4.11	2.76
38835.00	4.17	2.73
39215.70	4.22	2.71
39604.00	4.28	2.68
40000.00	4.33	2.65
40404.00	4.38	2.62
40816.30	4.43	2.58
41237.10	4.48	2.55
41666.70	4.52	2.51
42105.30	4.57	2.47
42553.20	4.61	2.43
43010.80	4.65	2.39
43478.30	4.69	2.34
43956.00	4.73	2.30
44444.40	4.76	2.25
44943.80	4.79	2.21
45454.50	4.82	2.16
45977.00	4.85	2.11
46511.60	4.87	2.07
47058.80	4.90	2.02
47619.00	4.92	1.97
48192.80	4.94	1.93
48780.50	4.95	1.88
49382.70	4.97	1.83
50000.00	4.98	1.79
50632.90	4.99	1.74
51282.10	5.00	1.70
51948.10	5.01	1.65
52631.60	5.02	1.61
53333.30	5.03	1.57
54054.10	5.03	1.53
54794.50	5.04	1.48
55555.60	5.04	1.44
56338.00	5.04	1.41
57142.90	5.04	1.37
57971.00	5.04	1.33
58823.50	5.04	1.29
59701.50	5.04	1.26
60606.10	5.04	1.22
61538.50	5.03	1.19
62500.00	5.03	1.16
63492.10	5.03	1.12
64516.10	5.02	1.09
65573.80	5.02	1.06
66666.70	5.01	1.03
67796.60	5.01	1.00
68965.50	5.00	0.98
70175.40	4.99	0.95
71428.60	4.99	0.92
72727.30	4.98	0.90
74074.10	4.98	0.87
75471.70	4.97	0.85
76923.10	4.96	0.83
78431.40	4.95	0.80
80000.00	4.95	0.78
81632.70	4.94	0.76
83333.30	4.93	0.74
85106.40	4.93	0.72
86956.50	4.92	0.70
88888.90	4.91	0.68
90909.10	4.91	0.66
93023.30	4.90	0.64
95238.10	4.89	0.62
97561.00	4.89	0.61
100000.00	4.88	0.59
102564.00	4.87	0.58
105263.00	4.87	0.56
108108.00	4.86	0.54
111111.00	4.85	0.53
114286.00	4.85	0.52
117647.00	4.84	0.50
121212.00	4.84	0.49
125000.00	4.83	0.48
129032.00	4.83	0.46
133333.00	4.82	0.45
137931.00	4.82	0.44
142857.00	4.81	0.43
148148.00	4.81	0.42
153846.00	4.80	0.41
160000.00	4.80	0.40
166667.00	4.79	0.39
173913.00	4.79	0.38
181818.00	4.79	0.38
190476.00	4.78	0.37
200000.00	4.78	0.36
210526.00	4.78	0.36
222222.00	4.77	0.36
235294.00	4.77	0.35
250000.00	4.77	0.35
266667.00	4.76	0.35
285714.00	4.76	0.35
307692.00	4.76	0.35
333333.00	4.76	0.36
363636.00	4.76	0.37
400000.00	4.76	0.38
444444.00	4.76	0.40
500000.00	4.76	0.43
571429.00	4.76	0.47
666667.00	4.77	0.52
800000.00	4.77	0.60
1000000.00	4.79	0.72
