280	0.873360285	0.885079229	0.88538531	0.985859983	0.848435732	0.9784791	0.8467618
285	0.871732303	0.883115369	0.886704307	0.987355399	0.844182191	0.9781922	0.840297
290	0.870039367	0.879076956	0.886405524	0.986373375	0.840582096	0.977517	0.8350856
295	0.867499175	0.873336394	0.885109076	0.983123122	0.837567683	0.9772789	0.8306858
300	0.863750888	0.866723475	0.883763591	0.978115265	0.83513871	0.9767911	0.8264292
305	0.859233359	0.8598353	0.882762094	0.971809875	0.833425646	0.9764638	0.8225618
310	0.854231003	0.853049184	0.882295788	0.964802938	0.832478137	0.9752736	0.8196829
315	0.849186123	0.846863897	0.88267863	0.95782938	0.832338315	0.9700128	0.8118061
320	0.844339708	0.841373651	0.883803314	0.95140994	0.832980437	0.9694268	0.8121103
325	0.840090043	0.836583988	0.885425698	0.945732412	0.834602881	0.9714595	0.8134439
330	0.836230255	0.832435359	0.887433001	0.94120807	0.836830503	0.9723692	0.8152088
335	0.833354029	0.82925392	0.889945728	0.937998268	0.840151113	0.9728706	0.8158212
340	0.831022274	0.826756336	0.892664745	0.936159555	0.844003613	0.9737893	0.8177099
345	0.829518726	0.824970136	0.895482948	0.935614382	0.848677476	0.9734106	0.8192381
350	0.828761794	0.823864406	0.89832625	0.936412378	0.85396608	0.9732631	0.8219409
355	0.828847005	0.82342543	0.901119228	0.938468459	0.859964339	0.9746575	0.824243
360	0.829772935	0.823558241	0.90373994	0.941729363	0.866711707	0.975794	0.8282769
365	0.831819745	0.824314943	0.906194926	0.946007424	0.874622758	0.9771409	0.8329137
370	0.835059629	0.825868894	0.908588971	0.9510037	0.883293871	0.9760448	0.8356426
375	0.839366047	0.828341083	0.910974103	0.956199819	0.891967094	0.9748911	0.838764
380	0.845157359	0.831935584	0.913493479	0.961447777	0.900965929	0.9751378	0.8430792
385	0.852109753	0.836625243	0.91613118	0.96609996	0.909703758	0.9752707	0.8475335
390	0.859835325	0.842180677	0.918754846	0.969965984	0.918008435	0.9752933	0.8522592
395	0.868027921	0.848404455	0.921274258	0.97299075	0.925869186	0.9753846	0.8576907
400	0.8766488	0.855256227	0.923718636	0.975233794	0.933418088	0.975805	0.8631252
405	0.884639357	0.86223703	0.925856728	0.976663673	0.939978449	0.9758891	0.8681269
410	0.892712154	0.869653027	0.927938815	0.977522415	0.946243147	0.9760463	0.8737457
415	0.900487298	0.877321044	0.929923698	0.977863991	0.95200776	0.9763121	0.8794049
420	0.907657715	0.885051647	0.931772122	0.977882888	0.957156725	0.9761598	0.8848379
425	0.914071969	0.892549011	0.933310721	0.977850577	0.96173449	0.9765503	0.890674
430	0.919917526	0.900020915	0.934770911	0.97772809	0.965834314	0.9770789	0.8962098
435	0.925142425	0.907417838	0.936182274	0.977570119	0.969453818	0.9771257	0.9015372
440	0.929742778	0.914690285	0.937564974	0.977468956	0.972620934	0.9771912	0.9070471
445	0.933644194	0.921529876	0.938714756	0.977623051	0.975370019	0.977204	0.9119445
450	0.936958756	0.927844206	0.939577864	0.97810966	0.977790506	0.9771864	0.9171798
455	0.93988979	0.934266597	0.940717305	0.978493741	0.979855232	0.9774777	0.9218722
460	0.94229058	0.940419277	0.94188297	0.979045928	0.981565772	0.9778117	0.9268121
465	0.94417625	0.945946452	0.942800866	0.97995814	0.983006832	0.9780508	0.9313211
470	0.945783249	0.951187148	0.943720087	0.980972447	0.984225369	0.9782443	0.9356816
475	0.947166224	0.95613389	0.944633497	0.982037985	0.985236538	0.9782665	0.9396771
480	0.948146151	0.960872586	0.945727384	0.98316637	0.98594044	0.9785192	0.9436274
485	0.948768396	0.965326786	0.946942519	0.984364732	0.986376109	0.9784737	0.9471633
490	0.949355652	0.969153603	0.947866222	0.985743584	0.986769309	0.9782209	0.9505234
495	0.94983953	0.97255315	0.94871448	0.987177372	0.987045414	0.9784219	0.9535477
500	0.950273061	0.975660033	0.949567979	0.988542928	0.987170588	0.9784845	0.9565836
505	0.950599608	0.978431754	0.950437571	0.98987938	0.987146062	0.9786382	0.9593889
510	0.950667665	0.981040302	0.951552835	0.991126994	0.986863205	0.9786722	0.9618563
515	0.950611066	0.983344744	0.952742424	0.99231919	0.986425828	0.9786039	0.9640427
520	0.950468736	0.985353439	0.953995993	0.993432663	0.985844031	0.9784535	0.96618
525	0.950289763	0.987042693	0.955273969	0.994459728	0.985156624	0.9784453	0.9679555
530	0.950084362	0.988436605	0.956611749	0.995404252	0.98439623	0.9784028	0.969593
535	0.949888878	0.989554379	0.958006111	0.996239252	0.983588304	0.9782964	0.9710234
540	0.949773638	0.990398733	0.95941632	0.996950257	0.982772814	0.9780641	0.9721935
545	0.949724252	0.991052082	0.960953343	0.997534493	0.982011192	0.9781504	0.9732736
550	0.949838711	0.991470191	0.962460781	0.997951	0.981278787	0.9778564	0.9740964
555	0.950133196	0.991707089	0.963982066	0.998204028	0.980637471	0.977743	0.9747788
560	0.950618634	0.991767444	0.965477259	0.998282258	0.980059408	0.977576	0.9752488
565	0.951387176	0.991612941	0.966802224	0.998204142	0.979589666	0.9775268	0.9755766
570	0.952559075	0.991200022	0.967770099	0.998006858	0.979298521	0.977235	0.9759824
575	0.953863984	0.990678285	0.968707958	0.997659418	0.979031716	0.9770377	0.9761533
580	0.955204348	0.990014821	0.96963663	0.997164248	0.978659891	0.9767968	0.9761695
585	0.956620963	0.989227243	0.97053773	0.996545518	0.978250058	0.97652	0.976348
590	0.958155723	0.988349963	0.971398835	0.9958228	0.977871317	0.9764761	0.9762857
595	0.959754551	0.987388667	0.972259251	0.995003007	0.977478553	0.9763027	0.9762487
600	0.961454327	0.986357775	0.973077935	0.994107741	0.977118089	0.9759904	0.9760831
605	0.963245986	0.985270865	0.973849389	0.993153707	0.976794677	0.9757639	0.9758549
610	0.96513998	0.984164831	0.974566448	0.99215775	0.976543723	0.9756389	0.9755973
615	0.967092943	0.98302763	0.975239499	0.991132001	0.976322826	0.9753769	0.9752503
620	0.969092249	0.981866709	0.975867692	0.990089336	0.976129668	0.9752561	0.9748179
625	0.971119729	0.980580435	0.976331165	0.989053641	0.975898051	0.9750393	0.9745386
630	0.973160548	0.979283994	0.976756151	0.988022148	0.975689645	0.9745608	0.9739724
635	0.975198898	0.97798463	0.977142713	0.987006993	0.975502702	0.9744299	0.9735566
640	0.97721367	0.976678168	0.977520022	0.986013195	0.975322694	0.9742706	0.9730551
645	0.979201069	0.97537872	0.977863928	0.985055088	0.975163263	0.9741889	0.9725379
650	0.981149974	0.974094439	0.97817135	0.984140249	0.975026322	0.9741309	0.9718395
655	0.983042033	0.972793983	0.978425665	0.983274809	0.974889522	0.9737612	0.9712851
660	0.984866506	0.971477089	0.978626206	0.982462517	0.974752952	0.9735534	0.9707898
665	0.986612223	0.970187696	0.978793229	0.981710772	0.974637212	0.9732314	0.9700625
670	0.988266782	0.968930323	0.978929493	0.98102223	0.974541084	0.9731354	0.9694259
675	0.989828504	0.967592765	0.979066356	0.980405315	0.974433187	0.9727445	0.9688664
680	0.991282478	0.966285672	0.979165357	0.979863083	0.97435545	0.9725804	0.96797
685	0.992613109	0.965018159	0.979227686	0.979396738	0.974306291	0.97234	0.9674973
690	0.993811606	0.96383723	0.97929732	0.97901672	0.974304139	0.9722637	0.9665774
695	0.994875286	0.962841494	0.979462408	0.978753996	0.974388216	0.9721219	0.9660181
700	0.995779535	0.961897621	0.979595225	0.978574883	0.974488664	0.9719277	0.9653125
705	0.99651359	0.961007782	0.979698509	0.978476198	0.974601382	0.9717674	0.9645853
710	0.99707785	0.960223581	0.979828533	0.97848004	0.974750809	0.971452	0.9638887
715	0.997477084	0.959612555	0.980051849	0.978627267	0.974966539	0.9714053	0.9632037
720	0.99768331	0.959059401	0.980244284	0.978852851	0.975178701	0.970859	0.9626743
725	0.997691774	0.95856483	0.980408662	0.979149349	0.975382601	0.9703363	0.9620257
730	0.997504675	0.95817599	0.980579868	0.979521574	0.975583424	0.9713745	0.9611185
735	0.997157443	0.958131162	0.980921147	0.980036507	0.975814046	0.9710374	0.9605567
740	0.996624877	0.958140979	0.981239252	0.980603173	0.976011652	0.9706203	0.9595961
745	0.995911923	0.958204252	0.98153638	0.981211959	0.976173764	0.9704212	0.9592304
750	0.995023963	0.958319626	0.981814893	0.981852645	0.976299	0.9702165	0.9586755
755	0.994021624	0.95868717	0.982211054	0.982587576	0.976405662	0.9701053	0.9580428
760	0.992896631	0.959174984	0.982639369	0.983366162	0.976473921	0.96976	0.9573619
765	0.991641828	0.959701246	0.983048338	0.984151488	0.976495279	0.9696024	0.9567737
770	0.990267382	0.96026355	0.983439571	0.984934136	0.976471157	0.9696462	0.9563143
775	0.988787127	0.960862661	0.983816298	0.985703909	0.976402264	0.969251	0.9555193
780	0.987328601	0.961652526	0.984272772	0.986381682	0.976273489	0.969183	0.9551795
785	0.985805934	0.962463879	0.984719309	0.987037884	0.976115635	0.9692696	0.9544723
790	0.984228284	0.963294478	0.985156586	0.987667765	0.97593191	0.9688486	0.9539018
795	0.982605787	0.964142449	0.985585262	0.988267515	0.975725082	0.968959	0.9532376
800	0.980945327	0.965003149	0.986004265	0.988831619	0.975498105	0.9687909	0.9525637
805	0.979181208	0.965760809	0.986342768	0.989273407	0.975244833	0.9679658	0.9517662
810	0.977387041	0.966535001	0.986679252	0.989677016	0.97497839	0.9683242	0.9515633
815	0.97557091	0.967323817	0.987013866	0.990040584	0.974700823	0.9679896	0.9507157
820	0.973739137	0.968125831	0.987346867	0.990362253	0.97441447	0.9681158	0.9508488
825	0.971898981	0.968939237	0.987678311	0.990640916	0.974121262	0.9680594	0.9500045
830	0.9700798	0.969787679	0.988022771	0.990896664	0.973825078	0.968037	0.9499562
835	0.968278576	0.970654658	0.988371112	0.991117419	0.973526846	0.9686148	0.9496757
840	0.966489461	0.971526815	0.988716348	0.991292565	0.973227929	0.9687322	0.9498284
845	0.964718057	0.972402519	0.989058407	0.99142235	0.972930097	0.9693426	0.9504035
850	0.962968338	0.97328039	0.989397205	0.991506897	0.972635313	0.9709018	0.950544
855	0.961245078	0.974158893	0.989732595	0.991547014	0.972345143	0.9667773	0.9459996
860	0.959585573	0.975047194	0.990086971	0.99152399	0.972079858	0.9666895	0.945853
865	0.957957092	0.975932932	0.990439059	0.991463842	0.971824384	0.966487	0.9459977
870	0.956360948	0.976814923	0.990788209	0.991367935	0.971579511	0.9662368	0.9453584
875	0.954799937	0.977692156	0.991134255	0.9912376	0.971346003	0.9663481	0.9448349
880	0.953275568	0.978563338	0.991476723	0.991074248	0.971124791	0.9659665	0.9447038
885	0.951790064	0.979427653	0.991815493	0.990879278	0.970916437	0.9657944	0.9443041
890	0.950307389	0.980266923	0.992138084	0.990638073	0.970713795	0.9657014	0.9436098
895	0.948860391	0.981095837	0.992455186	0.990365257	0.970523405	0.9656767	0.9437651
900	0.947454845	0.981916142	0.992768266	0.990064254	0.970346899	0.9659198	0.9438438
905	0.946092164	0.982726745	0.993076918	0.989736924	0.970184533	0.9657996	0.9437162
910	0.944772777	0.983526787	0.993380737	0.989384897	0.970036751	0.9660032	0.9435597
915	0.943497702	0.984315482	0.993679457	0.989009811	0.969903667	0.9656472	0.9433607
920	0.942270799	0.985094397	0.99398096	0.988618024	0.969791995	0.9655557	0.9429847
925	0.941092528	0.985864714	0.994294198	0.988218675	0.969707973	0.9654153	0.9427614
930	0.939952382	0.986620171	0.994600947	0.987804619	0.969637493	0.9652456	0.9421347
935	0.938850554	0.987359925	0.99490075	0.987377361	0.969580222	0.9649325	0.9419452
940	0.937786539	0.988083453	0.995193234	0.986938149	0.969536045	0.9646986	0.9416504
945	0.936760338	0.988789867	0.995477872	0.986488543	0.969504565	0.9647117	0.9413746
950	0.935771326	0.989478899	0.995754443	0.986029466	0.969485612	0.9644343	0.9412134
955	0.934791329	0.990141431	0.996015279	0.985545109	0.969470736	0.9642367	0.9409041
960	0.933769121	0.990763866	0.996248229	0.985002471	0.969445067	0.9642253	0.9406582
965	0.932785042	0.991369633	0.996473503	0.984451709	0.969431093	0.9642005	0.9405932
970	0.931838552	0.991958389	0.996690804	0.983893931	0.9694287	0.9639865	0.9403665
975	0.930929481	0.992529555	0.996899764	0.983330237	0.969437517	0.9638969	0.9402696
980	0.930057209	0.993082559	0.997099889	0.982762125	0.969457392	0.9637532	0.9400528
985	0.929221453	0.993616878	0.997290825	0.982190586	0.969487923	0.9637164	0.9401403
990	0.928421533	0.99413215	0.997472219	0.981616753	0.969528931	0.9636423	0.9398275
995	0.927626446	0.994628803	0.9976653	0.981071008	0.969584485	0.9635374	0.9400114
1000	0.926837886	0.995104446	0.997860336	0.980542946	0.969649062	0.9632456	0.9397011
1005	0.926071779	0.995557826	0.998043628	0.980014638	0.969718454	0.9631006	0.9398318
1010	0.925327601	0.995988669	0.998214774	0.97948696	0.969792559	0.963118	0.939707
1015	0.924604895	0.996396739	0.998373541	0.978960024	0.969870914	0.9627569	0.9394258
1020	0.923902953	0.996781754	0.998519539	0.978434654	0.969953287	0.9625981	0.9394487
1025	0.923221303	0.997143508	0.99865255	0.977910893	0.97003923	0.9626732	0.9396076
1030	0.922559254	0.997481762	0.998772206	0.977389508	0.970128524	0.9624419	0.93929
1035	0.921793331	0.997782065	0.998867091	0.976775009	0.970189859	0.9624601	0.9393122
1040	0.92086614	0.998041992	0.998934613	0.976017452	0.97020981	0.962257	0.9394356
1045	0.919964027	0.998284716	0.998992711	0.975259423	0.970235351	0.9621947	0.9393164
1050	0.919086689	0.998510027	0.999041087	0.974501665	0.970266428	0.9621052	0.9393891
1055	0.91823396	0.99871761	0.999079442	0.973744768	0.970302769	0.9619473	0.9392367
1060	0.917405521	0.998907273	0.999107491	0.972989417	0.970344314	0.9617632	0.9393974
1065	0.916601173	0.999078756	0.999124977	0.972235998	0.970390791	0.9616585	0.9396181
1070	0.915820583	0.999231839	0.999131572	0.971485454	0.970442134	0.9615512	0.9397037
1075	0.915063519	0.999366312	0.999127063	0.970737974	0.970498073	0.9614625	0.9398154
1080	0.914316916	0.999481363	0.999111793	0.969988102	0.970555856	0.9613886	0.9397693
1085	0.913573907	0.999576699	0.999085984	0.969232863	0.970613857	0.9611063	0.939946
1090	0.912853162	0.999653227	0.999048496	0.968481855	0.970676027	0.9610359	0.9400386
1095	0.912154429	0.999710764	0.998999105	0.967735537	0.970742108	0.9608989	0.9402418
1100	0.911477394	0.999749174	0.998937573	0.966994178	0.970812036	0.9608851	0.9402562
1105	0.910821785	0.999768299	0.998863687	0.966258379	0.970885556	0.9608306	0.9404494
1110	0.910187291	0.999768029	0.998777205	0.965528657	0.970962604	0.9606874	0.9407411
1115	0.909573624	0.999748208	0.998677951	0.964804961	0.971042928	0.9605854	0.9408723
1120	0.908980475	0.999708756	0.99856569	0.964088058	0.971126463	0.9604452	0.9411846
1125	0.908407547	0.999649545	0.998440257	0.963378057	0.971212958	0.9604152	0.9413976
1130	0.907828503	0.999577534	0.998299125	0.962605316	0.971297469	0.9602219	0.9415497
1135	0.907255883	0.999491619	0.998144017	0.961793735	0.971382737	0.9600887	0.9420484
1140	0.906707802	0.999387304	0.997976503	0.960990666	0.971472277	0.9600086	0.9422451
1145	0.906183957	0.999264419	0.997796391	0.960196582	0.971565828	0.9597498	0.9424503
1150	0.905684066	0.999122856	0.997603457	0.959412048	0.971663307	0.9597197	0.9425809
1155	0.90520781	0.998962434	0.99739751	0.958637381	0.971764454	0.9597107	0.9429886
1160	0.904754905	0.998783025	0.997178321	0.957872899	0.971869184	0.959581	0.9433416
1165	0.904325018	0.998584499	0.996945725	0.957119081	0.971977236	0.9595239	0.9435876
1170	0.903917864	0.998366795	0.996699534	0.9563763	0.972088525	0.9593267	0.9439167
1175	0.903533102	0.998129759	0.996439574	0.955644891	0.972202791	0.9591913	0.9442548
1180	0.903170447	0.997873295	0.996165639	0.954924987	0.972319946	0.9591929	0.9446128
1185	0.902940203	0.997594238	0.995865633	0.954266706	0.972460865	0.9592256	0.9450416
1190	0.902760051	0.997293818	0.995547784	0.953634237	0.972609602	0.9592366	0.9455702
1195	0.902601995	0.996972789	0.995215005	0.95301617	0.972760605	0.958975	0.9460646
1200	0.902465677	0.996631045	0.994867091	0.952412284	0.972913763	0.9589218	0.9463852
1205	0.902350653	0.99626863	0.994503997	0.951823228	0.973068809	0.9588323	0.9467476
1210	0.902256572	0.995885368	0.994125476	0.951248559	0.973225631	0.9587766	0.9472325
1215	0.902182989	0.995481399	0.993731549	0.950689077	0.973383968	0.9586612	0.947534
1220	0.902129561	0.995056633	0.993322026	0.950144391	0.973543706	0.9584535	0.9480565
1225	0.902095846	0.994611078	0.992896844	0.949615045	0.973704588	0.9585304	0.94853
1230	0.902081509	0.994144732	0.992455876	0.949100701	0.973866502	0.9583565	0.9490028
1235	0.902086109	0.993657714	0.991999135	0.948602049	0.974029195	0.9582872	0.9494255
1240	0.902109321	0.993149947	0.991526449	0.948118542	0.974192557	0.9582244	0.9499011
1245	0.902207803	0.992623606	0.991032764	0.947651287	0.97436796	0.9581785	0.9503199
1250	0.902325281	0.992076425	0.990523051	0.94720019	0.974543903	0.9580681	0.9508652
1255	0.902461282	0.991508472	0.989997292	0.94676585	0.974720137	0.9579108	0.9513566
1260	0.90261547	0.990919898	0.989455486	0.94634785	0.974896544	0.9577562	0.951865
1265	0.902787379	0.99031068	0.988897554	0.945946678	0.97507288	0.9577445	0.9523341
1270	0.903023882	0.989667812	0.98831271	0.94562559	0.9752559	0.9576585	0.9529018
1275	0.903275959	0.989004231	0.987711417	0.945321298	0.975438094	0.95764	0.9534225
1280	0.90354328	0.988319674	0.987093369	0.945032776	0.975619344	0.9575665	0.9538332
1285	0.903825377	0.987614386	0.986458687	0.944760689	0.975799413	0.9574416	0.9543262
1290	0.904121932	0.986888596	0.985807437	0.944504425	0.975978185	0.9573737	0.9549462
1295	0.904502929	0.986149889	0.985137687	0.944247558	0.976171138	0.9573102	0.9555156
1300	0.904917059	0.985392805	0.984451259	0.944003427	0.976366864	0.9571975	0.9560435
1305	0.905346408	0.984615641	0.98374875	0.943776932	0.976561262	0.9571394	0.9568182
1310	0.905790625	0.983818541	0.983030169	0.943567358	0.976754213	0.9571446	0.9572195
1315	0.906249211	0.983001697	0.982295611	0.943375192	0.976945493	0.9570274	0.9576171
1320	0.906733447	0.982163323	0.981542972	0.943209661	0.977136897	0.9569375	0.958273
1325	0.907277301	0.98129709	0.98076542	0.94310063	0.977333844	0.9568305	0.9588438
1330	0.907833655	0.980411421	0.979971886	0.943008015	0.977528504	0.9567316	0.9594589
1335	0.908402006	0.979506549	0.9791625	0.942932137	0.977720661	0.9567826	0.9600044
1340	0.908982016	0.978582661	0.978337316	0.942872334	0.977910198	0.9566878	0.9606683
1345	0.909573194	0.977640002	0.977496477	0.942828832	0.978096903	0.9567026	0.9611496
1350	0.910248867	0.976674006	0.976631614	0.942833772	0.97829476	0.956564	0.9619201
1355	0.911044994	0.975682875	0.975739173	0.942904133	0.978510719	0.9564467	0.9624743
1360	0.91185054	0.974673917	0.974831954	0.942990392	0.978723557	0.9564745	0.9631283
1365	0.912664952	0.973647474	0.973910187	0.943092479	0.978933064	0.9565381	0.963811
1370	0.913487844	0.972603832	0.972974017	0.943209971	0.979139119	0.9564275	0.9643621
1375	0.914318676	0.97154334	0.97202368	0.943342637	0.979341519	0.9562283	0.9647775
1380	0.915223077	0.970455046	0.971046673	0.943541789	0.979551504	0.9562489	0.9653663
1385	0.916231912	0.969333657	0.970036901	0.943832346	0.979774386	0.9561431	0.9659202
1390	0.917245091	0.968196546	0.969013698	0.944136626	0.979992921	0.9561795	0.966431
1395	0.918262045	0.967043943	0.967977207	0.944453866	0.9802069	0.956142	0.9669594
1400	0.919282375	0.965875995	0.966927472	0.94478406	0.980416193	0.9560142	0.9674724
1405	0.920305531	0.964693495	0.965865108	0.945126361	0.980620601	0.9558868	0.9680586
1410	0.921385093	0.963492014	0.96478354	0.945511797	0.980830657	0.955777	0.968492
1415	0.92268043	0.962259187	0.963664165	0.946030746	0.98107832	0.9558748	0.9689877
1420	0.923973908	0.961014596	0.962534593	0.946560032	0.981320928	0.9556857	0.9695656
1425	0.925264897	0.959758377	0.961394895	0.947097949	0.981558268	0.9556195	0.9700779
1430	0.926707102	0.958420546	0.960176355	0.947863698	0.981807893	0.9556743	0.9705699
1435	0.928140442	0.957069728	0.958945642	0.948634064	0.982050421	0.9556686	0.9710013
1440	0.929564498	0.95570603	0.957702764	0.949410087	0.982285655	0.9555453	0.9714691
1445	0.931219683	0.954292544	0.95640284	0.950369458	0.982559828	0.9554314	0.9719491
1450	0.933018172	0.95284249	0.955060985	0.95144926	0.982857073	0.9552951	0.9725221
1455	0.934796964	0.951380628	0.953706998	0.952525396	0.983146033	0.9552796	0.9729501
1460	0.936563542	0.949850988	0.952289198	0.953697438	0.983414513	0.9552844	0.9733733
1465	0.938328288	0.948068508	0.950636042	0.955247489	0.983618369	0.9551523	0.9737401
1470	0.940050886	0.946244391	0.94894142	0.956781196	0.983799185	0.9551151	0.9741184
1475	0.941730989	0.944377362	0.947204122	0.958295064	0.983956124	0.9550925	0.9746036
1480	0.942938926	0.942468448	0.945450333	0.959584428	0.983979863	0.9549982	0.9750294
1485	0.943998353	0.940518552	0.94366341	0.960799431	0.983949748	0.9549347	0.9754489
1490	0.945016533	0.938527667	0.94183715	0.961994897	0.983892347	0.9548018	0.9757208
1495	0.945904832	0.936505349	0.939985959	0.963113888	0.983787083	0.9547756	0.9760565
1500	0.946400287	0.934487816	0.938160463	0.964000396	0.983574939	0.9546782	0.9764043
1505	0.946856688	0.932439929	0.936306149	0.964858676	0.983337821	0.9546679	0.9766966
1510	0.947274036	0.930362287	0.934423493	0.965692693	0.983075921	0.9545406	0.9770307
1515	0.947607502	0.928386924	0.932639338	0.966344886	0.982816063	0.954428	0.977266
1520	0.947886416	0.92647803	0.930918603	0.966880493	0.982556586	0.9543735	0.977534
1525	0.948144208	0.924550399	0.929179163	0.967398488	0.982281666	0.9543463	0.9778463
1530	0.948381007	0.922604699	0.927421566	0.967903873	0.9819915	0.9543362	0.9781051
1535	0.948596853	0.920640899	0.925645745	0.968418604	0.981686281	0.9543102	0.9783093
1540	0.948791891	0.918659937	0.923852497	0.968919516	0.981366219	0.9542617	0.9786241
1545	0.948966179	0.916661779	0.922041754	0.969406381	0.981031522	0.9541728	0.9787681
1550	0.949119881	0.914647376	0.920214331	0.969879067	0.980682411	0.9541457	0.97896
1555	0.949315876	0.912756783	0.9184995	0.970251057	0.980378287	0.9541476	0.9791171
1560	0.949499873	0.910852843	0.916770534	0.970615761	0.980063311	0.9540262	0.9792133
1565	0.949671871	0.908935901	0.915027727	0.970973156	0.979737598	0.9538805	0.9793388
1570	0.949831965	0.907006225	0.913271289	0.971323424	0.979401265	0.9537534	0.9794208
1575	0.949980163	0.905064161	0.911501513	0.971666203	0.979054433	0.9537138	0.9796199
1580	0.950116566	0.903109975	0.909718614	0.9720014	0.978697224	0.9536434	0.9797609
1585	0.950241192	0.901144011	0.907922885	0.972328896	0.978329765	0.9535855	0.9797261
1590	0.950354145	0.899166818	0.906114805	0.972649083	0.977952179	0.953495	0.9797845
1595	0.950466114	0.897049923	0.904170411	0.973057259	0.977526097	0.9534766	0.9798304
1600	0.950560028	0.89491967	0.902211652	0.973452607	0.977087286	0.9534317	0.9797674
1605	0.950635954	0.892775916	0.900238368	0.973835352	0.976635934	0.9534472	0.9798094
1610	0.950694044	0.890619581	0.898251386	0.974204593	0.976172227	0.9533868	0.9798398
1615	0.950734378	0.888450516	0.89625054	0.974560985	0.975696364	0.9533319	0.9796878
1620	0.950757115	0.886269648	0.894236668	0.974903687	0.975208537	0.9532228	0.9794882
1625	0.950762348	0.884077113	0.892209874	0.975233347	0.974708952	0.9531523	0.9794076
1630	0.950750246	0.881873258	0.890170456	0.975549492	0.974197806	0.9531626	0.9793923
1635	0.950690012	0.879722232	0.888182161	0.975797934	0.97368959	0.9530709	0.9791978
1640	0.95061569	0.877562335	0.88618347	0.976034909	0.973171821	0.9530077	0.9789549
1645	0.950527395	0.875393951	0.884174731	0.976259984	0.972644708	0.9529223	0.9787996
1650	0.950425313	0.87321739	0.882156216	0.97647315	0.972108444	0.9529097	0.9784382
1655	0.950309563	0.871033031	0.880128269	0.976674362	0.97156324	0.9528725	0.9782118
1660	0.950180336	0.868841475	0.878091446	0.976863649	0.97100929	0.9528759	0.9779503
1665	0.950037757	0.866642498	0.876045514	0.977040904	0.970446807	0.9526271	0.9775415
1670	0.949882014	0.864436701	0.873991032	0.97720617	0.96987598	0.9523932	0.9772579
1675	0.949713241	0.862224749	0.871928628	0.977359463	0.969297028	0.9525012	0.9769232
1680	0.949444724	0.860033739	0.869888944	0.977440306	0.968702145	0.9523854	0.9765371
1685	0.949164572	0.857839015	0.867843562	0.977508734	0.968101035	0.952257	0.9761097
1690	0.948873026	0.855640254	0.865792155	0.977564923	0.96749392	0.9521996	0.975682
1695	0.948570265	0.853438415	0.863735644	0.977608701	0.966881041	0.9521497	0.9753489
1700	0.948256531	0.851233466	0.861673987	0.977640158	0.966262615	0.9521161	0.9749411
1705	0.947932003	0.849025746	0.859607509	0.977659584	0.96563888	0.9520122	0.9744063
1710	0.947596919	0.846815517	0.857536455	0.977666794	0.965010051	0.9519289	0.9738343
1715	0.947251462	0.844602799	0.855460838	0.977661905	0.964376362	0.9518808	0.9732939
1720	0.946895868	0.842388461	0.853381502	0.977645211	0.963738024	0.9517378	0.9727368
1725	0.946502127	0.840207482	0.851333951	0.977584863	0.963103442	0.9517401	0.9720843
1730	0.946081517	0.838049506	0.849307548	0.977492561	0.9624713	0.9517619	0.9715172
1735	0.945653423	0.835892067	0.847279448	0.977389394	0.961836667	0.9516708	0.971014
1740	0.945218083	0.833734749	0.845249239	0.977275683	0.961199734	0.9515874	0.9703371
1745	0.944775678	0.831578119	0.843217487	0.977150968	0.960560713	0.951595	0.96965
1750	0.944326439	0.829422367	0.841184382	0.977016273	0.959919791	0.9516637	0.9689198
1755	0.943870545	0.827268054	0.839150486	0.976871404	0.959277174	0.9515763	0.9680371
1760	0.943408219	0.825114738	0.837115364	0.976716433	0.958633042	0.9515404	0.9672715
1765	0.942939637	0.822962967	0.835079569	0.976551462	0.957987595	0.9514142	0.9666285
1770	0.942465019	0.820813222	0.833043584	0.976376715	0.957341007	0.9514456	0.9657454
1775	0.942042055	0.818750542	0.831089099	0.976191907	0.956735434	0.9513389	0.9649482
1780	0.941630679	0.81671097	0.829154744	0.976000513	0.956139714	0.9513649	0.9642042
1785	0.941216937	0.814672625	0.827219494	0.97580307	0.955543497	0.9513966	0.9633046
1790	0.940800979	0.812636225	0.825284086	0.975599672	0.954946879	0.9512101	0.9623238
1795	0.940382905	0.81060162	0.82334838	0.975390401	0.95434998	0.9511499	0.9613712
1800	0.93996286	0.808568593	0.82141217	0.975175326	0.95375289	0.9510591	0.9603821
1805	0.939540941	0.806537916	0.819476249	0.974954649	0.953155723	0.9509891	0.9594406
1810	0.939117287	0.804509366	0.817540406	0.974728521	0.952558567	0.950998	0.9583961
1815	0.938691993	0.802483087	0.815604801	0.974496879	0.951961531	0.9509755	0.9573258
1820	0.938265196	0.80045916	0.813669532	0.974259978	0.951364698	0.9508504	0.9563154
1825	0.937852471	0.798440925	0.811737453	0.974026362	0.950770927	0.9507269	0.9552233
1830	0.937461795	0.796429687	0.809809669	0.973800864	0.950181308	0.9507191	0.9540509
1835	0.937070059	0.794420616	0.807882135	0.973570869	0.949591651	0.9508263	0.9529827
1840	0.936677375	0.79241378	0.805954932	0.973336538	0.949002018	0.9510158	0.9519812
1845	0.936283815	0.790409306	0.804028205	0.973097949	0.948412497	0.9509164	0.9508848
1850	0.935889489	0.788407256	0.802102033	0.972855194	0.947823149	0.9507909	0.9495958
1855	0.935494465	0.78640775	0.800176553	0.972608344	0.947234059	0.9507345	0.9483028
1860	0.935098852	0.784410847	0.798251842	0.972357511	0.946645282	0.9506162	0.9471021
1865	0.934702713	0.782416969	0.796328347	0.972102846	0.946056901	0.9506896	0.9459601
1870	0.934306154	0.780425555	0.794405509	0.971844301	0.945468969	0.9507582	0.9446385
1875	0.933909237	0.778437023	0.792483771	0.971582024	0.944881564	0.9506953	0.9433002
1880	0.933500577	0.776446184	0.790558301	0.971310648	0.944291711	0.9506619	0.94201
1885	0.933045415	0.774436362	0.788613374	0.971012755	0.943690819	0.9506093	0.9405958
1890	0.932589577	0.772430704	0.786670837	0.970710328	0.943091339	0.9504568	0.9393566
1895	0.932133144	0.770428705	0.784730183	0.970403158	0.942493365	0.9504822	0.9380989
1900	0.931676231	0.768431022	0.782792109	0.970092195	0.941896964	0.9505261	0.9367968
1905	0.931218913	0.766437147	0.780856105	0.969776969	0.941302225	0.9504445	0.9354076
1910	0.930761306	0.764447729	0.778922863	0.969457764	0.940709212	0.9505215	0.9339377
1915	0.930303481	0.762462257	0.776991867	0.969134518	0.940118011	0.9504484	0.9326114
1920	0.929845548	0.760481374	0.775063804	0.968807494	0.939528681	0.9504065	0.9311868
1925	0.929387576	0.758504868	0.773138471	0.96847674	0.938941308	0.9504085	0.9295595
1930	0.928929672	0.75653247	0.771215605	0.968142228	0.938355946	0.9503378	0.9281024
1935	0.928471902	0.75456487	0.769295942	0.967804249	0.937772677	0.9503318	0.9266172
1940	0.928039575	0.752616987	0.767393827	0.967474935	0.937198869	0.9501994	0.9251344
1945	0.927624776	0.750683381	0.765504063	0.967150976	0.93663174	0.9500767	0.9234755
1950	0.927210896	0.748753831	0.763616841	0.966824576	0.936066345	0.9499812	0.9218163
1955	0.926797983	0.746828407	0.761732252	0.966495803	0.935502739	0.9500007	0.9201472
1960	0.926386119	0.74490683	0.759850019	0.966164669	0.934940953	0.9498504	0.9185439
1965	0.92597535	0.742989763	0.757970857	0.965831427	0.934381042	0.9496834	0.9168095
1970	0.925565755	0.741076923	0.756094485	0.965496088	0.933823034	0.9496056	0.9150527
1975	0.925157378	0.739168374	0.754220987	0.965158714	0.93326698	0.949524	0.9133505
1980	0.924750297	0.737264127	0.752350394	0.964819382	0.932712907	0.949549	0.9116134
1985	0.924344551	0.735364244	0.750482786	0.964478159	0.932160863	0.9493653	0.9096424
1990	0.923940218	0.733469027	0.7486185	0.964135314	0.931610871	0.9491991	0.9076824
1995	0.923537336	0.731577945	0.746756993	0.96379059	0.931062979	0.949235	0.9059511
2000	0.923135977	0.729691299	0.744898598	0.96344432	0.930517206	0.9492275	0.904071
2005	0.922679783	0.727858463	0.743093364	0.963039656	0.930007425	0.9492288	0.9022556
2010	0.922226397	0.726030787	0.741291967	0.962634115	0.929501224	0.9490377	0.9003007
2015	0.921775856	0.724208595	0.739494768	0.962227683	0.928998634	0.9489978	0.8985527
2020	0.921328234	0.722391287	0.737701153	0.961819894	0.928499659	0.9489807	0.8968984
2025	0.920883563	0.720579183	0.735911479	0.961411908	0.928004329	0.9489185	0.8949712
2030	0.920441914	0.718772263	0.734125748	0.961003288	0.927512645	0.9488275	0.8931055
2035	0.920003319	0.716970842	0.732344312	0.960594292	0.927024632	0.9486382	0.8913382
2040	0.919567844	0.715174322	0.730566555	0.960184724	0.926540289	0.9487512	0.8895085
2045	0.919135519	0.713383302	0.728793134	0.959774906	0.926059639	0.9487875	0.8877035
2050	0.91870641	0.711597186	0.727023432	0.959364799	0.925582677	0.9488633	0.8860105
2055	0.918280543	0.709816281	0.725257798	0.9589544	0.925109423	0.9488802	0.8843939
2060	0.917857982	0.708040846	0.723496528	0.958544087	0.92463987	0.9487535	0.8824539
2065	0.917438752	0.706270334	0.721739053	0.958133657	0.924174035	0.9484484	0.8799093
2070	0.917074148	0.704553162	0.720033183	0.957745116	0.923734223	0.9482245	0.8775418
2075	0.916726776	0.702852126	0.718342244	0.957363255	0.923302713	0.9482438	0.8755758
2080	0.916383985	0.701154824	0.716654003	0.95698296	0.922873762	0.9482734	0.8734379
2085	0.916045781	0.699461828	0.714969088	0.956604389	0.922447334	0.9479656	0.8713879
2090	0.915712205	0.697772538	0.713286877	0.956227315	0.922023371	0.9479625	0.8693369
2095	0.915383264	0.696087522	0.711607995	0.955852177	0.921601833	0.947872	0.8671163
2100	0.915058996	0.694406462	0.70993212	0.955478823	0.921182656	0.9477301	0.8651034
2105	0.914739406	0.692729086	0.708258977	0.955107238	0.920765799	0.9477693	0.863005
2110	0.914424506	0.69105593	0.706589157	0.95473774	0.920351168	0.947695	0.8610643
2115	0.914114325	0.689386702	0.704922367	0.954370145	0.919938741	0.9475173	0.8589873
2120	0.913808903	0.687721362	0.70325858	0.954004614	0.919528446	0.9475971	0.8567987
2125	0.913508241	0.686059915	0.701597817	0.953641256	0.919120233	0.9475401	0.854743
2130	0.913212379	0.684402047	0.699939757	0.953279324	0.918714023	0.9472479	0.8525897
2135	0.912921315	0.682748307	0.698285008	0.952920379	0.918309761	0.9473605	0.8502278
2140	0.912668589	0.681117835	0.696652426	0.952581995	0.917912558	0.9474955	0.8480362
2145	0.912471501	0.679519329	0.695050608	0.952274306	0.917523544	0.9470137	0.8458304
2150	0.912280063	0.677923122	0.693450328	0.951970074	0.917134193	0.9473123	0.8435076
2155	0.912094262	0.676329214	0.691851603	0.951669418	0.916744388	0.9473606	0.8413761
2160	0.911914123	0.674737565	0.690254403	0.951372324	0.91635398	0.9473921	0.8389857
2165	0.911739633	0.673148175	0.688658742	0.951078706	0.915962844	0.9471934	0.8368751
2170	0.911570815	0.671561002	0.68706459	0.950788787	0.915570824	0.9472183	0.8344217
2175	0.911407658	0.669976047	0.685471961	0.950502554	0.915177789	0.9470196	0.8318925
2180	0.911250184	0.668393267	0.683880823	0.950219882	0.914783574	0.9471081	0.829547
2185	0.911098381	0.666812661	0.68229119	0.949941067	0.914388039	0.9470028	0.8271284
2190	0.910952272	0.665234189	0.68070303	0.94966588	0.913991014	0.9470468	0.8248335
2195	0.910811843	0.663657848	0.679116355	0.949394479	0.913592349	0.9470721	0.8224911
2200	0.910677119	0.662083597	0.677531133	0.949127038	0.913191865	0.9467769	0.8201361
2205	0.910548086	0.660511434	0.675947375	0.948863306	0.912789403	0.9466747	0.8176685
2210	0.910424766	0.658941316	0.674365049	0.948603465	0.912384777	0.946588	0.815198
2215	0.910316135	0.657370116	0.672781006	0.948355558	0.911971789	0.946518	0.8125872
2220	0.910248938	0.655786889	0.671184107	0.948143139	0.911531558	0.9466838	0.8104702
2225	0.910187054	0.654205297	0.669588271	0.947934557	0.911087637	0.9465425	0.8078316
2230	0.910130503	0.652625304	0.667993473	0.947729358	0.910639825	0.9465278	0.8054417
2235	0.910079265	0.651046917	0.666399728	0.947528495	0.91018794	0.9463995	0.8033285
2240	0.910033358	0.649470356	0.664807291	0.947331691	0.90973177	0.946298	0.8008408
2245	0.909992766	0.647895116	0.663215618	0.947138704	0.909271133	0.9461618	0.7983848
2250	0.909957509	0.646321418	0.661624963	0.946949673	0.908805807	0.946201	0.7959891
2255	0.909927569	0.64474952	0.660035617	0.946764648	0.908335598	0.9461635	0.7939646
2260	0.909902968	0.643178881	0.658447	0.946583475	0.907860277	0.9462261	0.7916409
2265	0.909883687	0.64160976	0.656859404	0.946406384	0.907379638	0.9460952	0.7893522
2270	0.909869747	0.640042371	0.655273076	0.946233282	0.906893439	0.9459973	0.7873885
2275	0.90986113	0.638476219	0.65368748	0.946064248	0.906401466	0.9462264	0.785254
2280	0.909857858	0.636911768	0.652103139	0.945899234	0.905903465	0.959	0.808
2285	0.909859913	0.635348524	0.650519517	0.94573832	0.905399209	0.958	0.803
2290	0.909867315	0.633786703	0.648936862	0.945581363	0.904888433	0.977	0.777
2295	0.909880047	0.632226553	0.647355457	0.945428641	0.904370897	0.963	0.769
2300	0.909954118	0.630672595	0.645779586	0.945319983	0.903820456	0.967	0.756
2305	0.910047568	0.629120726	0.644205357	0.945225745	0.903254259	0.965	0.734
2310	0.910146419	0.627569074	0.642630908	0.945135866	0.902678232	0.957	0.73
2315	0.91025065	0.626018137	0.641056794	0.945050536	0.902092082	0.965	0.722
2320	0.910360273	0.624467401	0.639482455	0.944969367	0.901495476	0.976	0.692
2325	0.910475266	0.62291736	0.637908443	0.944892706	0.900888106	0.982	0.693
2330	0.910595643	0.621367741	0.636334468	0.94482077	0.900269625	0.963	0.677
2335	0.910721382	0.619818317	0.634760282	0.944753245	0.89963971	0.962	0.645
2340	0.910852497	0.618269536	0.633186392	0.944690316	0.898997999	0.963	0.643
2345	0.910988964	0.616720932	0.631612287	0.944631777	0.898344156	0.978	0.646
2350	0.911130799	0.615172952	0.630038469	0.944577817	0.8976778	0.969	0.631
2355	0.911277979	0.613625365	0.62846469	0.944528264	0.896998577	0.979	0.63
2360	0.911430516	0.612077906	0.626890664	0.944483243	0.896306088	0.97	0.607
2365	0.91158839	0.610531058	0.625316933	0.944442696	0.895599971	0.97	0.599
2370	0.911751614	0.608984558	0.623743213	0.944406787	0.894879812	0.97	0.589
2375	0.911920166	0.607438182	0.622169259	0.944375254	0.894145225	0.966	0.577
2380	0.912094059	0.605892367	0.620595567	0.944348366	0.893395779	0.977	0.572
2385	0.91228765	0.604340272	0.619015207	0.944339204	0.892615567	0.974	0.563
2390	0.912543532	0.602761856	0.617407945	0.944387763	0.891757083	0.973	0.567
2395	0.912803794	0.601183277	0.615800188	0.944440115	0.890881617	0.973	0.554
2400	0.913068439	0.599604981	0.614192437	0.944496656	0.889988778	0.98	0.557
2405	0.913337436	0.59802676	0.612584465	0.944556811	0.889078208	0.978	0.552
2410	0.913610788	0.5964486	0.610976261	0.944621081	0.888149502	0.973	0.533
2415	0.913888462	0.594870524	0.609367853	0.94468944	0.88720229	0.967	0.539
2420	0.914170463	0.593292291	0.607758981	0.944761676	0.886236154	0.971	0.527
2425	0.914456758	0.591714376	0.606150173	0.944837951	0.885250714	0.958	0.515
2430	0.914747348	0.590136538	0.604541169	0.944918282	0.884245538	0.969	0.514
2435	0.915042202	0.5885588	0.602931996	0.945002413	0.883220234	0.97	0.5
2440	0.915341321	0.586981148	0.601322643	0.94509047	0.882174357	0.965	0.486
2445	0.915644673	0.585403604	0.599713138	0.945182421	0.881107503	0.974	0.492
2450	0.915952259	0.583826155	0.598103471	0.945278276	0.880019214	0.964	0.483
2455	0.916264046	0.582248822	0.596493669	0.945377919	0.878909074	0.967	0.481
2460	0.916580034	0.580671591	0.594883722	0.945481482	0.877776612	0.969	0.47
2465	0.91690019	0.579094485	0.593273655	0.945588936	0.876621399	0.965	0.472
2470	0.917224515	0.577517273	0.591663217	0.945700158	0.875442952	0.969	0.454
2475	0.917552974	0.575940412	0.590052921	0.945815178	0.874240831	0.968	0.461
2480	0.917885566	0.57436367	0.588442512	0.945934125	0.873014537	0.965	0.456
2485	0.918247251	0.572814598	0.586859702	0.946061552	0.871749182	0.965	0.445
2490	0.918613929	0.571264771	0.585275914	0.946193921	0.870454854	0.969	0.439
2495	0.918985564	0.56971421	0.583691171	0.946331006	0.869130962	0.967	0.439
2500	0.919362156	0.568163109	0.582105697	0.94647263	0.867776853	0.963	0.436
