500	3.3465	0.419
510	3.3199	0.4008
520	3.292	0.3856
530	3.2636	0.3732
540	3.2358	0.3638
550	3.2091	0.3565
560	3.1841	0.3509
570	3.1613	0.3463
580	3.1404	0.3423
590	3.121	0.3388
600	3.1026	0.3356
610	3.085	0.3328
620	3.0679	0.3303
630	3.051	0.3283
640	3.034	0.3266
650	3.0169	0.3254
660	3.0003	0.3246
670	2.9847	0.3243
680	2.9706	0.3244
690	2.9582	0.325
700	2.9479	0.326
710	2.9398	0.3275
720	2.9336	0.3295
730	2.9291	0.3319
740	2.9258	0.3347
750	2.9236	0.3381
760	2.9222	0.3419
770	2.9214	0.3462
780	2.921	0.3508
790	2.921	0.3558
800	2.9212	0.361
810	2.9216	0.3664
820	2.9222	0.372
830	2.9229	0.3775
840	2.9239	0.383
850	2.925	0.3884
860	2.9263	0.3935
870	2.9279	0.3982
880	2.9297	0.4026
890	2.9318	0.4068
900	2.9343	0.4107
910	2.9371	0.4144
920	2.9405	0.4181
930	2.9444	0.4218
940	2.9489	0.4255
950	2.9538	0.4292
960	2.9592	0.4329
970	2.9649	0.4366
980	2.9707	0.4403
990	2.9765	0.4438
1000	2.9822	0.4472
1010	2.9875	0.4505
1020	2.9926	0.4535
1030	2.9974	0.4563
1040	3.0021	0.4589
1050	3.0066	0.461
1060	3.0111	0.4628
1070	3.0155	0.464
1080	3.0199	0.4647
1090	3.0244	0.4649
1100	3.029	0.4645
1110	3.0337	0.4635
1120	3.0385	0.462
1130	3.0435	0.4599
1140	3.0486	0.4573
1150	3.0538	0.4543
1160	3.0592	0.4509
1170	3.0645	0.4472
1180	3.0698	0.4433
1190	3.075	0.4393
1200	3.0801	0.4353
1210	3.0851	0.4312
1220	3.09	0.4272
1230	3.0946	0.4233
1240	3.0991	0.4196
1250	3.1033	0.4161
1260	3.1073	0.4128
1270	3.1111	0.4098
1280	3.1147	0.407
1290	3.118	0.4043
1300	3.1211	0.4018
1310	3.1241	0.3993
1320	3.1268	0.3969
1330	3.1293	0.3945
1340	3.1316	0.3921
1350	3.1337	0.3896
1360	3.1357	0.387
1370	3.1374	0.3844
1380	3.139	0.3817
1390	3.1404	0.379
1400	3.1417	0.3763
1410	3.1427	0.3735
1420	3.1436	0.3708
1430	3.1444	0.368
1440	3.145	0.3653
1450	3.1455	0.3626
1460	3.1458	0.36
1470	3.1461	0.3574
1480	3.1462	0.3548
1490	3.1463	0.3523
1500	3.1464	0.3499
1510	3.1464	0.3476
1520	3.1463	0.3453
1530	3.1463	0.343
1540	3.1462	0.3409
1550	3.1462	0.3388
1560	3.1461	0.3367
1570	3.1461	0.3347
1580	3.1462	0.3328
1590	3.1462	0.331
1600	3.1464	0.3292
1610	3.1467	0.3275
1620	3.147	0.3259
1630	3.1475	0.3244
1640	3.1481	0.323
1650	3.149	0.3217
1660	3.1499	0.3205
1670	3.1511	0.3194
1680	3.1523	0.3184
1690	3.1537	0.3175
1700	3.1552	0.3166
1710	3.1568	0.3158
1720	3.1584	0.3149
1730	3.16	0.314
1740	3.1616	0.3131
1750	3.1632	0.3121
1760	3.1648	0.311
1770	3.1663	0.3098
1780	3.1678	0.3085
1790	3.1691	0.3072
1800	3.1704	0.3058
1810	3.1716	0.3043
1820	3.1726	0.3028
1830	3.1736	0.3012
1840	3.1745	0.2996
1850	3.1753	0.2981
1860	3.176	0.2965
1870	3.1766	0.2949
1880	3.1772	0.2933
1890	3.1778	0.2917
1900	3.1782	0.2902
1910	3.1787	0.2887
1920	3.179	0.2872
1930	3.1794	0.2858
1940	3.1797	0.2844
1950	3.18	0.2831
1960	3.1802	0.2818
1970	3.1804	0.2806
1980	3.1806	0.2795
1990	3.1807	0.2785
2000	3.1808	0.2775
2010	3.1809	0.2767
2020	3.1809	0.2758
2030	3.181	0.2751
2040	3.181	0.2744
2050	3.181	0.2738
2060	3.1809	0.2733
2070	3.1808	0.2728
2080	3.1807	0.2723
2090	3.1806	0.2719
2100	3.1805	0.2715
2110	3.1803	0.2712
2120	3.1802	0.2709
2130	3.18	0.2706
2140	3.1798	0.2704
2150	3.1796	0.2701
2160	3.1794	0.2699
2170	3.1791	0.2697
2180	3.1789	0.2695
2190	3.1787	0.2693
2200	3.1785	0.2691
2210	3.1783	0.2689
2220	3.1781	0.2687
2230	3.1779	0.2684
2240	3.1778	0.2682
2250	3.1776	0.268
2260	3.1775	0.2678
2270	3.1774	0.2675
2280	3.1774	0.2673
2290	3.1773	0.267
2300	3.1773	0.2667
2310	3.1773	0.2664
2320	3.1773	0.2661
2330	3.1774	0.2658
2340	3.1774	0.2654
2350	3.1775	0.265
2360	3.1776	0.2646
2370	3.1777	0.2642
2380	3.1778	0.2637
2390	3.178	0.2632
2400	3.1781	0.2627
2410	3.1783	0.2622
2420	3.1784	0.2616
2430	3.1786	0.261
2440	3.1788	0.2603
2450	3.179	0.2597
2460	3.1791	0.259
2470	3.1793	0.2582
2480	3.1795	0.2574
2490	3.1797	0.2565
2500	3.1799	0.2556
2510	3.1801	0.2546
2520	3.1803	0.2536
2530	3.1805	0.2525
2540	3.1807	0.2513
2550	3.1809	0.25
2560	3.181	0.2486
2570	3.1812	0.2471
2580	3.1814	0.2456
2590	3.1815	0.2441
2600	3.1816	0.2426
2610	3.1817	0.241
2620	3.1818	0.2395
2630	3.1819	0.238
2640	3.1819	0.2366
2650	3.1819	0.2353
2660	3.1819	0.234
2670	3.1818	0.2329
2680	3.1818	0.2319
2690	3.1817	0.2311
2700	3.1815	0.2303
2710	3.1813	0.2296
2720	3.1812	0.229
2730	3.1809	0.2285
2740	3.1807	0.2281
2750	3.1804	0.2277
2760	3.1802	0.2273
2770	3.1799	0.227
2780	3.1796	0.2268
2790	3.1792	0.2265
2800	3.1789	0.2263
2810	3.1786	0.2262
2820	3.1782	0.226
2830	3.1778	0.2259
2840	3.1775	0.2258
2850	3.1771	0.2257
2860	3.1767	0.2256
2870	3.1763	0.2256
2880	3.1758	0.2255
2890	3.1754	0.2255
2900	3.175	0.2254
2910	3.1745	0.2254
2920	3.1741	0.2253
2930	3.1736	0.2253
2940	3.1731	0.2253
2950	3.1727	0.2252
2960	3.1722	0.2252
2970	3.1717	0.2252
2980	3.1712	0.2252
2990	3.1707	0.2251
3000	3.1702	0.2251
3010	3.1696	0.2251
3020	3.1691	0.225
3030	3.1686	0.225
3040	3.1681	0.2249
3050	3.1675	0.2249
3060	3.167	0.2248
3070	3.1665	0.2247
3080	3.166	0.2246
3090	3.1655	0.2245
3100	3.165	0.2244
3110	3.1645	0.2243
3120	3.164	0.2241
3130	3.1635	0.224
3140	3.163	0.2238
3150	3.1626	0.2236
3160	3.1621	0.2234
3170	3.1617	0.2232
3180	3.1613	0.223
3190	3.1609	0.2227
3200	3.1605	0.2225
3210	3.1601	0.2223
3220	3.1597	0.222
3230	3.1594	0.2218
3240	3.159	0.2216
3250	3.1587	0.2214
3260	3.1584	0.2212
3270	3.1581	0.2211
3280	3.1578	0.221
3290	3.1576	0.2209
3300	3.1573	0.2209
3310	3.1571	0.2209
3320	3.1569	0.2209
3330	3.1567	0.221
3340	3.1565	0.2211
3350	3.1563	0.2212
3360	3.1562	0.2214
3370	3.156	0.2216
3380	3.1559	0.2218
3390	3.1558	0.2221
3400	3.1557	0.2224
3410	3.1556	0.2227
3420	3.1555	0.223
3430	3.1554	0.2233
3440	3.1554	0.2237
3450	3.1553	0.224
3460	3.1553	0.2244
3470	3.1553	0.2247
3480	3.1553	0.2251
3490	3.1553	0.2255
3500	3.1553	0.2258
3510	3.1553	0.2262
3520	3.1553	0.2265
3530	3.1553	0.2269
3540	3.1554	0.2273
3550	3.1554	0.2276
3560	3.1555	0.228
3570	3.1556	0.2283
3580	3.1556	0.2286
3590	3.1557	0.2289
3600	3.1558	0.2292
3610	3.1559	0.2294
3620	3.156	0.2297
3630	3.1561	0.2299
3640	3.1562	0.2301
3650	3.1563	0.2303
3660	3.1564	0.2304
3670	3.1566	0.2305
3680	3.1567	0.2306
3690	3.1568	0.2307
3700	3.157	0.2307
3710	3.1571	0.2307
3720	3.1573	0.2307
3730	3.1575	0.2306
3740	3.1576	0.2305
3750	3.1578	0.2304
3760	3.1579	0.2303
3770	3.1581	0.2302
3780	3.1583	0.23
3790	3.1585	0.2298
3800	3.1587	0.2297
3810	3.1588	0.2295
3820	3.159	0.2294
3830	3.1592	0.2293
3840	3.1594	0.2292
3850	3.1596	0.2291
3860	3.1598	0.2291
3870	3.16	0.2291
3880	3.1602	0.2291
3890	3.1604	0.2292
3900	3.1606	0.2293
3910	3.1608	0.2294
3920	3.161	0.2296
3930	3.1612	0.2297
3940	3.1614	0.2299
3950	3.1616	0.2301
3960	3.1618	0.2302
3970	3.162	0.2304
3980	3.1622	0.2306
3990	3.1624	0.2308
4000	3.1627	0.231
4010	3.1629	0.2312
4020	3.1631	0.2313
4030	3.1633	0.2315
4040	3.1635	0.2317
4050	3.1637	0.2319
4060	3.1639	0.232
4070	3.1641	0.2322
4080	3.1643	0.2323
4090	3.1645	0.2325
4100	3.1647	0.2326
4110	3.1649	0.2328
4120	3.1652	0.2329
4130	3.1654	0.233
4140	3.1656	0.2331
4150	3.1658	0.2332
4160	3.166	0.2333
4170	3.1662	0.2334
4180	3.1664	0.2335
4190	3.1666	0.2335
4200	3.1668	0.2336
4210	3.167	0.2337
4220	3.1672	0.2337
4230	3.1674	0.2338
4240	3.1676	0.2338
4250	3.1678	0.2339
4260	3.1679	0.2339
4270	3.1681	0.234
4280	3.1683	0.234
4290	3.1685	0.2341
4300	3.1687	0.2341
4310	3.1689	0.2342
4320	3.1691	0.2342
4330	3.1692	0.2343
4340	3.1694	0.2343
4350	3.1696	0.2344
4360	3.1697	0.2345
4370	3.1699	0.2345
4380	3.1701	0.2346
4390	3.1702	0.2347
4400	3.1704	0.2348
4410	3.1705	0.2349
4420	3.1707	0.235
4430	3.1708	0.2351
4440	3.171	0.2352
4450	3.1711	0.2354
4460	3.1713	0.2355
4470	3.1714	0.2356
4480	3.1715	0.2358
4490	3.1716	0.2359
4500	3.1718	0.236
4510	3.1719	0.2361
4520	3.172	0.2363
4530	3.1721	0.2363
4540	3.1722	0.2364
4550	3.1723	0.2365
4560	3.1724	0.2365
4570	3.1725	0.2365
4580	3.1725	0.2365
4590	3.1726	0.2365
4600	3.1727	0.2365
4610	3.1728	0.2364
4620	3.1728	0.2363
4630	3.1729	0.2362
4640	3.1729	0.236
4650	3.173	0.2359
4660	3.173	0.2357
4670	3.1731	0.2355
4680	3.1731	0.2353
4690	3.1731	0.235
4700	3.1732	0.2348
4710	3.1732	0.2345
4720	3.1732	0.2342
4730	3.1732	0.2339
4740	3.1732	0.2336
4750	3.1732	0.2333
4760	3.1732	0.233
4770	3.1732	0.2327
4780	3.1732	0.2324
4790	3.1732	0.2321
4800	3.1732	0.2318
4810	3.1731	0.2314
4820	3.1731	0.2311
4830	3.1731	0.2308
4840	3.173	0.2305
4850	3.173	0.2302
4860	3.1729	0.2299
4870	3.1729	0.2296
4880	3.1728	0.2293
4890	3.1728	0.229
4900	3.1727	0.2287
4910	3.1726	0.2285
4920	3.1726	0.2282
4930	3.1725	0.228
4940	3.1724	0.2278
4950	3.1723	0.2276
4960	3.1722	0.2274
4970	3.1721	0.2273
4980	3.172	0.2271
4990	3.1719	0.2271
5000	3.1718	0.227
5010	3.1717	0.227
5020	3.1716	0.227
5030	3.1715	0.2271
5040	3.1714	0.2271
5050	3.1713	0.2272
5060	3.1712	0.2273
5070	3.171	0.2274
5080	3.1709	0.2275
5090	3.1708	0.2276
5100	3.1707	0.2277
5110	3.1705	0.2277
5120	3.1704	0.2278
5130	3.1703	0.2278
5140	3.1701	0.2278
5150	3.17	0.2277
5160	3.1698	0.2276
5170	3.1697	0.2275
5180	3.1695	0.2274
5190	3.1694	0.2272
5200	3.1692	0.227
5210	3.1691	0.2268
5220	3.1689	0.2265
5230	3.1687	0.2263
5240	3.1686	0.226
5250	3.1684	0.2257
5260	3.1682	0.2254
5270	3.168	0.2251
5280	3.1679	0.2247
5290	3.1677	0.2244
5300	3.1675	0.2241
5310	3.1673	0.2237
5320	3.1671	0.2234
5330	3.1669	0.223
5340	3.1667	0.2227
5350	3.1665	0.2224
5360	3.1663	0.222
5370	3.1661	0.2217
5380	3.1658	0.2213
5390	3.1656	0.221
5400	3.1654	0.2206
5410	3.1652	0.2203
5420	3.1649	0.22
5430	3.1647	0.2196
5440	3.1645	0.2193
5450	3.1642	0.219
5460	3.164	0.2187
5470	3.1637	0.2184
5480	3.1635	0.2182
5490	3.1632	0.2179
5500	3.163	0.2177
5510	3.1627	0.2175
5520	3.1625	0.2173
5530	3.1622	0.2171
5540	3.1619	0.2169
5550	3.1616	0.2168
5560	3.1614	0.2166
5570	3.1611	0.2165
5580	3.1608	0.2164
5590	3.1605	0.2163
5600	3.1602	0.2162
5610	3.1599	0.2161
5620	3.1596	0.216
5630	3.1593	0.2159
5640	3.159	0.2158
5650	3.1587	0.2156
5660	3.1584	0.2155
5670	3.1581	0.2154
5680	3.1577	0.2152
5690	3.1574	0.215
5700	3.1571	0.2148
5710	3.1568	0.2146
5720	3.1564	0.2143
5730	3.1561	0.214
5740	3.1558	0.2137
5750	3.1554	0.2134
5760	3.1551	0.2131
5770	3.1547	0.2127
5780	3.1544	0.2123
5790	3.154	0.212
5800	3.1536	0.2116
5810	3.1533	0.2112
5820	3.1529	0.2108
5830	3.1525	0.2104
5840	3.1522	0.2101
5850	3.1518	0.2097
5860	3.1514	0.2093
5870	3.151	0.2089
5880	3.1506	0.2086
5890	3.1502	0.2082
5900	3.1498	0.2079
5910	3.1494	0.2076
5920	3.149	0.2073
5930	3.1486	0.207
5940	3.1482	0.2068
5950	3.1477	0.2065
5960	3.1473	0.2063
5970	3.1469	0.2061
5980	3.1464	0.206
5990	3.146	0.2059
6000	3.1455	0.2058
6010	3.1451	0.2057
6020	3.1446	0.2057
6030	3.1442	0.2057
6040	3.1437	0.2057
6050	3.1432	0.2057
6060	3.1427	0.2058
6070	3.1422	0.2059
6080	3.1417	0.206
6090	3.1412	0.2061
6100	3.1407	0.2062
6110	3.1401	0.2063
6120	3.1396	0.2064
6130	3.139	0.2065
6140	3.1385	0.2066
6150	3.1379	0.2067
6160	3.1373	0.2068
6170	3.1367	0.2069
6180	3.1361	0.207
6190	3.1355	0.207
6200	3.1349	0.207
6210	3.1342	0.2071
6220	3.1336	0.207
6230	3.1329	0.207
6240	3.1322	0.2069
6250	3.1316	0.2068
6260	3.1309	0.2067
6270	3.1302	0.2065
6280	3.1294	0.2063
6290	3.1287	0.2061
6300	3.128	0.2059
6310	3.1272	0.2056
6320	3.1265	0.2054
6330	3.1257	0.2051
6340	3.125	0.2048
6350	3.1242	0.2044
6360	3.1234	0.2041
6370	3.1227	0.2038
6380	3.1219	0.2034
6390	3.1211	0.2031
6400	3.1203	0.2027
6410	3.1196	0.2024
6420	3.1188	0.202
6430	3.118	0.2016
6440	3.1173	0.2013
6450	3.1165	0.2009
6460	3.1158	0.2006
6470	3.115	0.2003
6480	3.1143	0.1999
6490	3.1136	0.1996
6500	3.1129	0.1993
6510	3.1122	0.199
6520	3.1115	0.1988
6530	3.1108	0.1985
6540	3.1101	0.1983
6550	3.1094	0.1981
6560	3.1087	0.1979
6570	3.108	0.1978
6580	3.1074	0.1976
6590	3.1067	0.1975
6600	3.106	0.1974
6610	3.1054	0.1973
6620	3.1047	0.1972
6630	3.1041	0.1971
6640	3.1034	0.197
6650	3.1028	0.1969
6660	3.1022	0.1968
6670	3.1015	0.1968
6680	3.1009	0.1967
6690	3.1003	0.1966
6700	3.0996	0.1965
6710	3.099	0.1964
6720	3.0984	0.1963
6730	3.0978	0.1962
6740	3.0972	0.196
6750	3.0965	0.1959
6760	3.0959	0.1957
6770	3.0953	0.1955
6780	3.0947	0.1952
6790	3.0941	0.195
6800	3.0935	0.1947
6810	3.0929	0.1944
6820	3.0923	0.194
6830	3.0917	0.1936
6840	3.0911	0.1932
6850	3.0905	0.1928
6860	3.0899	0.1924
6870	3.0893	0.1919
6880	3.0887	0.1915
6890	3.0881	0.191
6900	3.0875	0.1905
6910	3.0869	0.19
6920	3.0864	0.1895
6930	3.0858	0.189
6940	3.0852	0.1885
6950	3.0846	0.188
6960	3.084	0.1875
6970	3.0834	0.1871
6980	3.0828	0.1866
6990	3.0822	0.1862
7000	3.0817	0.1857
7010	3.0811	0.1853
7020	3.0805	0.185
7030	3.0799	0.1846
7040	3.0793	0.1843
7050	3.0787	0.184
7060	3.0782	0.1837
7070	3.0776	0.1834
7080	3.077	0.1832
7090	3.0764	0.183
7100	3.0758	0.1829
7110	3.0753	0.1828
7120	3.0747	0.1827
7130	3.0741	0.1826
7140	3.0735	0.1825
7150	3.0729	0.1825
7160	3.0724	0.1825
7170	3.0718	0.1825
7180	3.0712	0.1824
7190	3.0706	0.1824
7200	3.0701	0.1825
7210	3.0695	0.1825
7220	3.0689	0.1825
7230	3.0683	0.1825
7240	3.0678	0.1825
7250	3.0672	0.1825
7260	3.0666	0.1824
7270	3.066	0.1824
7280	3.0655	0.1824
7290	3.0649	0.1823
7300	3.0643	0.1822
7310	3.0637	0.182
7320	3.0632	0.1819
7330	3.0626	0.1817
7340	3.062	0.1814
7350	3.0615	0.1812
7360	3.0609	0.1808
7370	3.0603	0.1805
7380	3.0598	0.1801
7390	3.0592	0.1797
7400	3.0587	0.1792
7410	3.0581	0.1787
7420	3.0575	0.1782
7430	3.057	0.1777
7440	3.0564	0.1772
7450	3.0559	0.1767
7460	3.0553	0.1762
7470	3.0548	0.1758
7480	3.0543	0.1753
7490	3.0537	0.1748
7500	3.0532	0.1744
7510	3.0526	0.174
7520	3.0521	0.1736
7530	3.0516	0.1733
7540	3.0511	0.173
7550	3.0505	0.1727
7560	3.05	0.1725
7570	3.0495	0.1723
7580	3.049	0.1721
7590	3.0485	0.172
7600	3.0479	0.172
7610	3.0474	0.1719
7620	3.0469	0.1719
7630	3.0464	0.1719
7640	3.0459	0.1719
7650	3.0454	0.1719
7660	3.0449	0.172
7670	3.0443	0.172
7680	3.0438	0.1721
7690	3.0433	0.1722
7700	3.0428	0.1723
7710	3.0423	0.1724
7720	3.0417	0.1725
7730	3.0412	0.1726
7740	3.0407	0.1727
7750	3.0401	0.1728
7760	3.0396	0.1729
7770	3.039	0.1729
7780	3.0384	0.173
7790	3.0379	0.1731
7800	3.0373	0.1732
7810	3.0367	0.1732
7820	3.0361	0.1733
7830	3.0355	0.1733
7840	3.0349	0.1733
7850	3.0343	0.1732
7860	3.0337	0.1732
7870	3.0331	0.1731
7880	3.0324	0.173
7890	3.0318	0.1728
7900	3.0311	0.1726
7910	3.0304	0.1724
7920	3.0297	0.1722
7930	3.029	0.1719
7940	3.0283	0.1716
7950	3.0276	0.1713
7960	3.0268	0.171
7970	3.0261	0.1707
7980	3.0253	0.1703
7990	3.0245	0.17
8000	3.0236	0.1696
8010	3.0228	0.1693
8020	3.0219	0.1689
8030	3.021	0.1686
8040	3.0201	0.1683
8050	3.0192	0.168
8060	3.0183	0.1677
8070	3.0173	0.1674
8080	3.0163	0.1672
8090	3.0153	0.167
8100	3.0143	0.1668
8110	3.0132	0.1666
8120	3.0122	0.1665
8130	3.0111	0.1664
8140	3.01	0.1663
8150	3.0089	0.1662
8160	3.0078	0.1661
8170	3.0067	0.1661
8180	3.0056	0.1661
8190	3.0044	0.166
8200	3.0033	0.166
8210	3.0021	0.166
8220	3.001	0.1661
8230	2.9998	0.1661
8240	2.9986	0.1661
8250	2.9975	0.1661
8260	2.9963	0.1662
8270	2.9951	0.1662
8280	2.9939	0.1663
8290	2.9928	0.1663
8300	2.9916	0.1664
8310	2.9904	0.1664
8320	2.9893	0.1665
8330	2.9881	0.1665
8340	2.987	0.1665
8350	2.9858	0.1666
8360	2.9847	0.1666
8370	2.9835	0.1666
8380	2.9824	0.1666
8390	2.9812	0.1666
8400	2.9801	0.1666
8410	2.979	0.1666
8420	2.9779	0.1666
8430	2.9768	0.1665
8440	2.9757	0.1665
8450	2.9746	0.1664
8460	2.9735	0.1663
8470	2.9724	0.1662
8480	2.9713	0.166
8490	2.9702	0.1659
8500	2.9691	0.1657
8510	2.968	0.1656
8520	2.967	0.1654
8530	2.9659	0.1652
8540	2.9648	0.165
8550	2.9638	0.1648
8560	2.9627	0.1645
8570	2.9617	0.1643
8580	2.9607	0.1641
8590	2.9596	0.1639
8600	2.9586	0.1637
8610	2.9576	0.1634
8620	2.9566	0.1632
8630	2.9556	0.163
8640	2.9546	0.1628
8650	2.9536	0.1626
8660	2.9526	0.1624
8670	2.9516	0.1622
8680	2.9506	0.162
8690	2.9496	0.1618
8700	2.9487	0.1616
8710	2.9477	0.1614
8720	2.9467	0.1612
8730	2.9458	0.1611
8740	2.9448	0.1609
8750	2.9439	0.1607
8760	2.943	0.1605
8770	2.9421	0.1604
8780	2.9411	0.1602
8790	2.9402	0.16
8800	2.9393	0.1599
8810	2.9384	0.1597
8820	2.9376	0.1596
8830	2.9367	0.1594
8840	2.9358	0.1593
8850	2.935	0.1591
8860	2.9341	0.159
8870	2.9333	0.1588
8880	2.9324	0.1587
8890	2.9316	0.1585
8900	2.9307	0.1584
8910	2.9299	0.1582
8920	2.9291	0.1581
8930	2.9283	0.158
8940	2.9275	0.1578
8950	2.9266	0.1577
8960	2.9258	0.1576
8970	2.925	0.1575
8980	2.9242	0.1573
8990	2.9234	0.1572
9000	2.9226	0.1571
9010	2.9217	0.157
9020	2.9209	0.1569
9030	2.9201	0.1568
9040	2.9193	0.1567
9050	2.9184	0.1567
9060	2.9176	0.1566
9070	2.9168	0.1565
9080	2.9159	0.1565
9090	2.915	0.1564
9100	2.9142	0.1564
9110	2.9133	0.1563
9120	2.9124	0.1563
9130	2.9115	0.1563
9140	2.9106	0.1563
9150	2.9097	0.1563
9160	2.9088	0.1563
9170	2.9078	0.1563
9180	2.9068	0.1564
9190	2.9059	0.1564
9200	2.9049	0.1564
9210	2.9039	0.1565
9220	2.9028	0.1565
9230	2.9018	0.1566
9240	2.9007	0.1566
9250	2.8996	0.1567
9260	2.8985	0.1567
9270	2.8974	0.1568
9280	2.8962	0.1568
9290	2.8951	0.1568
9300	2.8939	0.1569
9310	2.8926	0.1569
9320	2.8914	0.1569
9330	2.8901	0.1569
9340	2.8888	0.1569
9350	2.8875	0.1569
9360	2.8862	0.1568
9370	2.8849	0.1568
9380	2.8835	0.1567
9390	2.8821	0.1566
9400	2.8807	0.1565
9410	2.8793	0.1564
9420	2.8779	0.1562
9430	2.8765	0.1561
9440	2.8751	0.1559
9450	2.8736	0.1556
9460	2.8722	0.1553
9470	2.8707	0.155
9480	2.8692	0.1547
9490	2.8678	0.1543
9500	2.8663	0.1539
9510	2.8648	0.1535
9520	2.8633	0.153
9530	2.8619	0.1526
9540	2.8604	0.1521
9550	2.8589	0.1516
9560	2.8574	0.1511
9570	2.856	0.1506
9580	2.8545	0.1501
9590	2.853	0.1497
9600	2.8516	0.1493
9610	2.8501	0.1488
9620	2.8487	0.1485
9630	2.8473	0.1481
9640	2.8458	0.1478
9650	2.8444	0.1476
9660	2.843	0.1473
9670	2.8416	0.1472
9680	2.8403	0.1471
9690	2.8389	0.147
9700	2.8376	0.147
9710	2.8363	0.147
9720	2.835	0.1471
9730	2.8337	0.1472
9740	2.8324	0.1474
9750	2.8312	0.1476
9760	2.8299	0.1478
9770	2.8287	0.1481
9780	2.8275	0.1484
9790	2.8263	0.1487
9800	2.8251	0.149
9810	2.824	0.1493
9820	2.8228	0.1496
9830	2.8217	0.1499
9840	2.8206	0.1502
9850	2.8194	0.1505
9860	2.8183	0.1508
9870	2.8172	0.151
9880	2.8161	0.1513
9890	2.8151	0.1515
9900	2.814	0.1518
9910	2.8129	0.1519
9920	2.8118	0.1521
9930	2.8108	0.1522
9940	2.8097	0.1523
9950	2.8087	0.1523
9960	2.8077	0.1522
9970	2.8066	0.1521
9980	2.8056	0.152
9990	2.8046	0.1517
10000	2.8035	0.1513
10010	2.8025	0.1509
10020	2.8015	0.1503
10030	2.8004	0.1497
10040	2.7994	0.1489
10050	2.7984	0.1481
10060	2.7974	0.1473
10070	2.7963	0.1463
10080	2.7953	0.1453
10090	2.7942	0.1443
10100	2.7932	0.1432
10110	2.7921	0.1422
10120	2.7911	0.1411
10130	2.79	0.1401
10140	2.7889	0.1391
10150	2.7878	0.1382
10160	2.7867	0.1373
10170	2.7856	0.1365
10180	2.7844	0.1358
10190	2.7833	0.1352
10200	2.7821	0.1346
10210	2.7809	0.1342
10220	2.7797	0.1339
10230	2.7785	0.1336
10240	2.7773	0.1335
10250	2.7761	0.1334
10260	2.7748	0.1334
10270	2.7735	0.1335
10280	2.7722	0.1336
10290	2.7709	0.1338
10300	2.7696	0.134
10310	2.7683	0.1342
10320	2.7669	0.1345
10330	2.7656	0.1348
10340	2.7642	0.1352
10350	2.7628	0.1355
10360	2.7615	0.1359
10370	2.7601	0.1363
10380	2.7586	0.1367
10390	2.7572	0.1371
10400	2.7558	0.1375
10410	2.7544	0.1379
10420	2.753	0.1384
10430	2.7515	0.1388
10440	2.7501	0.1392
10450	2.7487	0.1396
10460	2.7472	0.14
10470	2.7458	0.1403
10480	2.7443	0.1407
10490	2.7429	0.141
10500	2.7414	0.1413
10510	2.74	0.1415
10520	2.7385	0.1417
10530	2.7371	0.1419
10540	2.7356	0.1421
10550	2.7341	0.1422
10560	2.7327	0.1422
10570	2.7312	0.1423
10580	2.7297	0.1423
10590	2.7283	0.1423
10600	2.7268	0.1422
10610	2.7253	0.1422
10620	2.7238	0.1421
10630	2.7223	0.142
10640	2.7208	0.1418
10650	2.7193	0.1417
10660	2.7179	0.1415
10670	2.7164	0.1414
10680	2.7149	0.1412
10690	2.7133	0.141
10700	2.7118	0.1408
10710	2.7103	0.1406
10720	2.7088	0.1404
10730	2.7073	0.1402
10740	2.7058	0.14
10750	2.7042	0.1398
10760	2.7027	0.1396
10770	2.7012	0.1395
10780	2.6996	0.1393
10790	2.6981	0.1392
10800	2.6966	0.139
10810	2.695	0.1389
10820	2.6934	0.1388
10830	2.6919	0.1387
10840	2.6903	0.1386
10850	2.6888	0.1385
10860	2.6872	0.1384
10870	2.6856	0.1383
10880	2.684	0.1382
10890	2.6824	0.1381
10900	2.6809	0.138
10910	2.6793	0.1379
10920	2.6777	0.1379
10930	2.6761	0.1378
10940	2.6745	0.1377
10950	2.6729	0.1376
10960	2.6713	0.1376
10970	2.6696	0.1375
10980	2.668	0.1374
10990	2.6664	0.1373
11000	2.6648	0.1372
11010	2.6632	0.1371
11020	2.6616	0.137
11030	2.66	0.1369
11040	2.6583	0.1368
11050	2.6567	0.1367
11060	2.6551	0.1366
11070	2.6535	0.1365
11080	2.6519	0.1363
11090	2.6503	0.1362
11100	2.6487	0.136
11110	2.6471	0.1359
11120	2.6455	0.1357
11130	2.6439	0.1355
11140	2.6423	0.1353
11150	2.6407	0.1352
11160	2.6391	0.135
11170	2.6375	0.1348
11180	2.6359	0.1346
11190	2.6344	0.1344
11200	2.6328	0.1343
11210	2.6312	0.1341
11220	2.6297	0.1339
11230	2.6281	0.1338
11240	2.6266	0.1336
11250	2.6251	0.1335
11260	2.6235	0.1334
11270	2.622	0.1332
11280	2.6205	0.1331
11290	2.619	0.133
11300	2.6175	0.1329
11310	2.6161	0.1329
11320	2.6146	0.1328
11330	2.6131	0.1327
11340	2.6117	0.1327
11350	2.6103	0.1327
11360	2.6089	0.1326
11370	2.6075	0.1326
11380	2.6061	0.1326
11390	2.6047	0.1325
11400	2.6033	0.1325
11410	2.602	0.1325
11420	2.6006	0.1325
11430	2.5993	0.1325
11440	2.598	0.1325
11450	2.5967	0.1325
11460	2.5953	0.1326
11470	2.594	0.1326
11480	2.5927	0.1326
11490	2.5914	0.1326
11500	2.5901	0.1327
11510	2.5888	0.1327
11520	2.5875	0.1327
11530	2.5862	0.1327
11540	2.5849	0.1328
11550	2.5836	0.1328
11560	2.5823	0.1329
11570	2.581	0.1329
11580	2.5797	0.1329
11590	2.5783	0.133
11600	2.577	0.133
11610	2.5756	0.133
11620	2.5742	0.1331
11630	2.5728	0.1331
11640	2.5714	0.1332
11650	2.57	0.1332
11660	2.5685	0.1333
11670	2.567	0.1333
11680	2.5655	0.1334
11690	2.5639	0.1334
11700	2.5622	0.1335
11710	2.5606	0.1336
11720	2.5589	0.1337
11730	2.5571	0.1338
11740	2.5553	0.1338
11750	2.5535	0.1339
11760	2.5516	0.134
11770	2.5497	0.1342
11780	2.5478	0.1343
11790	2.5458	0.1344
11800	2.5438	0.1345
11810	2.5418	0.1347
11820	2.5398	0.1348
11830	2.5378	0.135
11840	2.5358	0.1351
11850	2.5337	0.1353
11860	2.5317	0.1355
11870	2.5297	0.1356
11880	2.5276	0.1358
11890	2.5256	0.1359
11900	2.5236	0.1361
11910	2.5216	0.1363
11920	2.5197	0.1364
11930	2.5177	0.1366
11940	2.5158	0.1367
11950	2.5139	0.1368
11960	2.512	0.137
11970	2.5101	0.1371
11980	2.5083	0.1372
11990	2.5064	0.1373
12000	2.5046	0.1374
12010	2.5028	0.1375
12020	2.501	0.1376
12030	2.4992	0.1376
12040	2.4975	0.1377
12050	2.4957	0.1377
12060	2.4939	0.1377
12070	2.4922	0.1377
12080	2.4904	0.1377
12090	2.4887	0.1377
12100	2.4869	0.1376
12110	2.4852	0.1375
12120	2.4834	0.1374
12130	2.4817	0.1372
12140	2.4799	0.1371
12150	2.4781	0.1369
12160	2.4763	0.1367
12170	2.4746	0.1365
12180	2.4728	0.1362
12190	2.471	0.136
12200	2.4692	0.1357
12210	2.4673	0.1355
12220	2.4655	0.1352
12230	2.4637	0.1349
12240	2.4618	0.1346
12250	2.4599	0.1343
12260	2.458	0.1341
12270	2.4561	0.1338
12280	2.4542	0.1335
12290	2.4522	0.1333
12300	2.4503	0.133
12310	2.4483	0.1328
12320	2.4462	0.1326
12330	2.4442	0.1324
12340	2.4421	0.1322
12350	2.4399	0.132
12360	2.4378	0.1319
12370	2.4355	0.1318
12380	2.4333	0.1317
12390	2.431	0.1317
12400	2.4287	0.1316
12410	2.4263	0.1316
12420	2.4239	0.1316
12430	2.4215	0.1316
12440	2.4191	0.1316
12450	2.4166	0.1316
12460	2.4141	0.1316
12470	2.4116	0.1317
12480	2.409	0.1317
12490	2.4065	0.1318
12500	2.4039	0.1319
12510	2.4013	0.1319
12520	2.3988	0.132
12530	2.3962	0.1321
12540	2.3936	0.1322
12550	2.3911	0.1323
12560	2.3885	0.1323
12570	2.386	0.1324
12580	2.3835	0.1325
12590	2.381	0.1326
12600	2.3786	0.1327
12610	2.3762	0.1327
12620	2.3738	0.1328
12630	2.3715	0.1329
12640	2.3692	0.1329
12650	2.3669	0.133
12660	2.3647	0.133
12670	2.3625	0.1331
12680	2.3604	0.1331
12690	2.3583	0.1331
12700	2.3562	0.1331
12710	2.3541	0.1332
12720	2.3521	0.1332
12730	2.3501	0.1332
12740	2.3481	0.1332
12750	2.3462	0.1332
12760	2.3442	0.1332
12770	2.3423	0.1332
12780	2.3403	0.1332
12790	2.3384	0.1331
12800	2.3365	0.1331
12810	2.3346	0.1331
12820	2.3327	0.1331
12830	2.3308	0.1331
12840	2.3289	0.133
12850	2.327	0.133
12860	2.3251	0.133
12870	2.3232	0.133
12880	2.3213	0.133
12890	2.3194	0.1329
12900	2.3174	0.1329
12910	2.3155	0.1329
12920	2.3135	0.1329
12930	2.3116	0.1329
12940	2.3096	0.1329
12950	2.3076	0.1328
12960	2.3056	0.1328
12970	2.3036	0.1328
12980	2.3015	0.1328
12990	2.2994	0.1328
13000	2.2973	0.1328
13010	2.2952	0.1328
13020	2.2931	0.1328
13030	2.2909	0.1328
13040	2.2887	0.1328
13050	2.2865	0.1328
13060	2.2843	0.1328
13070	2.282	0.1328
13080	2.2797	0.1328
13090	2.2774	0.1329
13100	2.2751	0.1329
13110	2.2728	0.1329
13120	2.2704	0.1329
13130	2.2681	0.1329
13140	2.2657	0.1329
13150	2.2633	0.1329
13160	2.2609	0.1329
13170	2.2585	0.1329
13180	2.256	0.1329
13190	2.2536	0.1329
13200	2.2511	0.1329
13210	2.2487	0.1329
13220	2.2462	0.1329
13230	2.2437	0.1329
13240	2.2413	0.1329
13250	2.2388	0.1329
13260	2.2363	0.1329
13270	2.2338	0.133
13280	2.2313	0.133
13290	2.2288	0.133
13300	2.2263	0.133
13310	2.2238	0.1331
13320	2.2213	0.1331
13330	2.2188	0.1332
13340	2.2164	0.1332
13350	2.2139	0.1333
13360	2.2114	0.1333
13370	2.2089	0.1334
13380	2.2065	0.1335
13390	2.204	0.1336
13400	2.2016	0.1336
13410	2.1991	0.1337
13420	2.1967	0.1338
13430	2.1943	0.1339
13440	2.1918	0.1341
13450	2.1894	0.1342
13460	2.187	0.1343
13470	2.1846	0.1344
13480	2.1822	0.1346
13490	2.1798	0.1347
13500	2.1774	0.1348
13510	2.175	0.135
13520	2.1726	0.1351
13530	2.1702	0.1353
13540	2.1678	0.1354
13550	2.1654	0.1356
13560	2.163	0.1357
13570	2.1606	0.1359
13580	2.1582	0.136
13590	2.1558	0.1362
13600	2.1535	0.1363
13610	2.1511	0.1364
13620	2.1487	0.1366
13630	2.1463	0.1367
13640	2.1439	0.1369
13650	2.1415	0.137
13660	2.1391	0.1371
13670	2.1367	0.1372
13680	2.1343	0.1373
13690	2.1319	0.1374
13700	2.1295	0.1375
13710	2.1271	0.1376
13720	2.1247	0.1377
13730	2.1223	0.1377
13740	2.1199	0.1378
13750	2.1175	0.1378
13760	2.115	0.1378
13770	2.1126	0.1379
13780	2.1102	0.1379
13790	2.1077	0.1379
13800	2.1053	0.1379
13810	2.1028	0.1378
13820	2.1003	0.1378
13830	2.0978	0.1377
13840	2.0953	0.1377
13850	2.0928	0.1376
13860	2.0903	0.1375
13870	2.0878	0.1375
13880	2.0853	0.1374
13890	2.0827	0.1373
13900	2.0801	0.1371
13910	2.0776	0.137
13920	2.075	0.1369
13930	2.0724	0.1368
13940	2.0697	0.1366
13950	2.0671	0.1365
13960	2.0645	0.1364
13970	2.0618	0.1362
13980	2.0591	0.1361
13990	2.0564	0.1359
14000	2.0537	0.1358
14010	2.051	0.1356
14020	2.0482	0.1355
14030	2.0454	0.1353
14040	2.0427	0.1352
14050	2.0399	0.135
14060	2.0371	0.1349
14070	2.0342	0.1348
14080	2.0314	0.1346
14090	2.0286	0.1345
14100	2.0257	0.1344
14110	2.0228	0.1343
14120	2.0199	0.1342
14130	2.0171	0.1341
14140	2.0142	0.134
14150	2.0113	0.1339
14160	2.0083	0.1339
14170	2.0054	0.1338
14180	2.0025	0.1338
14190	1.9996	0.1338
14200	1.9966	0.1337
14210	1.9937	0.1337
14220	1.9907	0.1338
14230	1.9878	0.1338
14240	1.9849	0.1338
14250	1.9819	0.1339
14260	1.979	0.134
14270	1.976	0.1341
14280	1.973	0.1342
14290	1.9701	0.1343
14300	1.9671	0.1345
14310	1.9642	0.1346
14320	1.9612	0.1348
14330	1.9583	0.135
14340	1.9554	0.1351
14350	1.9524	0.1353
14360	1.9495	0.1355
14370	1.9466	0.1358
14380	1.9437	0.136
14390	1.9408	0.1362
14400	1.9379	0.1364
14410	1.935	0.1367
14420	1.9321	0.1369
14430	1.9292	0.1372
14440	1.9263	0.1374
14450	1.9234	0.1377
14460	1.9205	0.1379
14470	1.9176	0.1382
14480	1.9147	0.1384
14490	1.9118	0.1386
14500	1.9089	0.1389
14510	1.9059	0.1391
14520	1.903	0.1394
14530	1.9001	0.1396
14540	1.8971	0.1398
14550	1.8941	0.1401
14560	1.8912	0.1403
14570	1.8882	0.1405
14580	1.8852	0.1408
14590	1.8821	0.141
14600	1.8791	0.1413
14610	1.876	0.1415
14620	1.8729	0.1418
14630	1.8698	0.142
14640	1.8666	0.1423
14650	1.8634	0.1425
14660	1.8602	0.1428
14670	1.857	0.143
14680	1.8537	0.1433
14690	1.8504	0.1436
14700	1.8471	0.1439
14710	1.8438	0.1442
14720	1.8404	0.1445
14730	1.837	0.1448
14740	1.8336	0.1451
14750	1.8302	0.1454
14760	1.8268	0.1457
14770	1.8233	0.146
14780	1.8199	0.1464
14790	1.8164	0.1467
14800	1.8129	0.1471
14810	1.8094	0.1474
14820	1.806	0.1477
14830	1.8025	0.1481
14840	1.799	0.1484
14850	1.7955	0.1488
14860	1.792	0.1491
14870	1.7886	0.1495
14880	1.7851	0.1498
14890	1.7816	0.1501
14900	1.7782	0.1504
14910	1.7747	0.1508
14920	1.7713	0.1511
14930	1.7679	0.1514
14940	1.7645	0.1517
14950	1.7611	0.152
14960	1.7577	0.1522
14970	1.7544	0.1525
14980	1.751	0.1528
14990	1.7477	0.153
15000	1.7444	0.1533
15010	1.7411	0.1535
15020	1.7378	0.1537
15030	1.7346	0.1539
15040	1.7313	0.1541
15050	1.728	0.1543
15060	1.7247	0.1544
15070	1.7215	0.1546
15080	1.7182	0.1548
15090	1.7149	0.1549
15100	1.7116	0.1551
15110	1.7084	0.1553
15120	1.7051	0.1554
15130	1.7018	0.1556
15140	1.6984	0.1557
15150	1.6951	0.1559
15160	1.6918	0.1561
15170	1.6884	0.1562
15180	1.685	0.1564
15190	1.6816	0.1566
15200	1.6782	0.1568
15210	1.6747	0.157
15220	1.6713	0.1572
15230	1.6677	0.1575
15240	1.6642	0.1577
15250	1.6606	0.158
15260	1.657	0.1583
15270	1.6533	0.1586
15280	1.6496	0.1589
15290	1.6459	0.1593
15300	1.6421	0.1596
15310	1.6383	0.16
15320	1.6344	0.1605
15330	1.6306	0.1609
15340	1.6266	0.1613
15350	1.6226	0.1618
15360	1.6186	0.1623
15370	1.6146	0.1628
15380	1.6105	0.1633
15390	1.6064	0.1637
15400	1.6023	0.1642
15410	1.5981	0.1647
15420	1.5939	0.1652
15430	1.5897	0.1657
15440	1.5855	0.1661
15450	1.5812	0.1665
15460	1.5769	0.167
15470	1.5726	0.1674
15480	1.5682	0.1677
15490	1.5639	0.1681
15500	1.5595	0.1684
15510	1.5551	0.1687
15520	1.5507	0.169
15530	1.5463	0.1692
15540	1.5419	0.1694
15550	1.5374	0.1696
15560	1.533	0.1698
15570	1.5286	0.1699
15580	1.5241	0.17
15590	1.5197	0.1702
15600	1.5153	0.1703
15610	1.5108	0.1704
15620	1.5064	0.1704
15630	1.502	0.1705
15640	1.4975	0.1706
15650	1.4931	0.1707
15660	1.4887	0.1708
15670	1.4844	0.1709
15680	1.48	0.171
15690	1.4756	0.1711
15700	1.4713	0.1712
15710	1.467	0.1713
15720	1.4627	0.1714
15730	1.4585	0.1716
15740	1.4542	0.1718
15750	1.45	0.172
15760	1.4458	0.1722
15770	1.4416	0.1724
15780	1.4374	0.1727
15790	1.4331	0.173
15800	1.4289	0.1734
15810	1.4247	0.1738
15820	1.4205	0.1742
15830	1.4162	0.1746
15840	1.4119	0.1752
15850	1.4076	0.1757
15860	1.4033	0.1763
15870	1.399	0.1769
15880	1.3946	0.1776
15890	1.3902	0.1783
15900	1.3858	0.1791
15910	1.3814	0.1798
15920	1.3769	0.1806
15930	1.3724	0.1814
15940	1.3679	0.1823
15950	1.3633	0.1831
15960	1.3587	0.184
15970	1.3541	0.1849
15980	1.3495	0.1857
15990	1.3448	0.1866
16000	1.3401	0.1875
16010	1.3353	0.1884
16020	1.3305	0.1893
16030	1.3257	0.1902
16040	1.3208	0.191
16050	1.3159	0.1919
16060	1.311	0.1927
16070	1.306	0.1935
16080	1.301	0.1943
16090	1.2959	0.1951
16100	1.2908	0.1959
16110	1.2856	0.1966
16120	1.2804	0.1973
16130	1.2751	0.198
16140	1.2698	0.1987
16150	1.2645	0.1994
16160	1.2592	0.2
16170	1.2539	0.2007
16180	1.2486	0.2013
16190	1.2433	0.2019
16200	1.238	0.2025
16210	1.2328	0.2031
16220	1.2276	0.2036
16230	1.2225	0.2042
16240	1.2174	0.2047
16250	1.2125	0.2052
16260	1.2076	0.2057
16270	1.2029	0.2062
16280	1.1983	0.2066
16290	1.1939	0.2071
16300	1.1896	0.2075
16310	1.1856	0.2079
16320	1.1818	0.2083
16330	1.1783	0.2087
16340	1.175	0.2091
16350	1.172	0.2094
16360	1.1693	0.2097
16370	1.1669	0.21
16380	1.1647	0.2103
16390	1.1627	0.2106
16400	1.1611	0.2108
16410	1.1596	0.2111
16420	1.1583	0.2113
16430	1.1573	0.2115
16440	1.1564	0.2116
16450	1.1557	0.2118
16460	1.155	0.2119
16470	1.1545	0.212
16480	1.1541	0.2121
16490	1.1537	0.2122
16500	1.1533	0.2123
16510	1.153	0.2123
16520	1.1527	0.2123
16530	1.1525	0.2123
16540	1.1523	0.2123
16550	1.1522	0.2123
16560	1.1522	0.2123
16570	1.1522	0.2122
16580	1.1522	0.2122
16590	1.1524	0.2121
16600	1.1526	0.212
16610	1.1529	0.2119
16620	1.1533	0.2118
16630	1.1538	0.2117
16640	1.1544	0.2116
16650	1.1552	0.2115
16660	1.1562	0.2113
16670	1.1574	0.2112
16680	1.1588	0.211
16690	1.1605	0.2109
16700	1.1624	0.2107
16710	1.1644	0.2105
16720	1.1667	0.2104
16730	1.169	0.2102
16740	1.1714	0.21
16750	1.1739	0.2098
16760	1.1763	0.2096
16770	1.1786	0.2094
16780	1.1808	0.2092
16790	1.1831	0.209
16800	1.1852	0.2088
16810	1.1874	0.2086
16820	1.1896	0.2084
16830	1.1918	0.2082
16840	1.1941	0.2079
16850	1.1964	0.2077
16860	1.1988	0.2075
16870	1.2013	0.2073
16880	1.2038	0.207
16890	1.2065	0.2068
16900	1.2094	0.2065
16910	1.2125	0.2063
16920	1.2158	0.2061
16930	1.2192	0.2058
16940	1.2226	0.2056
16950	1.226	0.2054
16960	1.2292	0.2051
16970	1.2322	0.2049
16980	1.2348	0.2046
16990	1.2371	0.2044
17000	1.2391	0.2042
17010	1.2407	0.204
17020	1.2421	0.2037
17030	1.2432	0.2035
17040	1.2441	0.2033
17050	1.2448	0.2031
17060	1.2453	0.2029
17070	1.2456	0.2027
17080	1.2459	0.2025
17090	1.246	0.2023
17100	1.2461	0.2021
17110	1.2462	0.2019
17120	1.2461	0.2018
17130	1.2461	0.2016
17140	1.2459	0.2014
17150	1.2458	0.2013
17160	1.2456	0.2011
17170	1.2454	0.201
17180	1.2453	0.2008
17190	1.245	0.2007
17200	1.2448	0.2006
17210	1.2446	0.2005
17220	1.2444	0.2004
17230	1.2442	0.2003
17240	1.2441	0.2002
17250	1.2439	0.2001
17260	1.2438	0.2
17270	1.2437	0.1999
17280	1.2436	0.1999
17290	1.2436	0.1998
17300	1.2436	0.1998
17310	1.2437	0.1997
17320	1.2437	0.1997
17330	1.2438	0.1997
17340	1.244	0.1997
17350	1.2441	0.1997
17360	1.2442	0.1997
17370	1.2444	0.1997
17380	1.2446	0.1998
17390	1.2448	0.1998
17400	1.245	0.1999
17410	1.2451	0.2
17420	1.2453	0.2001
17430	1.2455	0.2002
17440	1.2456	0.2003
17450	1.2458	0.2004
17460	1.2459	0.2006
17470	1.246	0.2007
17480	1.246	0.2009
17490	1.2461	0.201
17500	1.2461	0.2012
17510	1.246	0.2013
17520	1.246	0.2015
17530	1.2458	0.2016
17540	1.2457	0.2018
17550	1.2455	0.2019
17560	1.2453	0.2021
17570	1.245	0.2022
17580	1.2447	0.2023
17590	1.2444	0.2024
17600	1.2441	0.2025
17610	1.2437	0.2026
17620	1.2433	0.2026
17630	1.2428	0.2026
17640	1.2424	0.2027
17650	1.2419	0.2027
17660	1.2414	0.2026
17670	1.2408	0.2026
17680	1.2403	0.2025
17690	1.2397	0.2025
17700	1.239	0.2024
17710	1.2384	0.2023
17720	1.2378	0.2022
17730	1.2371	0.2021
17740	1.2364	0.2019
17750	1.2356	0.2018
17760	1.2349	0.2017
17770	1.2341	0.2015
17780	1.2333	0.2014
17790	1.2326	0.2013
17800	1.2318	0.2011
17810	1.231	0.201
17820	1.2302	0.2009
17830	1.2294	0.2007
17840	1.2287	0.2006
17850	1.2279	0.2005
17860	1.2272	0.2004
17870	1.2265	0.2003
17880	1.2259	0.2002
17890	1.2253	0.2001
17900	1.2247	0.2
17910	1.2242	0.1999
17920	1.2237	0.1999
17930	1.2232	0.1999
17940	1.2228	0.1998
17950	1.2224	0.1998
17960	1.2221	0.1999
17970	1.2218	0.1999
17980	1.2216	0.2
17990	1.2214	0.2
18000	1.2213	0.2001
18010	1.2212	0.2002
18020	1.2212	0.2003
18030	1.2212	0.2004
18040	1.2212	0.2006
18050	1.2213	0.2007
18060	1.2214	0.2008
18070	1.2215	0.201
18080	1.2217	0.2011
18090	1.2219	0.2013
18100	1.222	0.2015
18110	1.2223	0.2016
18120	1.2225	0.2018
18130	1.2227	0.2019
18140	1.223	0.2021
18150	1.2232	0.2022
18160	1.2235	0.2023
18170	1.2237	0.2025
18180	1.224	0.2026
18190	1.2243	0.2027
18200	1.2246	0.2028
18210	1.2248	0.2028
18220	1.2251	0.2029
18230	1.2254	0.203
18240	1.2256	0.203
18250	1.2259	0.2031
18260	1.2262	0.2031
18270	1.2264	0.2031
18280	1.2267	0.2031
18290	1.2269	0.2032
18300	1.2271	0.2032
18310	1.2273	0.2032
18320	1.2275	0.2032
18330	1.2277	0.2031
18340	1.2279	0.2031
18350	1.228	0.2031
18360	1.2282	0.2031
18370	1.2283	0.203
18380	1.2284	0.203
18390	1.2285	0.203
18400	1.2286	0.2029
18410	1.2287	0.2029
18420	1.2287	0.2028
18430	1.2287	0.2028
18440	1.2288	0.2027
18450	1.2288	0.2027
18460	1.2288	0.2026
18470	1.2288	0.2026
18480	1.2288	0.2025
18490	1.2287	0.2024
18500	1.2287	0.2024
18510	1.2286	0.2023
18520	1.2286	0.2022
18530	1.2285	0.2022
18540	1.2285	0.2021
18550	1.2284	0.202
18560	1.2283	0.202
18570	1.2282	0.2019
18580	1.2281	0.2018
18590	1.228	0.2018
18600	1.2279	0.2017
18610	1.2278	0.2016
18620	1.2277	0.2015
18630	1.2276	0.2015
18640	1.2275	0.2014
18650	1.2274	0.2013
18660	1.2273	0.2013
18670	1.2272	0.2012
18680	1.227	0.2011
18690	1.2269	0.201
18700	1.2268	0.201
18710	1.2267	0.2009
18720	1.2266	0.2008
18730	1.2265	0.2007
18740	1.2264	0.2007
18750	1.2263	0.2006
18760	1.2262	0.2005
18770	1.2261	0.2005
18780	1.226	0.2004
18790	1.2259	0.2003
18800	1.2258	0.2003
18810	1.2258	0.2002
18820	1.2257	0.2002
18830	1.2256	0.2001
18840	1.2256	0.2001
18850	1.2255	0.2
18860	1.2255	0.2
18870	1.2254	0.1999
18880	1.2254	0.1999
18890	1.2254	0.1999
18900	1.2254	0.1998
18910	1.2253	0.1998
18920	1.2253	0.1998
18930	1.2253	0.1998
18940	1.2253	0.1998
18950	1.2253	0.1998
18960	1.2253	0.1998
18970	1.2254	0.1998
18980	1.2254	0.1998
18990	1.2254	0.1998
19000	1.2254	0.1998
19010	1.2255	0.1999
19020	1.2255	0.1999
19030	1.2256	0.2
19040	1.2256	0.2
19050	1.2257	0.2001
19060	1.2257	0.2001
19070	1.2258	0.2002
19080	1.2259	0.2003
19090	1.2259	0.2004
19100	1.226	0.2005
19110	1.2261	0.2006
19120	1.2262	0.2007
19130	1.2263	0.2008
19140	1.2264	0.2009
19150	1.2265	0.201
19160	1.2265	0.2012
19170	1.2266	0.2013
19180	1.2268	0.2014
19190	1.2269	0.2016
19200	1.227	0.2017
19210	1.2271	0.2019
19220	1.2272	0.202
19230	1.2273	0.2022
19240	1.2274	0.2024
19250	1.2275	0.2025
19260	1.2277	0.2027
19270	1.2278	0.2029
19280	1.2279	0.2031
19290	1.228	0.2033
19300	1.2282	0.2034
19310	1.2283	0.2036
19320	1.2284	0.2038
19330	1.2285	0.204
19340	1.2287	0.2041
19350	1.2288	0.2043
19360	1.2289	0.2045
19370	1.229	0.2046
19380	1.2292	0.2048
19390	1.2293	0.2049
19400	1.2294	0.205
19410	1.2295	0.2052
19420	1.2296	0.2053
19430	1.2297	0.2053
19440	1.2299	0.2054
19450	1.23	0.2055
19460	1.2301	0.2055
19470	1.2302	0.2055
19480	1.2303	0.2056
19490	1.2304	0.2055
19500	1.2305	0.2055
19510	1.2306	0.2054
19520	1.2307	0.2054
19530	1.2308	0.2053
19540	1.2308	0.2051
19550	1.2309	0.205
19560	1.231	0.2048
19570	1.2311	0.2047
19580	1.2312	0.2045
19590	1.2312	0.2043
19600	1.2313	0.2041
19610	1.2314	0.2038
19620	1.2314	0.2036
19630	1.2315	0.2034
19640	1.2315	0.2032
19650	1.2316	0.2029
19660	1.2316	0.2027
19670	1.2316	0.2025
19680	1.2317	0.2022
19690	1.2317	0.202
19700	1.2317	0.2018
19710	1.2317	0.2016
19720	1.2318	0.2015
19730	1.2318	0.2013
19740	1.2318	0.2011
19750	1.2318	0.201
19760	1.2318	0.2009
19770	1.2318	0.2008
19780	1.2318	0.2007
19790	1.2317	0.2007
19800	1.2317	0.2007
19810	1.2317	0.2007
19820	1.2317	0.2007
19830	1.2316	0.2007
19840	1.2316	0.2008
19850	1.2316	0.2009
19860	1.2315	0.201
19870	1.2315	0.2011
19880	1.2315	0.2012
19890	1.2314	0.2013
19900	1.2314	0.2015
19910	1.2313	0.2016
19920	1.2313	0.2018
19930	1.2312	0.2019
19940	1.2312	0.2021
19950	1.2311	0.2022
19960	1.2311	0.2024
19970	1.231	0.2026
19980	1.231	0.2027
19990	1.2309	0.2029
20000	1.2309	0.203
20010	1.2308	0.2031
20020	1.2308	0.2032
20030	1.2307	0.2033
20040	1.2307	0.2034
20050	1.2306	0.2035
20060	1.2306	0.2035
20070	1.2305	0.2036
20080	1.2305	0.2036
20090	1.2304	0.2036
20100	1.2304	0.2035
20110	1.2303	0.2035
20120	1.2303	0.2034
20130	1.2302	0.2033
20140	1.2302	0.2032
20150	1.2301	0.2031
20160	1.2301	0.2029
20170	1.2301	0.2028
20180	1.23	0.2026
20190	1.23	0.2024
20200	1.2299	0.2023
20210	1.2299	0.2021
20220	1.2298	0.2019
20230	1.2298	0.2017
20240	1.2298	0.2016
20250	1.2297	0.2014
20260	1.2297	0.2012
20270	1.2297	0.201
20280	1.2296	0.2009
20290	1.2296	0.2007
20300	1.2296	0.2005
20310	1.2296	0.2004
20320	1.2295	0.2002
20330	1.2295	0.2001
20340	1.2295	0.2
20350	1.2295	0.1998
20360	1.2295	0.1997
20370	1.2294	0.1996
20380	1.2294	0.1995
20390	1.2294	0.1994
20400	1.2294	0.1993
20410	1.2294	0.1992
20420	1.2294	0.1991
20430	1.2294	0.199
20440	1.2294	0.199
20450	1.2294	0.1989
20460	1.2294	0.1988
20470	1.2294	0.1988
20480	1.2294	0.1987
20490	1.2294	0.1987
20500	1.2294	0.1987
20510	1.2294	0.1986
20520	1.2294	0.1986
20530	1.2294	0.1986
20540	1.2294	0.1986
20550	1.2294	0.1987
20560	1.2294	0.1987
20570	1.2294	0.1987
20580	1.2295	0.1988
20590	1.2295	0.1988
20600	1.2295	0.1989
20610	1.2295	0.199
20620	1.2295	0.1991
20630	1.2295	0.1992
20640	1.2296	0.1994
20650	1.2296	0.1995
20660	1.2296	0.1996
20670	1.2296	0.1998
20680	1.2297	0.1999
20690	1.2297	0.2001
20700	1.2297	0.2003
20710	1.2297	0.2005
20720	1.2298	0.2006
20730	1.2298	0.2008
20740	1.2298	0.201
20750	1.2299	0.2012
20760	1.2299	0.2013
20770	1.2299	0.2015
20780	1.23	0.2017
20790	1.23	0.2018
20800	1.23	0.202
20810	1.2301	0.2021
20820	1.2301	0.2023
20830	1.2301	0.2024
20840	1.2302	0.2025
20850	1.2302	0.2026
20860	1.2303	0.2027
20870	1.2303	0.2027
20880	1.2303	0.2028
20890	1.2304	0.2028
20900	1.2304	0.2029
20910	1.2305	0.2029
20920	1.2305	0.2029
20930	1.2306	0.2029
20940	1.2306	0.2029
20950	1.2307	0.2029
20960	1.2307	0.2029
20970	1.2307	0.2029
20980	1.2308	0.2029
20990	1.2308	0.2028
21000	1.2309	0.2028
21010	1.2309	0.2028
21020	1.231	0.2028
21030	1.231	0.2027
21040	1.2311	0.2027
21050	1.2311	0.2027
21060	1.2312	0.2026
21070	1.2312	0.2026
21080	1.2313	0.2026
21090	1.2314	0.2026
21100	1.2314	0.2025
21110	1.2315	0.2025
21120	1.2315	0.2025
21130	1.2316	0.2025
21140	1.2316	0.2025
21150	1.2317	0.2025
21160	1.2317	0.2025
21170	1.2318	0.2026
21180	1.2319	0.2026
21190	1.2319	0.2026
21200	1.232	0.2026
21210	1.232	0.2026
21220	1.2321	0.2026
21230	1.2322	0.2027
21240	1.2322	0.2027
21250	1.2323	0.2027
21260	1.2323	0.2027
21270	1.2324	0.2027
21280	1.2325	0.2027
21290	1.2325	0.2027
21300	1.2326	0.2027
21310	1.2327	0.2027
21320	1.2327	0.2026
21330	1.2328	0.2026
21340	1.2329	0.2026
21350	1.2329	0.2025
21360	1.233	0.2025
21370	1.2331	0.2024
21380	1.2331	0.2023
21390	1.2332	0.2023
21400	1.2333	0.2022
21410	1.2333	0.2021
21420	1.2334	0.202
21430	1.2335	0.2019
21440	1.2335	0.2018
21450	1.2336	0.2017
21460	1.2337	0.2017
21470	1.2337	0.2016
21480	1.2338	0.2015
21490	1.2339	0.2014
21500	1.234	0.2013
21510	1.234	0.2012
21520	1.2341	0.2012
21530	1.2342	0.2011
21540	1.2343	0.201
21550	1.2343	0.2009
21560	1.2344	0.2009
21570	1.2345	0.2008
21580	1.2346	0.2008
21590	1.2346	0.2007
21600	1.2347	0.2007
21610	1.2348	0.2007
21620	1.2349	0.2006
21630	1.2349	0.2006
21640	1.235	0.2006
21650	1.2351	0.2007
21660	1.2352	0.2007
21670	1.2353	0.2007
21680	1.2353	0.2008
21690	1.2354	0.2008
21700	1.2355	0.2009
21710	1.2356	0.2009
21720	1.2356	0.201
21730	1.2357	0.2011
21740	1.2358	0.2012
21750	1.2359	0.2013
21760	1.2359	0.2014
21770	1.236	0.2015
21780	1.2361	0.2016
21790	1.2361	0.2017
21800	1.2362	0.2018
21810	1.2363	0.2019
21820	1.2363	0.202
21830	1.2364	0.2021
21840	1.2365	0.2021
21850	1.2365	0.2022
21860	1.2366	0.2023
21870	1.2367	0.2024
21880	1.2367	0.2024
21890	1.2368	0.2025
21900	1.2368	0.2025
21910	1.2369	0.2025
21920	1.2369	0.2025
21930	1.237	0.2025
21940	1.237	0.2025
21950	1.2371	0.2025
21960	1.2371	0.2024
21970	1.2372	0.2024
21980	1.2372	0.2023
21990	1.2372	0.2023
22000	1.2373	0.2022
22010	1.2373	0.2022
22020	1.2373	0.2021
22030	1.2373	0.202
22040	1.2373	0.202
22050	1.2374	0.2019
22060	1.2374	0.2018
22070	1.2374	0.2018
22080	1.2374	0.2017
22090	1.2374	0.2017
22100	1.2374	0.2016
22110	1.2374	0.2016
22120	1.2374	0.2016
22130	1.2374	0.2015
22140	1.2373	0.2015
22150	1.2373	0.2015
22160	1.2373	0.2015
22170	1.2372	0.2016
22180	1.2372	0.2016
22190	1.2372	0.2016
22200	1.2371	0.2017
22210	1.2371	0.2018
22220	1.237	0.2018
22230	1.237	0.2019
22240	1.2369	0.202
22250	1.2368	0.2021
22260	1.2367	0.2023
22270	1.2367	0.2024
22280	1.2366	0.2025
22290	1.2365	0.2026
22300	1.2364	0.2027
22310	1.2363	0.2029
22320	1.2362	0.203
22330	1.2361	0.2031
22340	1.236	0.2033
22350	1.2358	0.2034
22360	1.2357	0.2035
22370	1.2356	0.2036
22380	1.2354	0.2038
22390	1.2353	0.2039
22400	1.2352	0.204
22410	1.235	0.2041
22420	1.2349	0.2042
22430	1.2347	0.2042
22440	1.2346	0.2043
22450	1.2344	0.2044
22460	1.2343	0.2044
22470	1.2341	0.2045
22480	1.234	0.2045
22490	1.2338	0.2045
22500	1.2337	0.2045
22510	1.2335	0.2045
22520	1.2334	0.2045
22530	1.2332	0.2045
22540	1.233	0.2045
22550	1.2329	0.2044
22560	1.2327	0.2044
22570	1.2326	0.2043
22580	1.2324	0.2043
22590	1.2322	0.2042
22600	1.2321	0.2042
22610	1.2319	0.2041
22620	1.2318	0.204
22630	1.2316	0.204
22640	1.2315	0.2039
22650	1.2313	0.2038
22660	1.2312	0.2037
22670	1.231	0.2036
22680	1.2309	0.2036
22690	1.2307	0.2035
22700	1.2306	0.2034
22710	1.2305	0.2033
22720	1.2303	0.2033
22730	1.2302	0.2032
22740	1.2301	0.2031
22750	1.2299	0.2031
22760	1.2298	0.203
22770	1.2297	0.203
22780	1.2296	0.2029
22790	1.2295	0.2029
22800	1.2293	0.2028
22810	1.2292	0.2028
22820	1.2291	0.2028
22830	1.229	0.2028
22840	1.2289	0.2028
22850	1.2288	0.2028
22860	1.2288	0.2028
22870	1.2287	0.2029
22880	1.2286	0.2029
22890	1.2285	0.203
22900	1.2284	0.203
22910	1.2284	0.2031
22920	1.2283	0.2032
22930	1.2283	0.2033
22940	1.2282	0.2034
22950	1.2282	0.2035
22960	1.2281	0.2036
22970	1.2281	0.2038
22980	1.228	0.2039
22990	1.228	0.204
23000	1.228	0.2042
23010	1.228	0.2043
23020	1.228	0.2045
23030	1.2279	0.2046
23040	1.2279	0.2047
23050	1.228	0.2049
23060	1.228	0.205
23070	1.228	0.2052
23080	1.228	0.2053
23090	1.228	0.2054
23100	1.228	0.2055
23110	1.2281	0.2057
23120	1.2281	0.2058
23130	1.2282	0.2059
23140	1.2282	0.206
23150	1.2283	0.206
23160	1.2284	0.2061
23170	1.2284	0.2062
23180	1.2285	0.2062
23190	1.2286	0.2062
23200	1.2286	0.2062
23210	1.2287	0.2062
23220	1.2288	0.2062
23230	1.2289	0.2062
23240	1.229	0.2061
23250	1.2291	0.206
23260	1.2292	0.2059
23270	1.2293	0.2058
23280	1.2294	0.2057
23290	1.2295	0.2055
23300	1.2297	0.2054
23310	1.2298	0.2052
23320	1.2299	0.205
23330	1.23	0.2048
23340	1.2302	0.2046
23350	1.2303	0.2044
23360	1.2304	0.2042
23370	1.2305	0.204
23380	1.2307	0.2038
23390	1.2308	0.2036
23400	1.231	0.2034
23410	1.2311	0.2032
23420	1.2312	0.2031
23430	1.2314	0.2029
23440	1.2315	0.2028
23450	1.2317	0.2027
23460	1.2318	0.2026
23470	1.232	0.2025
23480	1.2321	0.2025
23490	1.2323	0.2024
23500	1.2324	0.2024
23510	1.2326	0.2025
23520	1.2327	0.2025
23530	1.2329	0.2026
23540	1.233	0.2027
23550	1.2332	0.2029
23560	1.2333	0.203
23570	1.2335	0.2031
23580	1.2336	0.2033
23590	1.2338	0.2035
23600	1.2339	0.2037
23610	1.2341	0.2039
23620	1.2342	0.204
23630	1.2344	0.2042
23640	1.2345	0.2044
23650	1.2347	0.2046
23660	1.2348	0.2048
23670	1.235	0.205
23680	1.2351	0.2052
23690	1.2352	0.2053
23700	1.2354	0.2055
23710	1.2355	0.2056
23720	1.2357	0.2058
23730	1.2358	0.2059
23740	1.2359	0.206
23750	1.2361	0.2061
23760	1.2362	0.2061
23770	1.2363	0.2062
23780	1.2365	0.2062
23790	1.2366	0.2062
23800	1.2367	0.2061
23810	1.2369	0.2061
23820	1.237	0.206
23830	1.2371	0.2059
23840	1.2372	0.2058
23850	1.2373	0.2056
23860	1.2375	0.2055
23870	1.2376	0.2053
23880	1.2377	0.2052
23890	1.2378	0.205
23900	1.2379	0.2048
23910	1.238	0.2046
23920	1.2381	0.2044
23930	1.2382	0.2042
23940	1.2383	0.204
23950	1.2384	0.2038
23960	1.2384	0.2036
23970	1.2385	0.2035
23980	1.2386	0.2033
23990	1.2387	0.2031
24000	1.2387	0.2029
24010	1.2388	0.2028
24020	1.2389	0.2026
24030	1.2389	0.2025
24040	1.239	0.2024
24050	1.239	0.2023
24060	1.2391	0.2022
24070	1.2391	0.2022
24080	1.2392	0.2021
24090	1.2392	0.2021
24100	1.2392	0.2021
24110	1.2393	0.2021
24120	1.2393	0.2021
24130	1.2393	0.2021
24140	1.2393	0.2021
24150	1.2393	0.2022
24160	1.2393	0.2022
24170	1.2393	0.2023
24180	1.2393	0.2024
24190	1.2393	0.2025
24200	1.2393	0.2025
24210	1.2393	0.2026
24220	1.2392	0.2027
24230	1.2392	0.2028
24240	1.2392	0.2029
24250	1.2391	0.203
24260	1.2391	0.2031
24270	1.2391	0.2032
24280	1.239	0.2033
24290	1.239	0.2034
24300	1.2389	0.2034
24310	1.2388	0.2035
24320	1.2388	0.2036
24330	1.2387	0.2037
24340	1.2386	0.2037
24350	1.2386	0.2038
24360	1.2385	0.2038
24370	1.2384	0.2039
24380	1.2383	0.204
24390	1.2382	0.204
24400	1.2381	0.204
24410	1.2381	0.2041
24420	1.238	0.2041
24430	1.2379	0.2041
24440	1.2378	0.2042
24450	1.2376	0.2042
24460	1.2375	0.2042
24470	1.2374	0.2042
24480	1.2373	0.2042
24490	1.2372	0.2043
24500	1.2371	0.2043
24510	1.2369	0.2043
24520	1.2368	0.2043
24530	1.2367	0.2043
24540	1.2366	0.2043
24550	1.2364	0.2043
24560	1.2363	0.2043
24570	1.2362	0.2042
24580	1.236	0.2042
24590	1.2359	0.2042
24600	1.2357	0.2042
24610	1.2356	0.2042
24620	1.2354	0.2042
24630	1.2353	0.2041
24640	1.2351	0.2041
24650	1.235	0.2041
24660	1.2348	0.2041
24670	1.2346	0.204
24680	1.2345	0.204
24690	1.2343	0.204
24700	1.2341	0.2039
24710	1.234	0.2039
24720	1.2338	0.2039
24730	1.2336	0.2038
24740	1.2335	0.2038
24750	1.2333	0.2037
24760	1.2331	0.2037
24770	1.2329	0.2036
24780	1.2328	0.2036
24790	1.2326	0.2035
24800	1.2324	0.2035
24810	1.2322	0.2034
24820	1.232	0.2034
24830	1.2319	0.2033
24840	1.2317	0.2033
24850	1.2315	0.2032
24860	1.2313	0.2031
24870	1.2311	0.2031
24880	1.231	0.203
24890	1.2308	0.203
24900	1.2306	0.2029
24910	1.2304	0.2029
24920	1.2302	0.2028
24930	1.2301	0.2028
24940	1.2299	0.2028
24950	1.2297	0.2028
24960	1.2296	0.2028
24970	1.2294	0.2029
24980	1.2292	0.203
24990	1.2291	0.2032
25000	1.2289	0.2034
