220	1.007	0.697
240	0.995	1.145
260	1.091	1.433
280	1.178	1.651
300	1.271	1.845
320	1.36	2.009
340	1.452	2.174
360	1.55	2.308
380	1.636	2.452
400	1.734	2.579
420	1.836	2.708
440	1.935	2.817
460	2.034	2.926
480	2.134	3.033
500	2.245	3.138
520	2.356	3.228
540	2.47	3.319
560	2.593	3.401
580	2.731	3.466
600	2.857	3.503
620	2.968	3.537
640	3.078	3.566
660	3.179	3.586
680	3.274	3.603
700	3.364	3.616
720	3.448	3.623
740	3.526	3.628
760	3.595	3.63
780	3.66	3.631
800	3.724	3.627
820	3.76	3.619
840	3.801	3.627
860	3.83	3.63
880	3.856	3.653
900	3.888	3.685
920	3.931	3.714
940	3.97	3.736
960	4.016	3.761
980	4.061	3.79
1000	4.098	3.804
1020	4.138	3.831
1040	4.179	3.852
1060	4.226	3.88
1080	4.275	3.9
1100	4.319	3.911
1120	4.365	3.921
1140	4.402	3.931
1160	4.443	3.934
1180	4.475	3.94
1200	4.51	3.936
1220	4.515	3.942
1240	4.539	3.959
1260	4.558	3.98
1280	4.581	4
1300	4.603	4.009
1320	4.627	4.023
1340	4.649	4.049
1360	4.68	4.065
1380	4.697	4.074
1400	4.704	4.091
1420	4.734	4.113
1440	4.754	4.128
1460	4.777	4.15
1480	4.8	4.166
1500	4.819	4.182
1520	4.846	4.192
1540	4.846	4.203
1560	4.878	4.229
1580	4.896	4.238
1600	4.914	4.253
1620	4.933	4.278
1640	4.95	4.282
1660	4.958	4.292
1680	4.97	4.311
1700	4.983	4.328
1720	4.997	4.332
1740	5.003	4.357
1760	5.016	4.371
1780	5.027	4.387
1800	5.03	4.393
1820	5.025	4.433
1840	5.047	4.462
1860	5.055	4.466
1880	5.05	4.521
1900	5.097	4.559
1920	5.126	4.572
1940	5.162	4.565
1960	5.174	4.573
1980	5.194	4.573
2000	5.183	4.586
2020	5.209	4.584
2040	5.207	4.597
2060	5.212	4.606
2080	5.21	4.618
2100	5.217	4.637
2120	5.223	4.655
2140	5.241	4.667
2160	5.24	4.666
2180	5.236	4.679
2200	5.241	4.693
2220	5.239	4.702
2240	5.239	4.707
2260	5.231	4.724
2280	5.224	4.739
2300	5.221	4.762
2320	5.212	4.778
2340	5.205	4.796
2360	5.212	4.82
2380	5.204	4.83
2400	5.2	4.853
2420	5.196	4.88
2440	5.203	4.896
2460	5.195	4.912
2480	5.209	4.937
2500	5.207	4.915
2512.6	5.189	4.924
2525.3	5.176	4.936
2538.1	5.165	4.948
2551	5.153	4.962
2564.1	5.142	4.977
2577.3	5.131	4.992
2590.7	5.12	5.009
2604.2	5.11	5.028
2617.8	5.101	5.047
2631.6	5.092	5.069
2645.5	5.087	5.089
2659.6	5.08	5.109
2673.8	5.075	5.129
2688.2	5.07	5.149
2702.7	5.064	5.168
2732.2	5.052	5.206
2717.4	5.058	5.188
2747.3	5.045	5.227
2762.4	5.038	5.246
2777.8	5.03	5.264
2793.3	5.022	5.286
2809	5.013	5.308
2824.9	5.002	5.328
2840.9	4.993	5.353
2857.1	4.983	5.377
2873.6	4.974	5.4
2890.2	4.964	5.427
2907	4.954	5.451
2924	4.943	5.478
2941.2	4.93	5.506
2958.6	4.921	5.534
2976.2	4.909	5.564
2994	4.898	5.596
3012	4.888	5.628
3030.3	4.88	5.659
3048.8	4.869	5.693
3067.5	4.86	5.726
3086.4	4.85	5.759
3105.6	4.839	5.795
3125	4.831	5.832
3144.7	4.821	5.867
3164.6	4.811	5.907
3184.7	4.802	5.945
3205.1	4.793	5.983
3225.8	4.784	6.022
3246.8	4.774	6.064
3268	4.766	6.108
3289.5	4.758	6.15
3311.3	4.749	6.194
3333.3	4.744	6.242
3355.7	4.739	6.286
3376.4	4.733	6.332
3401.4	4.728	6.377
3424.7	4.72	6.423
3448.3	4.715	6.473
3472.2	4.71	6.518
3496.5	4.701	6.568
3521.1	4.697	6.619
3546.1	4.693	6.67
3571.4	4.686	6.721
3597.1	4.68	6.774
3623.2	4.674	6.827
3649.6	4.669	6.883
3676.5	4.664	6.938
3703.7	4.657	6.996
3731.3	4.654	7.056
3759.4	4.651	7.115
3787.9	4.647	7.174
3816.8	4.639	7.236
3846.2	4.636	7.301
3876	4.633	7.366
3906.3	4.63	7.433
3937	4.628	7.502
3968.3	4.628	7.573
4000	4.63	7.642
4032.3	4.63	7.711
4065	4.627	7.784
4098.4	4.629	7.86
4132.2	4.634	7.936
4166.7	4.634	8.012
4201.7	4.642	8.09
4237.3	4.646	8.166
4273.5	4.654	8.245
4310.3	4.656	8.324
4347.8	4.663	8.408
4386	4.67	8.491
4424.8	4.677	8.573
4464.3	4.684	8.66
4504.5	4.697	8.744
4545.5	4.705	8.826
4587.2	4.711	8.912
4629.6	4.718	9
4672.9	4.723	9.093
4717	4.726	9.187
4761.9	4.733	9.285
4807.7	4.74	9.386
4854.4	4.748	9.49
4902	4.758	9.599
4950.5	4.772	9.708
5000	4.788	9.819
5050.5	4.804	9.932
5102	4.825	10.039
5154.6	4.837	10.152
5208.3	4.856	10.277
5263.2	4.873	10.388
5319.1	4.889	10.514
5376.3	4.91	10.641
5434.8	4.929	10.779
5494.5	4.961	10.917
5555.6	5.001	11.042
5618	5.024	11.177
5681.8	5.051	11.32
5747.1	5.089	11.453
5814	5.115	11.595
5882.4	5.151	11.746
5952.4	5.183	11.902
6024.1	5.23	12.057
6097.6	5.271	12.212
6172.8	5.31	12.376
6250	5.36	12.543
6329.1	5.41	12.714
6410.3	5.47	12.889
6493.5	5.532	13.06
6578.9	5.595	13.237
6666.7	5.661	13.416
6756.8	5.732	13.596
6849.3	5.802	13.787
6944.4	5.887	13.963
7042.3	5.952	14.15
7142.9	6.035	14.344
7246.4	6.127	14.539
7352.9	6.213	14.727
7462.7	6.309	14.911
7575.8	6.383	15.092
7692.3	6.456	15.31
7812.5	6.55	15.527
7936.5	6.632	15.735
8064.5	6.72	15.97
8196.7	6.819	16.197
8333.3	6.924	16.439
8474.6	7.018	16.674
8620.7	7.115	16.929
8771.9	7.218	17.195
8928.6	7.317	17.476
9090.9	7.455	17.774
9259.3	7.584	18.059
9434	7.721	18.366
9615.4	7.864	18.676
9803.9	8.025	18.992
10000	8.201	19.327
10204.1	8.37	19.66
10416.7	8.546	19.986
10638.3	8.732	20.344
10869.6	8.937	20.716
11111.1	9.136	21.086
11363.6	9.369	21.473
11627.9	9.595	21.856
11904.8	9.831	22.265
12195.1	10.079	22.688
12500	10.335	23.123
12820.5	10.619	23.577
13157.9	10.911	24.042
13513.5	11.205	24.5
13888.9	11.515	25.016
14285.7	11.814	25.545
14705.9	12.166	26.097
15151.5	12.516	26.686
15625	12.929	27.32
16129	13.352	27.954
16666.7	13.803	28.636
17241.4	14.266	29.301
17857.1	14.769	30.059
18518.5	15.347	30.829
19230.8	15.92	31.621
20000	16.515	32.549
20833.3	17.198	33.469
21739.1	18.038	34.513
22727.3	18.944	35.431
23809.5	20.031	36.348
25000	20.688	37.284
26315.8	21.445	38.482
27777.8	22.327	39.897
29411.8	23.283	41.521
31250	24.459	43.439
33333.3	25.82	45.534
35714.3	27.455	47.998
38461.5	29.442	50.816
41666.7	31.972	54.228
45454.5	35.375	58.2
50000	39.98	62.499
55555.6	46.731	67.736
