280	1.3918174200902007	2.0522717751127506
285	1.4045854319644517	2.0682317899555644
290	1.4173534438387028	2.0841918047983783
295	1.4301214557129538	2.100151819641192
300	1.4428894675872048	2.116111834484006
305	1.4556574794614558	2.13207184932682
310	1.4684254913357069	2.1480318641696337
315	1.481193503209958	2.1639918790124475
320	1.4939615150842092	2.1799518938552613
325	1.5067295269584602	2.195911908698075
330	1.5194975388327112	2.2118719235408886
335	1.5322655507069622	2.2278319383837024
340	1.5450335625812133	2.2437919532265163
345	1.5578015744554643	2.25975196806933
350	1.5705695863297153	2.275711982912144
355	1.5833375982039664	2.291671997754958
360	1.5961056100782174	2.3076320125977716
365	1.6088736219524684	2.3235920274405855
370	1.6216416338267194	2.3395520422833993
375	1.6344096457009705	2.355512057126213
380	1.6471776575752215	2.371472071969027
385	1.6599456694494725	2.387432086811841
390	1.6727136813237236	2.4033921016546542
395	1.6854816931979748	2.419352116497468
400	1.6982497050722256	2.435312131340282
405	1.7110177169464769	2.4512721461830957
410	1.723785728820728	2.4672321610259096
415	1.736553740694979	2.4831921758687234
420	1.74932175256923	2.4991521907115373
425	1.762089764443481	2.515112205554351
430	1.774857776317732	2.531072220397165
435	1.787625788191983	2.5470322352399783
440	1.800393800066234	2.562992250082792
445	1.813161811940485	2.578952264925606
450	1.8259298238147361	2.59491227976842
455	1.8386978356889871	2.6108722946112337
460	1.8514658475632384	2.6268323094540476
465	1.8642338594374892	2.6427923242968614
470	1.8770018713117405	2.6587523391396752
475	1.8897698831859913	2.674712353982489
480	1.9025378950602425	2.690672368825303
485	1.9153059069344933	2.7066323836681168
490	1.9280739188087446	2.7225923985109306
495	1.9408419306829954	2.7385524133537444
500	1.9536099425572466	2.754512428196558
505	1.9663779544314974	2.7704724430393717
510	1.9791459663057487	2.7864324578821855
515	1.9919139781799995	2.8023924727249994
520	2.0046819900542507	2.818352487567813
525	2.017450001928502	2.834312502410627
530	2.030218013802753	2.8502725172534404
535	2.0429860256770036	2.8662325320962543
540	2.055754037551255	2.882192546939068
545	2.068522049425506	2.898152561781882
550	2.081290061299757	2.914112576624696
555	2.0940580731740077	2.9300725914675096
560	2.106826085048259	2.9460326063103235
565	2.11959409692251	2.9619926211531373
570	2.132362108796761	2.977952635995951
575	2.1451301206710123	2.993912650838765
580	2.157898132545263	3.009872665681579
585	2.1706661444195143	3.0258326805243927
590	2.183434156293765	3.0417926953672065
595	2.1962021681680164	3.0577527102100204
600	2.208970180042267	3.073712725052834
605	2.2217381919165184	3.0896727398956476
610	2.2345062037907697	3.1056327547384615
615	2.2472742156650205	3.1215927695812753
620	2.2600422275392713	3.137552784424089
625	2.2728102394135226	3.153512799266903
630	2.285578251287774	3.169472814109717
635	2.2983462631620246	3.18543282895253
640	2.3111142750362754	3.201392843795344
645	2.3238822869105267	3.217352858638158
650	2.336650298784778	3.2333128734809717
655	2.3494183106590287	3.2492728883237856
660	2.3621863225332795	3.2652329031665994
665	2.374954334407531	3.2811929180094133
670	2.387722346281782	3.297152932852227
675	2.4004903581560333	3.313112947695041
680	2.413258370030284	3.329072962537855
685	2.426026381904535	3.3450329773806686
690	2.438794393778786	3.3609929922234825
695	2.4515624056530374	3.3769530070662963
700	2.464330417527288	3.39291302190911
705	2.477098429401539	3.408873036751924
710	2.4898664412757903	3.424833051594738
715	2.5026344531500415	3.4407930664375517
720	2.5154024650242923	3.456753081280365
725	2.528170476898543	3.472713096123179
730	2.5409384887727944	3.4886731109659928
735	2.5537065006470456	3.5046331258088066
740	2.5664745125212964	3.5205931406516204
745	2.5792425243955477	3.536553155494434
750	2.5920105362697985	3.5525131703372477
755	2.6047785481440497	3.5684731851800615
760	2.617546560018301	3.5844332000228754
765	2.630314571892552	3.600393214865689
770	2.6430825837668026	3.616353229708503
775	2.655850595641054	3.632313244551317
780	2.668618607515305	3.6482732593941307
785	2.681386619389556	3.6642332742369446
790	2.6941546312638067	3.6801932890797584
795	2.706922643138058	3.6961533039225722
800	2.719690655012309	3.712113318765386
805	2.73245866688656	3.7280733336082
810	2.745226678760811	3.7440333484510138
815	2.757994690635062	3.7599933632938276
820	2.7707627025093133	3.7759533781366414
825	2.7835307143835646	3.7919133929794553
830	2.7962987262578154	3.8078734078222687
835	2.809066738132066	3.8238334226650825
840	2.8218347500063174	3.8397934375078964
845	2.8346027618805687	3.85575345235071
850	2.8473707737548195	3.871713467193524
855	2.8601387856290703	3.8876734820363374
860	2.8729067975033216	3.9036334968791513
865	2.885674809377573	3.919593511721965
870	2.8984428212518236	3.935553526564779
875	2.9112108331260744	3.951513541407593
880	2.9239788450003257	3.9674735562504067
885	2.936746856874577	3.9834335710932205
890	2.9495148687488277	3.9993935859360343
895	2.9622828806230785	4.015353600778848
900	2.97505089249733	4.031313615621662
905	2.987818904371581	4.047273630464476
910	3.0005869162458323	4.06323364530729
915	3.013354928120083	4.0791936601501035
920	3.026122939994334	4.095153674992917
925	3.038890951868585	4.111113689835731
930	3.0516589637428364	4.127073704678545
935	3.064426975617087	4.143033719521359
940	3.077194987491338	4.158993734364173
945	3.0899629993655893	4.174953749206987
950	3.1027310112398405	4.1909137640497995
955	3.1154990231140913	4.206873778892613
960	3.128267034988342	4.222833793735427
965	3.1410350468625934	4.238793808578241
970	3.1538030587368446	4.254753823421055
975	3.1665710706110954	4.270713838263869
980	3.1793390824853462	4.286673853106683
985	3.1921070943595975	4.302633867949496
990	3.2048751062338487	4.31859388279231
995	3.2176431181081	4.334553897635124
1000	3.2301304336084833	4.350434778694943
1005	3.2341811667911893	4.363937222637297
1010	3.2382318999738953	4.377439666579651
1015	3.2422826331566013	4.390942110522004
1020	3.2463333663393072	4.404444554464358
1025	3.2503840995220132	4.417946998406712
1030	3.2544348327047197	4.431449442349065
1035	3.2584855658874257	4.444951886291419
1040	3.2625362990701317	4.4584543302337725
1045	3.2665870322528376	4.4719567741761255
1050	3.2706377654355436	4.485459218118479
1055	3.2746884986182496	4.498961662060833
1060	3.2787392318009556	4.512464106003186
1065	3.282789964983662	4.52596654994554
1070	3.286840698166368	4.539468993887894
1075	3.290891431349074	4.552971437830247
1080	3.29494216453178	4.566473881772601
1085	3.298992897714486	4.579976325714955
1090	3.303043630897192	4.593478769657308
1095	3.3070943640798984	4.606981213599662
1100	3.3111450972626044	4.620483657542016
1105	3.3151958304453104	4.633986101484369
1110	3.3192465636280164	4.6474885454267225
1115	3.322928268220735	4.661420246060868
1120	3.3265256493272894	4.67545003237643
1125	3.330123030433844	4.689479818691992
1130	3.333720411540398	4.703509605007555
1135	3.3373177926469526	4.7175393913231165
1140	3.3409151737535074	4.731569177638679
1145	3.344512554860062	4.745598963954241
1150	3.348109935966616	4.759628750269804
1155	3.3517073170731706	4.773658536585366
1160	3.355304698179725	4.787688322900928
1165	3.3589020792862794	4.80171810921649
1170	3.3624994603928338	4.815747895532053
1175	3.366096841499388	4.829777681847615
1180	3.3696942226059425	4.8438074681631775
1185	3.373291603712497	4.857837254478739
1190	3.3768889848190518	4.871867040794302
1195	3.380486365925606	4.885896827109864
1200	3.3840837470321605	4.899926613425427
1205	3.387681128138715	4.9139563997409885
1210	3.3912785092452693	4.92798618605655
1215	3.3948758903518237	4.942015972372113
1220	3.398473271458378	4.956045758687675
1225	3.4020706525649325	4.970075545003238
1230	3.405668033671487	4.9841053313187995
1235	3.4092654147780417	4.998135117634362
1240	3.412862795884596	5.012164903949924
1245	3.4164601769911505	5.026194690265487
1250	3.4200492748754128	5.0402239767064225
1255	3.4231289545887225	5.054222520857831
1260	3.4262086343020326	5.068221065009239
1265	3.4292883140153423	5.0822196091606475
1270	3.432367993728652	5.096218153312055
1275	3.435447673441962	5.110216697463463
1280	3.438527353155272	5.124215241614872
1285	3.4416070328685815	5.13821378576628
1290	3.444686712581891	5.152212329917688
1295	3.4477663922952013	5.166210874069097
1300	3.450846072008511	5.180209418220505
1305	3.4539257517218207	5.194207962371913
1310	3.4570054314351304	5.208206506523322
1315	3.4600851111484405	5.22220505067473
1320	3.46316479086175	5.236203594826138
1325	3.46624447057506	5.250202138977547
1330	3.46932415028837	5.264200683128955
1335	3.4724038300016797	5.278199227280362
1340	3.4754835097149894	5.292197771431771
1345	3.478563189428299	5.306196315583179
1350	3.4816428691416093	5.320194859734587
1355	3.484722548854919	5.334193403885996
1360	3.4878022285682286	5.348191948037404
1365	3.4908819082815388	5.362190492188812
1370	3.4939615879948485	5.376189036340221
1375	3.497041267708158	5.390187580491629
1380	3.500120947421468	5.404186124643037
1385	3.503200627134778	5.418184668794446
1390	3.5062803068480877	5.432183212945854
1395	3.5093599865613974	5.446181757097262
1400	3.512439666274707	5.46018030124867
1405	3.515519345988017	5.474178845400078
1410	3.518599025701327	5.4881773895514865
1415	3.5216787054146366	5.502175933702895
1420	3.5247583851279467	5.516174477854303
1425	3.5278380648412564	5.5301730220057115
1430	3.5308760656839273	5.544192600058796
1435	3.5338158834152282	5.558261727772878
1440	3.5367557011465287	5.5723308554869595
1445	3.539695518877829	5.586399983201042
1450	3.54263533660913	5.600469110915124
1455	3.5455751543404306	5.614538238629205
1460	3.5485149720717315	5.628607366343287
1465	3.551454789803032	5.642676494057368
1470	3.554394607534333	5.65674562177145
1475	3.5573344252656334	5.670814749485532
1480	3.560274242996934	5.6848838771996135
1485	3.5632140607282348	5.698953004913696
1490	3.5661538784595352	5.713022132627777
1495	3.569093696190836	5.727091260341859
1500	3.5720335139221366	5.741160388055941
1505	3.5749733316534376	5.755229515770022
1510	3.577913149384738	5.769298643484104
1515	3.5808529671160385	5.7833677711981855
1520	3.5837927848473394	5.7974368989122675
1525	3.58673260257864	5.81150602662635
1530	3.589672420309941	5.825575154340431
1535	3.5926122380412413	5.839644282054513
1540	3.5955520557725418	5.853713409768594
1545	3.5984918735038427	5.867782537482676
1550	3.601431691235143	5.881851665196758
1555	3.604371508966444	5.8959207929108395
1560	3.6073113266977446	5.909989920624922
1565	3.6102511444290455	5.924059048339003
1570	3.613190962160346	5.938128176053085
1575	3.6161307798916464	5.952197303767167
1580	3.6190705976229474	5.966266431481248
1585	3.622010415354248	5.98033555919533
1590	3.6249502330855488	5.994404686909412
1595	3.6278900508168492	6.0084738146234935
1600	3.63082986854815	6.022542942337576
1605	3.6337696862794506	6.036612070051657
1610	3.636709504010751	6.050681197765739
1615	3.639649321742052	6.064750325479821
1620	3.6425891394733525	6.078819453193902
1625	3.6455289572046534	6.092888580907984
1630	3.648468774935954	6.106957708622065
1635	3.651408592667255	6.1210268363361475
1640	3.6543484103985553	6.13509596405023
1645	3.6572882281298558	6.149165091764311
1650	3.6602280458611567	6.163234219478393
1655	3.663167863592457	6.177303347192474
1660	3.666107681323758	6.191372474906556
1665	3.6690474990550586	6.205441602620638
1670	3.671723558701782	6.219631651568781
1675	3.6742732017517548	6.233879656848042
1680	3.6768228448017277	6.2481276621273025
1685	3.6793724878517007	6.262375667406563
1690	3.6819221309016736	6.276623672685824
1695	3.6844717739516466	6.290871677965085
1700	3.6870214170016196	6.305119683244346
1705	3.689571060051593	6.319367688523607
1710	3.692120703101566	6.333615693802868
1715	3.694670346151539	6.347863699082128
1720	3.697219989201512	6.362111704361389
1725	3.699769632251485	6.376359709640651
1730	3.7023192753014578	6.390607714919912
1735	3.7048689183514307	6.404855720199173
1740	3.7074185614014037	6.4191037254784336
1745	3.7099682044513766	6.433351730757694
1750	3.7125178475013496	6.447599736036955
1755	3.7150674905513226	6.461847741316216
1760	3.717617133601296	6.476095746595477
1765	3.720166776651269	6.490343751874738
1770	3.722716419701242	6.504591757153999
1775	3.725266062751215	6.5188397624332595
1780	3.727815705801188	6.53308776771252
1785	3.730365348851161	6.547335772991781
1790	3.7329149919011337	6.561583778271042
1795	3.7354646349511067	6.575831783550303
1800	3.7380142780010797	6.590079788829564
1805	3.7405639210510526	6.6043277941088245
1810	3.7431135641010256	6.618575799388086
1815	3.745663207150999	6.632823804667347
1820	3.748212850200972	6.647071809946608
1825	3.750762493250945	6.661319815225869
1830	3.753312136300918	6.67556782050513
1835	3.755861779350891	6.6898158257843905
1840	3.758411422400864	6.704063831063651
1845	3.7609610654508367	6.718311836342912
1850	3.7635107085008097	6.732559841622173
1855	3.7660603515507827	6.746807846901434
1860	3.7686099946007556	6.761055852180695
1865	3.7711596376507286	6.775303857459956
1870	3.773709280700702	6.789551862739216
1875	3.776258923750675	6.803799868018477
1880	3.778808566800648	6.818047873297738
1885	3.781358209850621	6.832295878577
1890	3.783907852900594	6.846543883856261
1895	3.786457495950567	6.8607918891355215
1900	3.7890071390005398	6.875039894414782
1905	3.7915567820505127	6.889287899694043
1910	3.7941064251004857	6.903535904973304
1915	3.7966560681504586	6.917783910252565
1920	3.7992057112004316	6.932031915531826
1925	3.801755354250405	6.946279920811087
1930	3.804304997300378	6.960527926090347
1935	3.806854640350351	6.974775931369608
1940	3.809404283400324	6.989023936648869
1945	3.811953926450297	7.00327194192813
1950	3.81450356950027	7.017519947207391
1955	3.8170532125502428	7.031767952486652
1960	3.8196028556002157	7.046015957765913
1965	3.8221524986501887	7.060263963045173
1970	3.8247021417001617	7.074511968324435
1975	3.827251784750135	7.088759973603696
1980	3.829801427800108	7.103007978882957
1985	3.832351070850081	7.117255984162218
1990	3.834900713900054	7.1315039894414785
1995	3.837450356950027	7.145751994720739
2000	3.84	7.16
2005	3.843799392097264	7.176147416413374
2010	3.847598784194529	7.1922948328267475
2015	3.8513981762917933	7.208442249240122
2020	3.8551975683890576	7.224589665653496
2025	3.858996960486322	7.240737082066869
2030	3.8627963525835867	7.256884498480243
2035	3.866595744680851	7.273031914893617
2040	3.8703951367781153	7.289179331306991
2045	3.8741945288753796	7.305326747720365
2050	3.8779939209726444	7.321474164133738
2055	3.8817933130699087	7.337621580547112
2060	3.885592705167173	7.353768996960486
2065	3.8893920972644374	7.3699164133738595
2070	3.893191489361702	7.386063829787234
2075	3.8969908814589664	7.402211246200608
2080	3.9007902735562308	7.418358662613981
2085	3.904589665653495	7.434506079027355
2090	3.90838905775076	7.450653495440729
2095	3.912188449848024	7.4668009118541026
2100	3.9159878419452885	7.482948328267477
2105	3.919787234042553	7.499095744680851
2110	3.922420926654129	7.512104633270644
2115	3.9249854676012994	7.5249273380064965
2120	3.9275500085484696	7.537750042742348
2125	3.93011454949564	7.550572747478201
2130	3.9326790904428104	7.563395452214053
2135	3.935243631389981	7.576218156949905
2140	3.9378081723371516	7.589040861685758
2145	3.940372713284322	7.60186356642161
2150	3.9429372542314924	7.6146862711574625
2155	3.945501795178663	7.627508975893314
2160	3.9480663361258332	7.640331680629167
2165	3.950630877073004	7.653154385365019
2170	3.953195418020174	7.6659770901008715
2175	3.9557599589673447	7.678799794836723
2180	3.9583244999145153	7.691622499572576
2185	3.9608890408616855	7.704445204308428
2190	3.963453581808856	7.71726790904428
2195	3.9660181227560267	7.730090613780133
2200	3.968582663703197	7.742913318515985
2205	3.9711472046503675	7.7557360232518375
2210	3.9737117455975377	7.768558727987689
2215	3.9762762865447083	7.781381432723542
2220	3.978840827491879	7.794204137459394
2225	3.981257361376673	7.807963288718929
2230	3.9835518164435944	7.822494837476099
2235	3.9858462715105163	7.837026386233269
2240	3.988140726577438	7.8515579349904385
2245	3.9904351816443593	7.866089483747609
2250	3.992729636711281	7.880621032504779
2255	3.9950240917782027	7.895152581261949
2260	3.997318546845124	7.909684130019119
2265	3.9996130019120457	7.92421567877629
2270	4.001907456978968	7.93874722753346
2275	4.004201912045889	7.95327877629063
2280	4.006496367112811	7.9678103250478
2285	4.008790822179733	7.9823418738049705
2290	4.011085277246654	7.996873422562141
2295	4.013379732313576	8.01140497131931
2300	4.015674187380497	8.025936520076481
2305	4.017968642447419	8.04046806883365
2310	4.0202630975143405	8.054999617590822
2315	4.022557552581262	8.069531166347991
2320	4.0248520076481835	8.084062715105162
2325	4.0271464627151055	8.098594263862331
2330	4.0294409177820265	8.113125812619502
2335	4.0317353728489485	8.127657361376672
2340	4.0340298279158695	8.142188910133843
2345	4.0363242829827914	8.156720458891012
2350	4.038618738049713	8.171252007648183
2355	4.041217621864165	8.18554694404786
2360	4.044276973281664	8.199483989394247
2365	4.047336324699164	8.213421034740634
2370	4.050395676116663	8.22735808008702
2375	4.053455027534163	8.241295125433407
2380	4.056514378951662	8.255232170779793
2385	4.059573730369162	8.26916921612618
2390	4.062633081786661	8.283106261472566
2395	4.065692433204161	8.297043306818955
2400	4.06875178462166	8.310980352165341
2405	4.07181113603916	8.324917397511728
2410	4.074870487456659	8.338854442858114
2415	4.077929838874159	8.3527914882045
2420	4.080989190291658	8.366728533550887
2425	4.084048541709158	8.380665578897274
2430	4.087107893126657	8.39460262424366
2435	4.090167244544157	8.408539669590047
2440	4.0932265959616565	8.422476714936433
2445	4.0962859473791555	8.43641376028282
2450	4.099345298796655	8.450350805629206
2455	4.1024046502141545	8.464287850975593
2460	4.105464001631654	8.47822489632198
2465	4.108523353049153	8.492161941668366
2470	4.111582704466653	8.506098987014752
2475	4.114642055884152	8.520036032361139
2480	4.117701407301652	8.533973077707525
2485	4.120760758719151	8.547910123053912
2490	4.123820110136651	8.561847168400298
2495	4.12687946155415	8.575784213746687
2500	4.12993881297165	8.589721259093073
2550	4.156938995861076	8.718708535780697
2600	4.183931977685802	8.84767500449883
2650	4.210924959510527	8.976641473216963
2700	4.233935863118669	9.112325093161182
2750	4.254929932294127	9.251410801448591
2800	4.275924001469584	9.390496509736
2850	4.2969180706450425	9.529582218023409
2900	4.317524305080104	9.657092975489524
2950	4.338063809393399	9.782612168515222
3000	4.358603313706696	9.908131361540919
3050	4.379142818019991	10.033650554566616
3100	4.395516246050629	10.164356203924017
3150	4.407218083239068	10.300877637789133
3200	4.418919920427507	10.43739907165425
3250	4.4306217576159455	10.573920505519366
3300	4.442323594804384	10.710441939384484
3350	4.45340616542346	10.84541553897947
3400	4.46330780909631	10.977437454617467
3450	4.47320945276916	11.109459370255463
3500	4.483111096442009	11.241481285893459
3550	4.4930127401148585	11.373503201531454
3600	4.502914383787709	11.50552511716945
3650	4.511173364138955	11.639112137965178
3700	4.515299117088868	11.776637236295624
3750	4.519424870038782	11.914162334626068
3800	4.5235506229886955	12.051687432956514
3850	4.527676375938609	12.189212531286959
3900	4.531802128888522	12.326737629617405
3950	4.535927881838435	12.464262727947851
4000	4.540073135604663	12.601755254511904
4050	4.545698951347945	12.73677483235069
4100	4.551324767091228	12.871794410189478
4150	4.556950582834511	13.006813988028265
4200	4.562576398577794	13.141833565867051
4250	4.568202214321077	13.27685314370584
4300	4.57382803006436	13.411872721544626
4350	4.579453845807642	13.546892299383412
4400	4.585079661550925	13.681911877222198
4450	4.59	13.81806070644151
4500	4.59	13.962085478702338
4550	4.59	14.106110250963168
4600	4.59	14.250135023223997
4650	4.59	14.394159795484825
4700	4.59	14.538184567745654
4750	4.59	14.682209340006484
4800	4.59	14.826234112267311
4850	4.59	14.97025888452814
4900	4.59	15.11428365678897
4950	4.59	15.258308429049798
5000	4.590030784432958	15.40246275463667
5050	4.591931058072363	15.554484645788994
5100	4.593831331711766	15.706506536941319
5150	4.59573160535117	15.858528428093646
5200	4.597631878990574	16.010550319245972
5250	4.599532152629978	16.162572210398295
5300	4.60386762442278	16.316028732683424
5350	4.608998460749102	16.469953822473062
5400	4.614129297075423	16.623878912262697
5450	4.6192601334017445	16.777804002052335
5500	4.624390969728066	16.931729091841973
5550	4.629521806054386	17.085654181631607
5600	4.634162943012793	17.238764767093105
5650	4.638753749158353	17.391791638611743
5700	4.643344555303911	17.54481851013038
5750	4.647935361449471	17.69784538164902
5800	4.65252616759503	17.85087225316766
5850	4.657116973740589	18.0038991246863
5900	4.6621346867468345	18.156924979915583
5950	4.66787309198026	18.3099491194736
6000	4.6736114972136855	18.462973259031614
6050	4.679349902447111	18.61599739858963
6100	4.6850883076805365	18.769021538147644
6150	4.690826712913962	18.92204567770566
6200	4.6965651181473875	19.075069817263675
6250	4.702303523380813	19.228093956821688
6300	4.7080419286142385	19.381118096379705
6350	4.713780333847665	19.53414223593772
6400	4.71951873908109	19.687166375495735
6450	4.725257144314516	19.84019051505375
6500	4.730995549547941	19.993214654611766
6550	4.736733954781367	20.14623879416978
6600	4.742472360014792	20.299262933727796
6650	4.748210765248218	20.45228707328581
6700	4.760118249984247	20.60840982125979
6750	4.774820734704165	20.765936443258912
6800	4.789523219424082	20.92346306525803
6850	4.804225704144001	21.080989687257148
6900	4.818928188863918	21.238516309256266
6950	4.833630673583835	21.396042931255383
7000	4.848333158303753	21.5535695532545
7050	4.863035643023671	21.71109617525362
7100	4.877738127743588	21.868622797252737
7150	4.893172725121502	22.02568396526931
7200	4.912285527058266	22.18040664761454
7250	4.93139832899503	22.335129329959774
7300	4.950511130931794	22.489852012305004
7350	4.969623932868558	22.644574694650235
7400	4.988736734805322	22.79929737699547
7450	5.0078495367420865	22.9540200593407
7500	5.0269623386788505	23.10874274168593
7550	5.046075140615614	23.263465424031164
7600	5.065187942552378	23.418188106376395
7650	5.084300744489142	23.572910788721625
7700	5.103761935967047	23.726472882731073
7750	5.124825407227111	23.87469731011671
7800	5.145888878487175	24.02292173750234
7850	5.1669523497472385	24.171146164887976
7900	5.188015821007302	24.319370592273607
7950	5.209079292267366	24.467595019659242
8000	5.23014276352743	24.615819447044874
8050	5.251206234787493	24.764043874430506
8100	5.272269706047557	24.91226830181614
8150	5.293333177307621	25.060492729201773
8200	5.314396648567684	25.208717156587408
8250	5.335460119827748	25.35694158397304
8300	5.356523591087812	25.505166011358675
8350	5.3752309723414085	25.65230972341409
8400	5.3897533830615885	25.797533830615883
8450	5.404275793781768	25.942757937817678
8500	5.418798204501948	26.087982045019476
8550	5.433320615222127	26.23320615222127
8600	5.447843025942307	26.378430259423066
8650	5.462365436662486	26.52365436662486
8700	5.476887847382666	26.668878473826656
8750	5.491410258102845	26.81410258102845
8800	5.505932668823024	26.959326688230245
8850	5.520455079543204	27.104550795432043
8900	5.534977490263383	27.24977490263384
8950	5.549499900983563	27.394999009835633
9000	5.564022311703742	27.540223117037428
9050	5.578544722423922	27.685447224239223
9100	5.592555916167005	27.830206281973705
9150	5.604657791957753	27.973228450409813
9200	5.616759667748501	28.11625061884592
9250	5.628861543539248	28.25927278728203
9300	5.640963419329996	28.402294955718137
9350	5.653065295120744	28.545317124154245
9400	5.6651671709114915	28.68833929259035
9450	5.677269046702238	28.831361461026457
9500	5.689370922492986	28.974383629462565
9550	5.701472798283734	29.117405797898673
9600	5.713574674074481	29.26042796633478
9650	5.725676549865229	29.40345013477089
9700	5.737778425655977	29.546472303206997
9750	5.749880301446724	29.689494471643105
9800	5.7619821772374715	29.832516640079213
9850	5.774084053028219	29.97553880851532
9900	5.786185928818966	30.11856097695143
9950	5.798287804609714	30.261583145387537
10000	5.810428346097566	30.40489538397218
10050	5.823731019935007	30.556925942114365
10100	5.837033693772448	30.70895650025655
10150	5.85033636760989	30.860987058398738
10200	5.863639041447331	31.013017616540925
10250	5.876941715284772	31.16504817468311
10300	5.890244389122214	31.317078732825298
10350	5.903547062959655	31.469109290967484
10400	5.916849736797096	31.62113984910967
10450	5.930152410634538	31.773170407251857
10500	5.943455084471979	31.925200965394044
10550	5.957384983752352	32.07384983752352
10600	5.9719223533435954	32.21922353343595
10650	5.986459722934838	32.364597229348384
10700	6.000997092526082	32.509970925260816
10750	6.0155344621173255	32.65534462117325
10800	6.030071831708569	32.80071831708569
10850	6.044609201299812	32.94609201299812
10900	6.0591465708910555	33.091465708910555
10950	6.073683940482299	33.23683940482299
11000	6.088221310073542	33.38221310073543
11050	6.1027586796647855	33.52758679664786
11100	6.117296049256029	33.67296049256029
11150	6.131833205814844	33.82456006120888
11200	6.146370313695486	33.97758224942617
11250	6.160907421576129	34.13060443764346
11300	6.1754445294567715	34.283626625860755
11350	6.189981637337414	34.43664881407805
11400	6.204518745218056	34.58967100229534
11450	6.219055853098699	34.74269319051263
11500	6.233592960979342	34.89571537872992
11550	6.248130068859985	35.04873756694721
11600	6.262667176740627	35.2017597551645
11650	6.27720428462127	35.354781943381795
11700	6.291741392501913	35.50780413159909
11750	6.306278500382556	35.66082631981638
11800	6.318587724063009	35.80103204780011
11850	6.330130363932645	35.936827810972304
11900	6.341673003802281	36.072623574144494
11950	6.353215643671917	36.20841933731668
12000	6.364758283541553	36.34421510048887
12050	6.37630092341119	36.48001086366106
12100	6.387843563280826	36.61580662683325
12150	6.399386203150462	36.75160239000544
12200	6.4109288430200975	36.88739815317762
12250	6.422471482889734	37.02319391634981
12300	6.43401412275937	37.158989679522
12350	6.445556762629006	37.29478544269419
12400	6.457099402498642	37.43058120586638
12450	6.468642042368279	37.566376969038565
12500	6.480383969282458	37.702495800335974
12550	6.504382049436045	37.85848332133429
12600	6.528380129589633	38.014470842332614
12650	6.55237820974322	38.17045836333093
12700	6.576376289896809	38.32644588432925
12750	6.600374370050396	38.482433405327576
12800	6.624372450203984	38.63842092632589
12850	6.648370530357571	38.794408447324216
12900	6.672368610511159	38.95039596832253
12950	6.696366690664747	39.106383489320855
13000	6.7203647708183345	39.26237101031917
13050	6.744362850971922	39.418358531317494
13100	6.7683609311255095	39.57434605231581
13150	6.792359011279098	39.730333573314134
13200	6.816357091432685	39.88632109431245
13250	6.840355171586273	40.04230861531077
13300	6.86435325173986	40.19829613630909
13350	6.887672440944882	40.35297637795275
13400	6.90971968503937	40.50520734908136
13450	6.931766929133858	40.65743832020997
13500	6.953814173228346	40.80966929133858
13550	6.975861417322834	40.96190026246719
13600	6.9979086614173225	41.1141312335958
13650	7.019955905511811	41.26636220472441
13700	7.042003149606299	41.41859317585302
13750	7.0640503937007875	41.57082414698163
13800	7.086097637795275	41.72305511811024
13850	7.108144881889763	41.87528608923884
13900	7.130192125984252	42.02751706036745
13950	7.15223937007874	42.17974803149606
14000	7.174286614173228	42.33197900262467
14050	7.1963338582677165	42.48420997375328
14100	7.218381102362205	42.63644094488189
14150	7.240428346456692	42.7886719160105
14200	7.262475590551181	42.94090288713911
14250	7.284522834645669	43.09313385826772
14300	7.305559195559195	43.24474474474474
14350	7.324214214214214	43.3948948948949
14400	7.342869232869233	43.54504504504504
14450	7.361524251524251	43.6951951951952
14500	7.38017927017927	43.84534534534534
14550	7.398834288834289	43.9954954954955
14600	7.417489307489308	44.145645645645644
14650	7.436144326144326	44.2957957957958
14700	7.454799344799344	44.445945945945944
14750	7.473454363454363	44.5960960960961
14800	7.492109382109382	44.746246246246244
14850	7.5107644007644	44.8963963963964
14900	7.529419419419419	45.046546546546544
14950	7.548074438074438	45.1966966966967
15000	7.5667294567294565	45.346846846846844
15050	7.585384475384475	45.496996996997
15100	7.604039494039494	45.647147147147145
15150	7.622694512694513	45.7972972972973
15200	7.641349531349531	45.947447447447445
15250	7.66000455000455	46.0975975975976
15300	7.678659568659569	46.247747747747745
15350	7.697314587314588	46.3978978978979
15400	7.7183606301669005	46.54741849945406
15450	7.744487599438465	46.69560131024801
15500	7.770614568710029	46.843784121041956
15550	7.796741537981594	46.991966931835904
15600	7.822868507253158	47.14014974262985
15650	7.848995476524723	47.2883325534238
15700	7.875122445796288	47.43651536421775
15750	7.901249415067852	47.584698175011695
15800	7.927376384339417	47.73288098580564
15850	7.953503353610981	47.88106379659959
15900	7.979630322882546	48.02924660739354
15950	8.00575729215411	48.17742941818749
16000	8.031884261425676	48.325612228981434
16050	8.05801123069724	48.47379503977538
16100	8.084138199968804	48.62197785056933
16150	8.110265169240368	48.77016066136328
16200	8.136392138511933	48.918343472157225
16250	8.162519107783497	49.06652628295117
16300	8.188646077055061	49.21470909374512
16350	8.214773046326627	49.36289190453907
16400	8.240900015598191	49.51107471533302
16450	8.267026984869755	49.659257526126964
16500	8.29315395414132	49.80744033692091
16550	8.319280923412885	49.95562314771486
16600	8.345407892684449	50.10380595850881
16650	8.371534861956013	50.251988769302756
16700	8.394720865778012	50.39813910518674
16750	8.416497294443712	50.543315296291404
16800	8.438273723109411	50.688491487396064
16850	8.460050151775109	50.833667678500724
16900	8.481826580440808	50.978843869605384
16950	8.503603009106508	51.12402006071004
17000	8.525379437772205	51.2691962518147
17050	8.547155866437905	51.41437244291936
17100	8.568932295103604	51.55954863402402
17150	8.590708723769302	51.70472482512868
17200	8.612485152435001	51.84990101623334
17250	8.6342615811007	51.995077207338
17300	8.656038009766398	52.14025339844265
17350	8.677814438432097	52.28542958954731
17400	8.699590867097797	52.43060578065197
17450	8.721367295763494	52.57578197175663
17500	8.743143724429194	52.720958162861294
17550	8.764920153094893	52.866134353965954
17600	8.78669658176059	53.011310545070614
17650	8.80847301042629	53.15648673617527
17700	8.83024943909199	53.30166292727993
17750	8.852025867757687	53.44683911838459
17800	8.873802296423387	53.59201530948925
17850	8.895578725089086	53.73719150059391
17900	8.917355153754784	53.88236769169857
17950	8.939131582420483	54.02754388280322
18000	8.960908011086183	54.17272007390788
18050	8.98268443975188	54.31789626501254
18100	9.00446086841758	54.4630724561172
18150	9.026237297083279	54.60824864722186
18200	9.04839859216894	54.75464144302684
18250	9.07122085349758	54.90312362516499
18300	9.09404311482622	55.05160580730313
18350	9.11686537615486	55.20008798944127
18400	9.139687637483501	55.34857017157942
18450	9.162509898812143	55.497052353717564
18500	9.185332160140783	55.6455345358557
18550	9.208154421469423	55.79401671799385
18600	9.230976682798063	55.94249890013199
18650	9.253798944126704	56.09098108227013
18700	9.276621205455346	56.23946326440828
18750	9.299443466783986	56.38794544654642
18800	9.322265728112626	56.536427628684564
18850	9.345087989441266	56.68490981082271
18900	9.367910250769906	56.83339199296085
18950	9.390732512098548	56.981874175098994
19000	9.413554773427188	57.13035635723713
19050	9.436377034755829	57.27883853937528
19100	9.459199296084469	57.427320721513425
19150	9.482021557413109	57.575802903651564
19200	9.504843818741751	57.72428508578971
19250	9.527666080070391	57.872767267927856
19300	9.550488341399031	58.021249450065994
19350	9.573310602727672	58.16973163220414
19400	9.596132864056313	58.31821381434228
19450	9.618955125384954	58.466695996480425
19500	9.641777386713594	58.61517817861857
19550	9.664599648042234	58.76366036075671
19600	9.687421909370874	58.912142542894856
19650	9.710244170699516	59.060624725033
19700	9.733066432028156	59.20910690717114
19750	9.755888693356797	59.357589089309286
19800	9.778710954685437	59.506071271447425
19850	9.801533216014077	59.65455345358557
19900	9.824355477342719	59.80303563572372
19950	9.847177738671359	59.951517817861856
20000	9.87	60.1
20050	9.895794841031792	60.249970005998804
20100	9.921589682063587	60.3999400119976
20150	9.94738452309538	60.5499100179964
20200	9.973179364127175	60.6998800239952
20250	9.998974205158968	60.849850029994
20300	10.024769046190762	60.999820035992805
20350	10.050563887222555	61.1497900419916
20400	10.076358728254348	61.299760047990404
20450	10.102153569286143	61.44973005398921
20500	10.127948410317936	61.599700059988
20550	10.15374325134973	61.749670065986805
20600	10.179538092381524	61.8996400719856
20650	10.205332933413318	62.049610077984404
20700	10.231127774445111	62.19958008398321
20750	10.256922615476904	62.349550089982
20800	10.2827174565087	62.499520095980806
20850	10.30728557235898	62.65099900651286
20900	10.32936306435589	62.805541450491226
20950	10.351440556352799	62.96008389446959
21000	10.373518048349707	63.114626338447955
21050	10.395595540346617	63.26916878242632
21100	10.417673032343526	63.423711226404684
21150	10.439750524340434	63.57825367038305
21200	10.461828016337344	63.73279611436141
21250	10.483905508334253	63.88733855833977
21300	10.505983000331161	64.04188100231814
21350	10.528060492328072	64.1964234462965
21400	10.55013798432498	64.35096589027486
21450	10.572215476321889	64.50550833425324
21500	10.594292968318799	64.6600507782316
21550	10.616370460315707	64.81459322220996
21600	10.638447952312616	64.96913566618832
21650	10.660525444309526	65.12367811016668
21700	10.682602936306434	65.27822055414505
21750	10.706434641845405	65.43431808984217
21800	10.736786726021853	65.59619587211655
21850	10.767138810198299	65.75807365439094
21900	10.797490894374747	65.91995143666531
21950	10.827842978551192	66.0818292189397
22000	10.85819506272764	66.24370700121408
22050	10.888547146904086	66.40558478348846
22100	10.918899231080534	66.56746256576285
22150	10.94925131525698	66.72934034803723
22200	10.979603399433428	66.89121813031161
22250	11.009955483609874	67.053095912586
22300	11.040307567786321	67.21497369486038
22350	11.070659651962767	67.37685147713476
22400	11.101011736139215	67.53872925940914
22450	11.131363820315663	67.70060704168353
22500	11.161715904492109	67.86248482395791
22550	11.192067988668557	68.02436260623229
22600	11.222420072845003	68.18624038850668
22650	11.25277215702145	68.34811817078106
22700	11.283124241197896	68.50999595305544
22750	11.314355658198615	68.6676766743649
22800	11.346688221709009	68.82010161662818
22850	11.379020785219401	68.97252655889146
22900	11.411353348729794	69.12495150115473
22950	11.443685912240186	69.277376443418
23000	11.476018475750578	69.42980138568129
23050	11.50835103926097	69.58222632794457
23100	11.540683602771363	69.73465127020785
23150	11.573016166281755	69.88707621247113
23200	11.605348729792148	70.03950115473441
23250	11.637681293302542	70.19192609699769
23300	11.670013856812934	70.34435103926097
23350	11.702346420323327	70.49677598152425
23400	11.734678983833719	70.64920092378753
23450	11.767011547344111	70.80162586605081
23500	11.799344110854504	70.9540508083141
23550	11.831676674364896	71.10647575057737
23600	11.864009237875289	71.25890069284065
23650	11.896341801385681	71.41132563510394
23700	11.928674364896075	71.56375057736722
23750	11.961006928406468	71.7161755196305
23800	11.99333949191686	71.86860046189378
23850	12.033341731754431	72.02669858066685
23900	12.075333837238599	72.18626858150668
23950	12.117325942722768	72.34583858234653
24000	12.159318048206938	72.50540858318637
24050	12.201310153691107	72.66497858402622
24100	12.243302259175275	72.82454858486605
24150	12.285294364659444	72.9841185857059
24200	12.327286470143614	73.14368858654574
24250	12.369278575627783	73.30325858738557
24300	12.41127068111195	73.46282858822542
24350	12.45326278659612	73.62239858906526
24400	12.49525489208029	73.7819685899051
24450	12.537246997564457	73.94153859074494
24500	12.579239103048627	74.10110859158479
24550	12.621231208532796	74.26067859242463
24600	12.663223314016966	74.42024859326447
24650	12.705215419501133	74.57981859410431
24700	12.747207524985303	74.73938859494416
24750	12.789199630469472	74.898958595784
24800	12.831191735953642	75.05852859662384
24850	12.87318384143781	75.21809859746368
24900	12.915175946921979	75.37766859830353
24950	12.957168052406148	75.53723859914336
25000	12.999160157890316	75.6968085999832
25050	13.044677456120356	75.85264797507789
25100	13.090266697059494	76.00841121495327
25150	13.135855937998633	76.16417445482867
25200	13.181445178937771	76.31993769470405
25250	13.22703441987691	76.47570093457944
25300	13.272623660816048	76.63146417445483
25350	13.318212901755185	76.78722741433022
25400	13.363802142694324	76.94299065420562
25450	13.409391383633462	77.098753894081
25500	13.4549806245726	77.25451713395638
25550	13.50056986551174	77.41028037383178
25600	13.546159106450878	77.56604361370717
25650	13.591748347390016	77.72180685358256
25700	13.637337588329155	77.87757009345795
25750	13.682926829268293	78.03333333333333
25800	13.728516070207432	78.18909657320873
25850	13.77410531114657	78.34485981308411
25900	13.819694552085709	78.5006230529595
25950	13.865283793024847	78.6563862928349
26000	13.910873033963984	78.81214953271028
26050	13.956462274903123	78.96791277258568
26100	14.002051515842261	79.12367601246106
26150	14.0476407567814	79.27943925233645
26200	14.093229997720538	79.43520249221184
26250	14.138819238659677	79.59096573208723
26300	14.184408479598815	79.74672897196263
26350	14.233745897155362	79.90573714442013
26400	14.285031455142233	80.066431892779
26450	14.336317013129104	80.22712664113786
26500	14.387602571115975	80.38782138949672
26550	14.438888129102844	80.54851613785559
26600	14.490173687089715	80.70921088621445
26650	14.541459245076586	80.8699056345733
26700	14.592744803063457	81.03060038293216
26750	14.644030361050328	81.19129513129103
26800	14.6953159190372	81.35198987964989
26850	14.74660147702407	81.51268462800876
26900	14.797887035010941	81.67337937636762
26950	14.849172592997812	81.83407412472648
27000	14.900458150984683	81.99476887308533
27050	14.951743708971554	82.1554636214442
27100	15.003029266958425	82.31615836980306
27150	15.054314824945296	82.47685311816193
27200	15.105600382932167	82.63754786652079
27250	15.156885940919038	82.79824261487965
27300	15.208171498905909	82.95893736323852
27350	15.259457056892778	83.11963211159737
27400	15.31074261487965	83.28032685995623
27450	15.36202817286652	83.4410216083151
27500	15.41331373085339	83.60171635667396
27550	15.464599288840262	83.76241110503283
27600	15.515884846827133	83.92310585339169
27650	15.567170404814004	84.08380060175055
27700	15.618455962800875	84.2444953501094
27750	15.669741520787746	84.40519009846827
27800	15.725084123585194	84.56020189660447
27850	15.786264912817375	84.7070357907617
27900	15.847445702049555	84.85386968491893
27950	15.908626491281737	85.00070357907617
28000	15.969807280513917	85.1475374732334
28050	16.030988069746098	85.29437136739064
28100	16.09216885897828	85.44120526154788
28150	16.15334964821046	85.5880391557051
28200	16.214530437442644	85.73487304986234
28250	16.275711226674822	85.88170694401958
28300	16.336892015907004	86.02854083817681
28350	16.398072805139186	86.17537473233405
28400	16.45925359437137	86.32220862649127
28450	16.520434383603547	86.46904252064851
28500	16.58161517283573	86.61587641480575
28550	16.64279596206791	86.76271030896298
28600	16.70397675130009	86.90954420312022
28650	16.76515754053227	87.05637809727746
28700	16.826338329764454	87.20321199143469
28750	16.887519118996636	87.35004588559192
28800	16.948699908228814	87.49687977974915
28850	17.009880697460996	87.64371367390639
28900	17.07106148669318	87.79054756806363
28950	17.132242275925357	87.93738146222086
29000	17.19342306515754	88.0842153563781
29050	17.25460385438972	88.23104925053534
29100	17.315784643621903	88.37788314469256
29150	17.37696543285408	88.5247170388498
29200	17.438146222086264	88.67155093300704
29250	17.499327011318446	88.81838482716427
29300	17.560507800550628	88.9652187213215
29350	17.621688589782806	89.11205261547873
29400	17.68286937901499	89.25888650963597
29450	17.743255051884216	89.39240851993446
29500	17.803331512834514	89.5207536865101
29550	17.863407973784817	89.64909885308575
29600	17.923484434735116	89.77744401966139
29650	17.983560895685418	89.90578918623703
29700	18.043637356635717	90.03413435281267
29750	18.10371381758602	90.16247951938831
29800	18.163790278536318	90.29082468596395
29850	18.223866739486617	90.4191698525396
29900	18.28394320043692	90.54751501911524
29950	18.344019661387218	90.67586018569088
30000	18.40409612233752	90.80420535226652
