0.9663238023766053
0.9663250303860402
0.9663234203689336
0.9663269781150551
0.966300549762622
0.9663313656863091
0.9663339025809956
0.9663332470068875
0.9663316690749354
0.9663259443898728
0.9663317626989205
0.9663308338091421
0.9663169964762214
0.9663305378980926
0.9663289559879455
0.9663295426029065
0.9663117839955574
0.9663266298129415
0.9663312466430041
0.9663192210197434
0.9663066945236979
0.9663321092033752
0.9663172266639265
0.9663293219560132
0.9663172706205496
0.9663261962239208
0.9663329069269578
0.9663274551118359
0.9663248540204123
0.9663204928877401
0.9663298187536105
0.9663335550719153
0.9663341163803565
0.9663276563424029
0.9663289842553955
0.9662419548652386
0.9663297381415852
0.9663262716496024
0.9661718851665388
0.9663270241977097
0.9663076220834494
0.9663195456921226
0.9663260917543524
0.9663278136745028
0.9662000401925787
0.9663253327203666
0.9661398025301052
0.9663335670697469
