280	0.1529893933605385	1e-301	0.8470106066394615
285	0.15655640315362127	0.0	0.8434435968463787
290	0.1587375557050969	0.0	0.841262444294903
295	0.15969454634307184	0.0	0.8403054536569281
300	0.15979204398231683	0.0	0.8402079560176832
305	0.1589571979615994	0.0	0.8410428020384006
310	0.15727304901763411	0.0	0.8427269509823658
315	0.1549386043969243	0.0	0.8450613956030757
320	0.1520503638187461	0.0	0.847949636181254
325	0.14813192240023504	0.0	0.8518680775997649
330	0.14397513989572583	0.0	0.8560248601042741
335	0.138652530548679	0.0	0.861347469451321
340	0.13307357946752693	0.0	0.866926420532473
345	0.12670375366823286	0.0	0.8732962463317672
350	0.11994524232476877	0.0	0.8800547576752312
355	0.11264057595120912	0.0	0.8873594240487909
360	0.10475671554194968	0.0	0.8952432844580503
365	0.09558442938558065	0.0	0.9044155706144194
370	0.08571597896676245	0.0	0.9142840210332376
375	0.076243294298808	0.0	0.923756705701192
380	0.0668707966430169	0.0	0.9331292033569831
385	0.05830978747344749	0.0	0.9416902125265525
390	0.05072749789985567	0.0	0.9492725021001444
395	0.0440134286143177	0.0	0.9559865713856823
400	0.0379577560800781	0.0	0.9620422439199219
405	0.033050259149968654	0.0	0.9669497408500314
410	0.028587705629623452	0.0	0.9714122943703766
415	0.024677015540688983	0.0	0.975322984459311
420	0.02134917149110304	0.0	0.978650828508897
425	0.018489862140931956	0.0	0.981510137859068
430	0.016017347811067523	0.0	0.9839826521889324
435	0.013899065979233356	0.0	0.9861009340207666
440	0.012097852852571114	0.0	0.9879021471474289
445	0.010555682712596472	0.0	0.9894443172874036
450	0.009209825909735797	0.0	0.9907901740902642
455	0.008099870087768486	0.0	0.9919001299122315
460	0.007198357142673386	0.0	0.9928016428573266
465	0.006433640086097276	0.0	0.9935663599139027
470	0.005801306690157875	0.0	0.9941986933098421
475	0.00529123857835059	0.0	0.9947087614216494
480	0.004946855524845365	0.0	0.9950531444751546
485	0.00473709654039972	0.0	0.9952629034596003
490	0.00455131004414605	0.0	0.995448689955854
495	0.0044276606088387875	0.0	0.9955723393911612
500	0.004392937937448406	0.0	0.9956070620625516
505	0.004433899968570876	0.0	0.9955661000314291
510	0.0045926108299581304	0.0	0.9954073891700419
515	0.004815514456799367	0.0	0.9951844855432006
520	0.005097556915339623	0.0	0.9949024430846604
525	0.005417235383631943	0.0	0.9945827646163681
530	0.005755220595158477	0.0	0.9942447794048416
535	0.00609843753654998	0.0	0.9939015624634501
540	0.006434574597278717	0.0	0.9935654254027213
545	0.006728328209972612	0.0	0.9932716717900274
550	0.0070076254296797666	0.0	0.9929923745703202
555	0.007243903260698489	0.0	0.9927560967393015
560	0.007455388568344544	0.0	0.9925446114316555
565	0.00763473575339563	0.0	0.9923652642466043
570	0.007771661878659626	0.0	0.9922283381213404
575	0.007901530671354722	0.0	0.9920984693286453
580	0.008068706201980797	0.0	0.9919312937980193
585	0.008246905685423092	0.0	0.9917530943145769
590	0.008412653529261531	0.0	0.9915873464707384
595	0.008576787404846352	0.0	0.9914232125951536
600	0.008727101228204078	0.0	0.9912728987717959
605	0.008861808914067607	0.0	0.9911381910859324
610	0.008971876726868446	0.0	0.9910281232731315
615	0.009069205817774255	0.0	0.9909307941822257
620	0.009155408128476858	0.0	0.9908445918715232
625	0.009257059589556967	0.0	0.9907429404104431
630	0.009347837503515165	0.0	0.9906521624964848
635	0.00942764343866216	0.0	0.9905723565613378
640	0.00949781574654085	0.0	0.9905021842534592
645	0.00955673748292874	0.0	0.9904432625170713
650	0.009605107460751964	0.0	0.9903948925392481
655	0.00964861089680102	0.0	0.990351389103199
660	0.009687181692176708	0.0	0.9903128183078233
665	0.00971519790811352	0.0	0.9902848020918865
670	0.009733679292407364	0.0	0.9902663207075927
675	0.009736850495528063	0.0	0.9902631495044719
680	0.00972746512491026	0.0	0.9902725348750897
685	0.00970695956880465	0.0	0.9902930404311954
690	0.009669819086584527	0.0	0.9903301809134155
695	0.009604320724542731	0.0	0.9903956792754572
700	0.009534144337774546	0.0	0.9904658556622254
705	0.009460470183966625	0.0	0.9905395298160333
710	0.009375447378803407	0.0	0.9906245526211966
715	0.009270206949577241	0.0	0.9907297930504227
720	0.009168163555149066	0.0	0.990831836444851
725	0.009070172098557611	0.0	0.9909298279014424
730	0.008975487587352476	0.0	0.9910245124126476
735	0.008877861865393286	0.0	0.9911221381346067
740	0.008790087063193324	0.0	0.9912099129368067
745	0.008712437094255772	0.0	0.9912875629057443
750	0.00864522537244917	0.0	0.9913547746275508
755	0.008585106333336283	0.0	0.9914148936666637
760	0.00853586568260771	0.0	0.9914641343173923
765	0.008499016781098764	0.0	0.9915009832189012
770	0.008474407949279044	0.0	0.991525592050721
775	0.008462135683274348	0.0	0.9915378643167256
780	0.008470328315487828	0.0	0.9915296716845122
785	0.008487424797447116	0.0	0.9915125752025529
790	0.008513016890070262	0.0	0.9914869831099298
795	0.008546622644190626	0.0	0.9914533773558094
800	0.0085878824217408	0.0	0.9914121175782592
805	0.008638916658055655	0.0	0.9913610833419444
810	0.008696084477254451	0.0	0.9913039155227455
815	0.008759050882124926	0.0	0.9912409491178751
820	0.00882728550684966	0.0	0.9911727144931504
825	0.00890044149016894	0.0	0.9910995585098311
830	0.00897762619829073	0.0	0.9910223738017093
835	0.009058774365686549	0.0	0.9909412256343134
840	0.009143509306428904	0.0	0.9908564906935711
845	0.009231430592186325	0.0	0.9907685694078137
850	0.009321987424011736	0.0	0.9906780125759883
855	0.009414773576918301	0.0	0.9905852264230817
860	0.00950618765082709	0.0	0.9904938123491729
865	0.009598092986039662	0.0	0.9904019070139604
870	0.009690047190884316	0.0	0.9903099528091157
875	0.009781719465292682	0.0	0.9902182805347073
880	0.009872674001388738	0.0	0.9901273259986113
885	0.009962612552405537	0.0	0.9900373874475945
890	0.010052543081864047	0.0	0.9899474569181359
895	0.010141193844259426	0.0	0.9898588061557406
900	0.010227999972491844	0.0	0.9897720000275082
905	0.010312763428662806	0.0	0.9896872365713372
910	0.01039514428800934	0.0	0.9896048557119906
915	0.01047498660747977	0.0	0.9895250133925202
920	0.010550402304734398	0.0	0.9894495976952656
925	0.010619600726329274	0.0	0.9893803992736707
930	0.010685824484955414	0.0	0.9893141755150446
935	0.010749079930639631	0.0	0.9892509200693603
940	0.010809237659388862	0.0	0.9891907623406111
945	0.01086632883192867	0.0	0.9891336711680714
950	0.010920277814612949	0.0	0.9890797221853871
955	0.010972893399144246	0.0	0.9890271066008558
960	0.011027406099588835	0.0	0.9889725939004111
965	0.011078866974056256	0.0	0.9889211330259438
970	0.01112720731869587	0.0	0.9888727926813041
975	0.011172518653655348	0.0	0.9888274813463447
980	0.011214714996588084	0.0	0.9887852850034119
985	0.011253907672762001	0.0	0.988746092327238
990	0.011290064632178881	0.0	0.9887099353678211
995	0.011321825976984118	0.0	0.9886781740230158
1000	0.011350682806469111	0.0	0.9886493171935309
1005	0.011377972969214624	0.0	0.9886220270307854
1010	0.011403677873313423	0.0	0.9885963221266866
1015	0.011427996274563208	0.0	0.9885720037254367
1020	0.011450908873362742	0.0	0.9885490911266372
1025	0.011472617005050045	0.0	0.9885273829949499
1030	0.011493099459199446	0.0	0.9885069005408006
1035	0.011518877805728439	0.0	0.9884811221942715
1040	0.011552438471747672	0.0	0.9884475615282523
1045	0.011584134004434234	0.0	0.9884158659955657
1050	0.011613969576529461	0.0	0.9883860304234705
1055	0.011642064837663866	0.0	0.9883579351623362
1060	0.01166843397578846	0.0	0.9883315660242116
1065	0.011693234113773845	0.0	0.9883067658862261
1070	0.0117164216330705	0.0	0.9882835783669295
1075	0.011738191263227315	0.0	0.9882618087367727
1080	0.011759052894978469	0.0	0.9882409471050215
1085	0.011779374637467576	0.0	0.9882206253625324
1090	0.0117984156476683	0.0	0.9882015843523317
1095	0.011816305160468029	0.0	0.988183694839532
1100	0.01183312599516955	0.0	0.9881668740048305
1105	0.011848970757000173	0.0	0.9881510292429998
1110	0.011863847369098082	0.0	0.9881361526309019
1115	0.011878013166864036	0.0	0.988121986833136
1120	0.011891398314176963	0.0	0.988108601685823
1125	0.011904220682957711	0.0	0.9880957793170423
1130	0.011918351502201196	0.0	0.9880816484977988
1135	0.011933404601853223	0.0	0.9880665953981468
1140	0.011948155856099908	0.0	0.9880518441439001
1145	0.011962797856340782	0.0	0.9880372021436592
1150	0.011977321941921377	0.0	0.9880226780580786
1155	0.011991968473701329	0.0	0.9880080315262987
1160	0.012006780693951953	0.0	0.987993219306048
1165	0.012021952516504515	0.0	0.9879780474834955
1170	0.012037478132823456	0.0	0.9879625218671766
1175	0.012053601808187646	0.0	0.9879463981918124
1180	0.012070372432199581	0.0	0.9879296275678005
1185	0.012085015207064363	0.0	0.9879149847929356
1190	0.012099873686527159	0.0	0.9879001263134728
1195	0.012115750498821718	0.0	0.9878842495011783
1200	0.012132744487910515	0.0	0.9878672555120895
1205	0.012150980135915387	0.0	0.9878490198640846
1210	0.012170618504747552	0.0	0.9878293814952525
1215	0.01219172356313195	0.0	0.9878082764368681
1220	0.012214400570362657	0.0	0.9877855994296374
1225	0.012238828539082883	0.0	0.9877611714609171
1230	0.012265055839005562	0.0	0.9877349441609944
1235	0.012293196092748173	0.0	0.9877068039072519
1240	0.01232336008574508	0.0	0.9876766399142549
1245	0.012355410970790901	0.0	0.9876445890292092
1250	0.012389673309125458	0.0	0.9876103266908746
1255	0.012426311644944819	0.0	0.9875736883550552
1260	0.012465300712090593	0.0	0.9875346992879094
1265	0.012506867789549979	0.0	0.98749313221045
1270	0.012547463646836092	0.0	0.9874525363531639
1275	0.012590623949942686	0.0	0.9874093760500573
1280	0.012636603353431263	0.0	0.9873633966465687
1285	0.012685490883241803	0.0	0.9873145091167582
1290	0.01273726013380417	0.0	0.9872627398661958
1295	0.012792508043658233	0.0	0.9872074919563417
1300	0.01285080663595292	0.0	0.987149193364047
1305	0.012912176286832371	0.0	0.9870878237131676
1310	0.012976645341821098	0.0	0.9870233546581789
1315	0.01304434431794974	0.0	0.9869556556820502
1320	0.01311451594426134	0.0	0.9868854840557386
1325	0.013185153784018546	0.0	0.9868148462159815
1330	0.013259058747453157	0.0	0.9867409412525469
1335	0.01333635578487201	0.0	0.986663644215128
1340	0.013417074100316619	0.0	0.9865829258996833
1345	0.013501335322229708	0.0	0.9864986646777703
1350	0.01358567664831514	0.0	0.9864143233516849
1355	0.01366787217201081	0.0	0.9863321278279892
1360	0.013753040376512884	0.0	0.9862469596234871
1365	0.013841283891714504	0.0	0.9861587161082855
1370	0.013932619360719049	0.0	0.9860673806392809
1375	0.0140271467430804	0.0	0.9859728532569196
1380	0.014119757054317585	0.0	0.9858802429456824
1385	0.01420758712229879	0.0	0.9857924128777013
1390	0.01429809218743669	0.0	0.9857019078125633
1395	0.014391465944217688	0.0	0.9856085340557823
1400	0.014487828243448313	0.0	0.9855121717565517
1405	0.014587100440306488	0.0	0.9854128995596935
1410	0.014684846314077809	0.0	0.9853151536859222
1415	0.014766603778880234	0.0	0.9852333962211197
1420	0.014849939741584946	0.0	0.985150060258415
1425	0.014935149192247879	0.0	0.9850648508077521
1430	0.01500499121662646	0.0	0.9849950087833735
1435	0.015077353302741391	0.0	0.9849226466972586
1440	0.015152442124192159	0.0	0.9848475578758078
1445	0.015204139223689963	0.0	0.98479586077631
1450	0.015240174522036526	0.0	0.9847598254779635
1455	0.015278257465706007	0.0	0.984721742534294
1460	0.015320512073115558	0.0	0.9846794879268844
1465	0.015379777508167164	0.0	0.9846202224918328
1470	0.015453773242589888	0.0	0.9845462267574101
1475	0.015543052806933725	0.0	0.9844569471930663
1480	0.015705495628470328	0.0	0.9842945043715297
1485	0.01589885905802808	0.0	0.9841011409419719
1490	0.016108752850227902	0.0	0.983891247149772
1495	0.016345933208932344	0.0	0.9836540667910677
1500	0.016639896066396143	0.0	0.9833601039336038
1505	0.016947194571327616	0.0	0.9830528054286723
1510	0.017267512007989812	0.0	0.9827324879920102
1515	0.017590852094597677	0.0	0.9824091479054023
1520	0.017917179205347064	0.0	0.9820828207946529
1525	0.018252078625556993	0.0	0.981747921374443
1530	0.018595256619151616	0.0	0.9814047433808484
1535	0.01894680390801638	0.0	0.9810531960919836
1540	0.019306303515286744	0.0	0.9806936964847133
1545	0.01967384389864086	0.0	0.9803261561013591
1550	0.02004899806919781	0.0	0.9799510019308022
1555	0.0204100593594965	0.0	0.9795899406405035
1560	0.02077799277697113	0.0	0.9792220072230289
1565	0.021152753270434515	0.0	0.9788472467295655
1570	0.021534259635904072	0.0	0.978465740364096
1575	0.02192246368171061	0.0	0.9780775363182894
1580	0.022317282854201658	0.0	0.9776827171457984
1585	0.022718666045043953	0.0	0.9772813339549561
1590	0.0231263997624273	0.0	0.9768736002375727
1595	0.023553034254200945	0.0	0.976446965745799
1600	0.023986604675894287	0.0	0.9760133953241057
1605	0.02442725474792016	0.0	0.9755727452520798
1610	0.024874569692624842	0.0	0.9751254303073752
1615	0.02532869279067097	0.0	0.974671307209329
1620	0.025789201713647143	0.0	0.9742107982863528
1625	0.026256102207198668	0.0	0.9737438977928013
1630	0.026729238316412496	0.0	0.9732707616835875
1635	0.027203507327198888	0.0	0.9727964926728011
1640	0.027683159732641086	0.0	0.9723168402673589
1645	0.028168079257126038	0.0	0.971831920742874
1650	0.028658125589827953	0.0	0.9713418744101721
1655	0.029153179925575944	0.0	0.970846820074424
1660	0.02965295640418289	0.0	0.9703470435958171
1665	0.030157621325077582	0.0	0.9698423786749224
1670	0.030666890255858642	0.0	0.9693331097441413
1675	0.031180491093726812	0.0	0.9688195089062732
1680	0.03169698387312394	0.0	0.9683030161268761
1685	0.032216487914452085	0.0	0.9677835120855479
1690	0.03273914202813555	0.0	0.9672608579718645
1695	0.03326450681116223	0.0	0.9667354931888378
1700	0.033792573018602313	0.0	0.9662074269813977
1705	0.03432319871752867	0.0	0.9656768012824714
1710	0.03485622561425598	0.0	0.9651437743857441
1715	0.035391664496318184	0.0	0.9646083355036819
1720	0.03592904975047541	0.0	0.9640709502495246
1725	0.03646387362630488	0.0	0.9635361263736951
1730	0.036997017845237304	0.0	0.9630029821547627
1735	0.03753109478963291	0.0	0.9624689052103671
1740	0.038066283412776555	0.0	0.9619337165872235
1745	0.0386023062911028	0.0	0.9613976937088972
1750	0.03913903132165799	0.0	0.960860968678342
1755	0.039676178892695334	0.0	0.9603238211073046
1760	0.0402139384761667	0.0	0.9597860615238333
1765	0.04075203280736834	0.0	0.9592479671926316
1770	0.04129017319797016	0.0	0.9587098268020299
1775	0.041826438741800316	0.0	0.9581735612581996
1780	0.04236343122963109	0.0	0.957636568770369
1785	0.04290213582591674	0.0	0.9570978641740833
1790	0.04344219179382243	0.0	0.9565578082061775
1795	0.04398373825870019	0.0	0.9560162617412998
1800	0.04452691255903605	0.0	0.9554730874409639
1805	0.04507136473719239	0.0	0.9549286352628076
1810	0.04561723744096925	0.0	0.9543827625590308
1815	0.0461645163105911	0.0	0.953835483689409
1820	0.046713185264738236	0.0	0.9532868147352618
1825	0.04726559189239924	0.0	0.9527344081076008
1830	0.047823347093178974	0.0	0.9521766529068211
1835	0.04838310786811763	0.0	0.9516168921318824
1840	0.048944878531477165	0.0	0.9510551214685228
1845	0.04950866827915663	0.0	0.9504913317208433
1850	0.05007448799605642	0.0	0.9499255120039436
1855	0.050642352527889935	0.0	0.94935764747211
1860	0.05121227968596505	0.0	0.9487877203140349
1865	0.05178411753829155	0.0	0.9482158824617084
1870	0.05235823626789649	0.0	0.9476417637321035
1875	0.05293449085718725	0.0	0.9470655091428127
1880	0.05351015645131768	0.0	0.9464898435486824
1885	0.05407711088548917	0.0	0.9459228891145108
1890	0.054644858130066136	0.0	0.9453551418699339
1895	0.05521376462254958	0.0	0.9447862353774504
1900	0.055783504251341466	0.0	0.9442164957486585
1905	0.056354453608565995	0.0	0.943645546391434
1910	0.05692629441000926	0.0	0.9430737055899907
1915	0.057499413912892115	0.0	0.9425005860871079
1920	0.05807350230158258	0.0	0.9419264976984174
1925	0.05864877972172071	0.0	0.9413512202782793
1930	0.05922548052985363	0.0	0.9407745194701463
1935	0.059803300871490585	0.0	0.9401966991285094
1940	0.060391332911618405	0.0	0.9396086670883816
1945	0.06098765405736112	0.0	0.9390123459426389
1950	0.06158671049118014	0.0	0.9384132895088199
1955	0.062188605494872456	0.0	0.9378113945051275
1960	0.06279364070216203	0.0	0.9372063592978379
1965	0.0634015698217943	0.0	0.9365984301782057
1970	0.06401270828462419	0.0	0.9359872917153758
1975	0.0646271854210941	0.0	0.9353728145789059
1980	0.06524515102007102	0.0	0.934754848979929
1985	0.06586674893287806	0.0	0.934133251067122
1990	0.06649196157109764	0.0	0.9335080384289024
1995	0.06712131544450536	0.0	0.9328786845554946
2000	0.06775481090609109	0.0	0.932245189093909
2005	0.068371507273594	0.0	0.931628492726406
2010	0.06899330729288554	0.0	0.9310066927071144
2015	0.06962033297753063	0.0	0.9303796670224693
2020	0.07025329683287365	0.0	0.9297467031671264
2025	0.07089235271047323	0.0	0.9291076472895268
2030	0.07153787666976368	0.0	0.9284621233302364
2035	0.07219005509299822	0.0	0.9278099449070017
2040	0.07284967548487434	0.0	0.9271503245151257
2045	0.07351677443883359	0.0	0.9264832255611664
2050	0.07419218211098538	0.0	0.9258078178890146
2055	0.074876163623636	0.0	0.925123836376364
2060	0.0755690298537009	0.0	0.9244309701462992
2065	0.07627165663497414	0.0	0.9237283433650259
2070	0.07703001757221271	0.0	0.9229699824277873
2075	0.07781444496323087	0.0	0.9221855550367691
2080	0.07861484634169542	0.0	0.9213851536583045
2085	0.0794315794807652	0.0	0.9205684205192348
2090	0.08026582756733501	0.0	0.919734172432665
2095	0.08111801046499503	0.0	0.918881989535005
2100	0.08198918958657572	0.0	0.9180108104134242
2105	0.08288043060608805	0.0	0.9171195693939119
2110	0.08379229653377016	0.0	0.9162077034662298
2115	0.0847259244133068	0.0	0.9152740755866932
2120	0.08568234073528164	0.0	0.9143176592647184
2125	0.08666257616405361	0.0	0.9133374238359464
2130	0.08766794175017055	0.0	0.9123320582498294
2135	0.08869916656652255	0.0	0.9113008334334775
2140	0.08979753088003707	0.0	0.9102024691199629
2145	0.09098793861251374	0.0	0.9090120613874862
2150	0.09221353833603466	0.0	0.9077864616639654
2155	0.09347568936783394	0.0	0.9065243106321661
2160	0.09477584437498497	0.0	0.905224155625015
2165	0.09611545046700744	0.0	0.9038845495329926
2170	0.09749605257762939	0.0	0.9025039474223706
2175	0.09891918744978324	0.0	0.9010808125502168
2180	0.10038649371917162	0.0	0.8996135062808284
2185	0.10189959836734488	0.0	0.8981004016326551
2190	0.10346023373927776	0.0	0.8965397662607222
2195	0.10507011600589476	0.0	0.8949298839941052
2200	0.10673106933915719	0.0	0.8932689306608428
2205	0.10844489589010765	0.0	0.8915551041098924
2210	0.11021350733295837	0.0	0.8897864926670416
2215	0.1120400595044	0.0	0.8879599404956
2220	0.11392913293766925	0.0	0.8860708670623307
2225	0.11587478740093451	0.0	0.8841252125990655
2230	0.11787874303035449	0.0	0.8821212569696455
2235	0.1199426572788164	0.0	0.8800573427211836
2240	0.12206806521040588	0.0	0.8779319347895941
2245	0.12425706198388825	0.0	0.8757429380161117
2250	0.12651119314062842	0.0	0.8734888068593716
2255	0.128831908538391	0.0	0.871168091461609
2260	0.13122138176638742	0.0	0.8687786182336126
2265	0.13368103235964296	0.0	0.8663189676403571
2270	0.13621234535110816	0.0	0.8637876546488918
2275	0.1388173279917868	0.0	0.8611826720082132
2280	0.14149717234349013	0.0	0.8585028276565099
2285	0.1442537917859944	0.0	0.8557462082140056
2290	0.14708848399152424	0.0	0.8529115160084757
2295	0.15000236198900277	0.0	0.8499976380109973
2300	0.1530557584298017	0.0	0.8469442415701983
2305	0.1562019046151415	0.0	0.8437980953848585
2310	0.15942683483717135	0.0	0.8405731651628287
2315	0.16273042130418255	0.0	0.8372695786958174
2320	0.16611341193219345	0.0	0.8338865880678066
2325	0.16957536946826066	0.0	0.8304246305317393
2330	0.17311649766579162	0.0	0.8268835023342084
2335	0.17673670361951274	0.0	0.8232632963804872
2340	0.18043515434773177	0.0	0.8195648456522682
2345	0.18421161958827198	0.0	0.8157883804117281
2350	0.18806488778564487	0.0	0.8119351122143551
2355	0.19199411099734154	0.0	0.8080058890026585
2360	0.19599838591384292	0.0	0.8040016140861571
2365	0.2000757651820865	0.0	0.7999242348179135
2370	0.20422495089208165	0.0	0.7957750491079183
2375	0.20844430807785078	0.0	0.7915556919221493
2380	0.21273144882917325	0.0	0.7872685511708267
2385	0.21704907403476975	0.0	0.7829509259652303
2390	0.2212801091537794	0.0	0.7787198908462206
2395	0.22555758273142146	0.0	0.7744424172685785
2400	0.22987874591045407	0.0	0.7701212540895459
2405	0.23424133489284768	0.0	0.7657586651071523
2410	0.2386429362112651	0.0	0.7613570637887349
2415	0.24308092395139208	0.0	0.756919076048608
2420	0.2475530253263901	0.0	0.7524469746736099
2425	0.2520560521671318	0.0	0.7479439478328682
2430	0.25658767428126567	0.0	0.7434123257187344
2435	0.26114514919497556	0.0	0.7388548508050244
2440	0.26572589181961054	0.0	0.7342741081803894
2445	0.27032716591706696	0.0	0.729672834082933
2450	0.2749464132376244	0.0	0.7250535867623755
2455	0.2795809434433499	0.0	0.7204190565566502
2460	0.28422826240984067	0.0	0.7157717375901593
2465	0.2888857611219835	0.0	0.7111142388780165
2470	0.29355128410339093	0.0	0.7064487158966091
2475	0.29822184977254457	0.0	0.7017781502274554
2480	0.3028954264909185	0.0	0.6971045735090815
2485	0.30778172048885405	0.0	0.692218279511146
2490	0.31266253794304183	0.0	0.6873374620569581
2495	0.31753535638451513	0.0	0.6824646436154849
2500	0.3223976885023526	0.0	0.6776023114976474
2550	0.3781978915665879	0.0	0.6218021084334121
2600	0.42082649759644686	0.0	0.5791735024035531
2650	0.45640583094054743	0.0	0.5435941690594526
2700	0.4891743568730228	0.0	0.5108256431269772
2750	0.5185059365892202	0.0	0.4814940634107798
2800	0.5456973734130609	0.0	0.4543026265869391
2850	0.5705686407581655	0.0	0.4294313592418345
2900	0.5935484111068443	0.0	0.4064515888931557
2950	0.6149638916829553	0.0	0.3850361083170447
3000	0.6370384598681464	0.0	0.36296154013185356
3050	0.6577859335480892	0.0	0.34221406645191077
3100	0.6772070678854819	0.0	0.3227929321145181
3150	0.697315271154561	0.0	0.30268472884543896
3200	0.7162289297502252	0.0	0.28377107024977477
3250	0.7340324936318129	0.0	0.2659675063681871
3300	0.7505833746620114	0.0	0.24941662533798858
3350	0.7660896625827782	0.0	0.23391033741722178
3400	0.7807106493557504	0.0	0.2192893506442496
3450	0.7947098225390017	0.0	0.2052901774609983
3500	0.8093179661146361	0.0	0.19068203388536387
3550	0.8231619448608735	0.0	0.17683805513912654
3600	0.8362980090917393	0.0	0.16370199090826065
3650	0.8487267479296099	0.0	0.1512732520703901
3700	0.8598589375978156	0.0	0.14014106240218438
3750	0.8702878509205383	0.0	0.1297121490794617
3800	0.8799836692774099	0.0	0.1200163307225901
3850	0.8889066011205354	0.0	0.11109339887946457
3900	0.8967203477328456	0.0	0.10327965226715441
3950	0.9034081846461423	0.0	0.09659181535385775
4000	0.9093165867201534	0.0	0.09068341327984664
4050	0.9145258672341395	0.0	0.08547413276586047
4100	0.9191205131019762	0.0	0.08087948689802382
4150	0.9228113554517567	0.0	0.07718864454824326
4200	0.9253996156582925	0.0	0.07460038434170746
4250	0.9277214017943258	0.0	0.07227859820567417
4300	0.929819693618857	0.0	0.07018030638114303
4350	0.9317271359465038	0.0	0.0682728640534962
4400	0.9334728251884872	0.0	0.06652717481151282
4450	0.9350792776425454	0.0	0.06492072235745461
4500	0.936565337914768	0.0	0.06343466208523196
4550	0.9379462755039376	0.0	0.06205372449606239
4600	0.9392348211452053	0.0	0.06076517885479471
4650	0.9404417071857376	0.0	0.05955829281426239
4700	0.9415759550187806	0.0	0.05842404498121945
4750	0.9426446649070055	0.0	0.05735533509299451
4800	0.9436551889917136	0.0	0.056344811008286366
4850	0.9446130984086103	0.0	0.0553869015913897
4900	0.9455231404956042	0.0	0.05447685950439585
4950	0.9463891987155325	0.0	0.05361080128446749
5000	0.9470414567803382	0.0	0.05295854321966176
5050	0.9476311078461868	0.0	0.05236889215381324
5100	0.9481994552945707	0.0	0.051800544705429274
5150	0.9487482243442356	0.0	0.05125177565576444
5200	0.949278093764476	0.0	0.05072190623552397
5250	0.9497916562611578	0.0	0.0502083437388422
5300	0.9502886291790629	0.0	0.04971137082093713
5350	0.9507710465706174	0.0	0.049228953429382605
5400	0.9512399404497205	0.0	0.04876005955027951
5450	0.9516953138637159	0.0	0.048304686136284136
5500	0.9521385650974791	0.0	0.04786143490252093
5550	0.952570469703396	0.0	0.04742953029660402
5600	0.9529915650236225	0.0	0.04700843497637752
5650	0.9534022111966055	0.0	0.04659778880339449
5700	0.9538030105206545	0.0	0.046196989479345474
5750	0.954194694586376	0.0	0.04580530541362404
5800	0.954577243236944	0.0	0.04542275676305596
5850	0.9549516436542442	0.0	0.04504835634575577
5900	0.9553178270793751	0.0	0.04468217292062493
5950	0.9556767821801335	0.0	0.04432321781986648
6000	0.9560283085791191	0.0	0.043971691420880865
6050	0.9563726223103399	0.0	0.043627377689660074
6100	0.9567104276592826	0.0	0.0432895723407174
6150	0.9570416863420598	0.0	0.04295831365794023
6200	0.9573649404910225	0.0	0.0426350595089775
6250	0.9575799173961657	0.0	0.04242008260383434
6300	0.9577933426822891	0.0	0.042206657317710894
6350	0.9580052522847016	0.0	0.04199474771529843
6400	0.9582158625310877	0.0	0.0417841374689123
6450	0.9584251209497172	0.0	0.04157487905028279
6500	0.9586329870461406	0.0	0.04136701295385936
6550	0.9588394287081609	0.0	0.04116057129183914
6600	0.9590446771118122	0.0	0.04095532288818782
6650	0.9592483967366254	0.0	0.04075160326337457
6700	0.9594509826469956	0.0	0.040549017353004424
6750	0.9596522870551254	0.0	0.0403477129448746
6800	0.9598523215425535	0.0	0.04014767845744649
6850	0.9600509554839787	0.0	0.039949044516021326
6900	0.9602277262666945	0.0	0.0397722737333055
6950	0.9603387441763237	0.0	0.0396612558236763
7000	0.9604511219913981	0.0	0.03954887800860185
7050	0.9605651844627358	0.0	0.039434815537264245
7100	0.9606803943583979	0.0	0.039319605641602084
7150	0.9607966395453581	0.0	0.0392033604546419
7200	0.9609138045885427	0.0	0.0390861954114573
7250	0.9610314968462057	0.0	0.0389685031537943
7300	0.9611494622433295	0.0	0.03885053775667047
7350	0.9612673545651453	0.0	0.03873264543485466
7400	0.9613841001318352	0.0	0.03861589986816483
7450	0.9614989781185811	0.0	0.038501021881418906
7500	0.9616106279017	0.0	0.038389372098299956
7550	0.9617169232345502	0.0	0.03828307676544984
7600	0.9618151134729432	0.0	0.03818488652705676
7650	0.9619000810512883	0.0	0.038099918948711675
7700	0.9619661247554478	0.0	0.03803387524455215
7750	0.9620040876987921	0.0	0.03799591230120791
7800	0.9619744734098884	0.0	0.0380255265901116
7850	0.9618958859831184	0.0	0.03810411401688163
7900	0.961759854950758	0.0	0.038240145049242
7950	0.9615676365691228	0.0	0.03843236343087719
8000	0.9613344587850959	0.0	0.038665541214904064
8050	0.9610830895762139	0.0	0.03891691042378609
8100	0.9608290365420187	0.0	0.03917096345798132
8150	0.9605701834172173	0.0	0.03942981658278266
8200	0.9602922337382238	0.0	0.03970776626177619
8250	0.9599923082981133	0.0	0.04000769170188667
8300	0.9597031724061729	0.0	0.040296827593827134
8350	0.9594763235864182	0.0	0.04052367641358179
8400	0.9593353297078698	0.0	0.04066467029213017
8450	0.9592604412295487	0.0	0.04073955877045132
8500	0.9592156842558398	0.0	0.04078431574416019
8550	0.9592102081062929	0.0	0.04078979189370713
8600	0.9592934018902044	0.0	0.0407065981097956
8650	0.9594552008208694	0.0	0.040544799179130564
8700	0.9596149021344379	0.0	0.0403850978655621
8750	0.9597317485932523	0.0	0.040268251406747724
8800	0.9597838570035175	0.0	0.04021614299648246
8850	0.9596992812096377	0.0	0.040300718790362344
8900	0.9593308842383551	0.0	0.04066911576164489
8950	0.9584884087587662	0.0	0.041511591241233825
9000	0.9569954579311497	0.0	0.04300454206885029
9050	0.9546798219947548	0.0	0.04532017800524524
9100	0.9516641590432223	0.0	0.048335840956777676
9150	0.948271744816398	0.0	0.05172825518360202
9200	0.9446586131980667	0.0	0.055341386801933345
9250	0.940677028494713	0.0	0.05932297150528698
9300	0.9364738050807044	0.0	0.06352619491929556
9350	0.9326887340227222	0.0	0.06731126597727777
9400	0.9295595964412556	0.0	0.07044040355874437
9450	0.9272357842284218	0.0	0.07276421577157821
9500	0.9260061405026012	0.0	0.07399385949739878
9550	0.9256811403676695	0.0	0.07431885963233054
9600	0.9264472128539278	0.0	0.07355278714607216
9650	0.9284184617083651	0.0	0.07158153829163494
9700	0.9311219978706075	0.0	0.06887800212939255
9750	0.9341496560346895	0.0	0.06585034396531053
9800	0.9375296121950837	0.0	0.062470387804916316
9850	0.9411885793868754	0.0	0.05881142061312461
9900	0.9447439955398007	0.0	0.05525600446019929
9950	0.9479255038250592	0.0	0.052074496174940754
10000	0.9506826494432726	0.0	0.04931735055672737
10050	0.9530518709970672	0.0	0.04694812900293277
10100	0.9551235002063793	0.0	0.04487649979362074
10150	0.956902008718016	0.0	0.043097991281983994
10200	0.958382859982043	0.0	0.04161714001795702
10250	0.9595671840169476	0.0	0.04043281598305237
10300	0.9604955351750412	0.0	0.03950446482495884
10350	0.961208133875882	0.0	0.038791866124118
10400	0.9617394905757979	0.0	0.038260509424202116
10450	0.9621561405701605	0.0	0.03784385942983948
10500	0.9624866633726112	0.0	0.03751333662738876
10550	0.9627514429896344	0.0	0.03724855701036556
10600	0.9629656687537783	0.0	0.037034331246221686
10650	0.9631438768212751	0.0	0.03685612317872489
10700	0.9632939686161659	0.0	0.0367060313838341
10750	0.9634216069979429	0.0	0.03657839300205712
10800	0.9635309782550733	0.0	0.03646902174492672
10850	0.9636251378036159	0.0	0.03637486219638408
10900	0.963706393778332	0.0	0.036293606221667996
10950	0.963776303949998	0.0	0.036223696050001974
11000	0.9638362342006697	0.0	0.03616376579933034
11050	0.963887044158343	0.0	0.03611295584165697
11100	0.9639296945085261	0.0	0.03607030549147394
11150	0.9639649781616214	0.0	0.03603502183837859
11200	0.963993824724569	0.0	0.03600617527543104
11250	0.9640172067793334	0.0	0.035982793220666554
11300	0.964036064299616	0.0	0.03596393570038403
11350	0.9640514717887153	0.0	0.03594852821128469
11400	0.9640643070089857	0.0	0.03593569299101429
11450	0.9640753537142082	0.0	0.03592464628579184
11500	0.9640850545303652	0.0	0.03591494546963481
11550	0.9640936678823921	0.0	0.03590633211760785
11600	0.9641011668796169	0.0	0.03589883312038311
11650	0.9641075036527568	0.0	0.03589249634724323
11700	0.9641126715225312	0.0	0.03588732847746878
11750	0.9641167341579071	0.0	0.03588326584209289
11800	0.9641201521504542	0.0	0.03587984784954579
11850	0.9641235432243	0.0	0.03587645677569995
11900	0.9641278769133237	0.0	0.03587212308667631
11950	0.9641347467178836	0.0	0.03586525328211643
12000	0.964145107253484	0.0	0.03585489274651599
12050	0.9641597216977321	0.0	0.03584027830226788
12100	0.9641788645117974	0.0	0.03582113548820265
12150	0.9642024462955663	0.0	0.035797553704433716
12200	0.9642301427475295	0.0	0.035769857252470505
12250	0.9642615762150404	0.0	0.035738423784959616
12300	0.9642962014193323	0.0	0.035703798580667745
12350	0.9643335489710467	0.0	0.03566645102895327
12400	0.9643740113353313	0.0	0.035625988664668706
12450	0.9643920719677673	0.0	0.03560792803223267
12500	0.9644147979519048	0.0	0.03558520204809523
12550	0.9644446297016226	0.0	0.03555537029837741
12600	0.9644798028458983	0.0	0.03552019715410171
12650	0.9645195848496178	0.0	0.03548041515038225
12700	0.9645632250400513	0.0	0.03543677495994868
12750	0.9646101805101083	0.0	0.03538981948989173
12800	0.9646599360287077	0.0	0.0353400639712923
12850	0.964711793047743	0.0	0.035288206952256984
12900	0.9647657408879172	0.0	0.03523425911208278
12950	0.9648220273588559	0.0	0.035177972641144084
13000	0.964881738918576	0.0	0.03511826108142402
13050	0.9649439541898899	0.0	0.035056045810110126
13100	0.9650084986193387	0.0	0.034991501380661316
13150	0.9650757005306566	0.0	0.03492429946934339
13200	0.965145220709022	0.0	0.03485477929097802
13250	0.9652158389289248	0.0	0.03478416107107518
13300	0.9652872780830782	0.0	0.03471272191692176
13350	0.9653593331087023	0.0	0.034640666891297744
13400	0.9654311471289356	0.0	0.03456885287106437
13450	0.9655025846466853	0.0	0.03449741535331474
13500	0.9655733352990089	0.0	0.034426664700991094
13550	0.9656433352593581	0.0	0.03435666474064192
13600	0.9657126786119251	0.0	0.03428732138807489
13650	0.9657812665261616	0.0	0.034218733473838414
13700	0.9658491742326567	0.0	0.034150825767343296
13750	0.9659165433872803	0.0	0.03408345661271972
13800	0.965974704061805	0.0	0.03402529593819503
13850	0.9660195873155769	0.0	0.03398041268442309
13900	0.9660642852026744	0.0	0.0339357147973256
13950	0.9661087008594145	0.0	0.03389129914058553
14000	0.966152753007282	0.0	0.033847246992718016
14050	0.9661965265368517	0.0	0.03380347346314827
14100	0.966239637721239	0.0	0.033760362278761
14150	0.966282217511254	0.0	0.03371778248874602
14200	0.9663243071472534	0.0	0.03367569285274663
14250	0.9663653370346527	0.0	0.03363466296534734
14300	0.9664008508996671	0.0	0.033599149100332903
14350	0.9664231469102729	0.0	0.03357685308972713
14400	0.9664458829595916	0.0	0.03355411704040845
14450	0.9664690488195088	0.0	0.03353095118049121
14500	0.9664926344761005	0.0	0.033507365523899546
14550	0.9665166301247397	0.0	0.03348336987526035
14600	0.9665410261653306	0.0	0.03345897383466945
14650	0.9665658131976659	0.0	0.03343418680233412
14700	0.9665909820168951	0.0	0.033409017983104916
14750	0.9666165236091174	0.0	0.03338347639088257
14800	0.9666424291470794	0.0	0.03335757085292057
14850	0.966668689985984	0.0	0.03333131001401601
14900	0.9666952976594047	0.0	0.03330470234059535
14950	0.9667222438753015	0.0	0.03327775612469852
15000	0.9667495205121361	0.0	0.03325047948786386
15050	0.9667771196150868	0.0	0.03322288038491317
15100	0.9668050333923529	0.0	0.03319496660764709
15150	0.966833254211555	0.0	0.03316674578844503
15200	0.9668617745962194	0.0	0.03313822540378064
15250	0.9668905872223528	0.0	0.03310941277764723
15300	0.9669196849151025	0.0	0.033080315084897505
15350	0.9669490606454905	0.0	0.033050939354509534
15400	0.9669787076697905	0.0	0.03302129233020945
15450	0.9670086193990699	0.0	0.0329913806009301
15500	0.9670387889188876	0.0	0.032961211081112385
15550	0.9670419002018155	0.0	0.03295809979818454
15600	0.9670455716018378	0.0	0.032954428398162205
15650	0.9670497929441898	0.0	0.0329502070558102
15700	0.967054554235998	0.0	0.032945445764002046
15750	0.9670598456626863	0.0	0.032940154337313676
15800	0.9670656575844604	0.0	0.03293434241553961
15850	0.9670719805328739	0.0	0.03292801946712609
15900	0.9670788052074663	0.0	0.03292119479253375
15950	0.967086122472476	0.0	0.03291387752752395
16000	0.9670939233536286	0.0	0.03290607664637135
16050	0.9671021990349903	0.0	0.032897800965009716
16100	0.9671109408558948	0.0	0.032889059144105226
16150	0.9671201403079349	0.0	0.03287985969206508
16200	0.9671297890320192	0.0	0.03287021096798082
16250	0.9671398788154922	0.0	0.03286012118450776
16300	0.9671504015893211	0.0	0.032849598410678915
16350	0.9671613494253344	0.0	0.03283865057466562
16400	0.9671727145335298	0.0	0.03282728546647018
16450	0.9671844892594337	0.0	0.03281551074056632
16500	0.967196666081517	0.0	0.032803333918483
16550	0.9672092376086693	0.0	0.03279076239133072
16600	0.9672221965777258	0.0	0.03277780342227421
16650	0.9672355358510439	0.0	0.03276446414895606
16700	0.9672492483913055	0.0	0.03275075160869445
16750	0.967263327321604	0.0	0.03273667267839597
16800	0.9672777658786958	0.0	0.03272223412130415
16850	0.9672925574037899	0.0	0.03270744259621006
16900	0.9673076953522531	0.0	0.03269230464774686
16950	0.967323173291485	0.0	0.03267682670851502
17000	0.9673389848988255	0.0	0.03266101510117447
17050	0.9673551239595154	0.0	0.032644876040484605
17100	0.9673715843646924	0.0	0.032628415635307606
17150	0.9673883601094314	0.0	0.03261163989056859
17200	0.9674054452908267	0.0	0.03259455470917327
17250	0.9674228341061132	0.0	0.03257716589388682
17300	0.9674405208508207	0.0	0.03255947914917934
17350	0.9674584999169759	0.0	0.032541500083024144
17400	0.9674767657913298	0.0	0.032523234208670204
17450	0.967495313053633	0.0	0.03250468694636699
17500	0.9675141363749364	0.0	0.03248586362506356
17550	0.9675332305159309	0.0	0.032466769484069125
17600	0.9675525903253207	0.0	0.032447409674679295
17650	0.9675722107382284	0.0	0.03242778926177159
17700	0.9675920867746319	0.0	0.03240791322536807
17750	0.9675976101807803	0.0	0.032402389819219723
17800	0.9675998786779699	0.0	0.03240012132203007
17850	0.9676025535701485	0.0	0.03239744642985154
17900	0.9676056286419324	0.0	0.03239437135806755
17950	0.9676090977707731	0.0	0.032390902229226914
18000	0.9676129549254406	0.0	0.03238704507455936
18050	0.9676171941645287	0.0	0.03238280583547126
18100	0.9676218096349918	0.0	0.03237819036500822
18150	0.967626795570709	0.0	0.032373204429291036
18200	0.9676321462317514	0.0	0.03236785376824858
18250	0.9676378559768061	0.0	0.03236214402319393
18300	0.9676439193930165	0.0	0.03235608060698347
18350	0.9676503310481429	0.0	0.03234966895185709
18400	0.9676570855900571	0.0	0.03234291440994286
18450	0.9676641777454575	0.0	0.03233582225454246
18500	0.9676716023186033	0.0	0.032328397681396726
18550	0.9676793541900672	0.0	0.03232064580993277
18600	0.9676874283155167	0.0	0.032312571684483316
18650	0.9676958197245159	0.0	0.032304180275484096
18700	0.9677045235193444	0.0	0.03229547648065556
18750	0.9677135348738405	0.0	0.032286465126159514
18800	0.9677228490322674	0.0	0.03227715096773265
18850	0.9677324613081899	0.0	0.032267538691810094
18900	0.9677423670833841	0.0	0.032257632916615875
18950	0.9677525618067562	0.0	0.03224743819324383
19000	0.9677630409932825	0.0	0.032236959006717525
19050	0.9677738002229714	0.0	0.032226199777028564
19100	0.9677848351398399	0.0	0.03221516486016007
19150	0.9677961414509073	0.0	0.03220385854909269
19200	0.9678077149252137	0.0	0.03219228507478633
19250	0.9678195513928434	0.0	0.03218044860715663
19300	0.9678316467439759	0.0	0.032168353256024074
19350	0.9678439969279501	0.0	0.03215600307204991
19400	0.9678565979523405	0.0	0.03214340204765953
19450	0.9678694458820545	0.0	0.03213055411794552
19500	0.9678825368384454	0.0	0.032117463161554616
19550	0.9678958669984347	0.0	0.03210413300156534
19600	0.9679094325936561	0.0	0.03209056740634386
19650	0.9679232299096115	0.0	0.03207677009038845
19700	0.9679372552848411	0.0	0.03206274471515891
19750	0.9679515051101065	0.0	0.032048494889893475
19800	0.96796597582759	0.0	0.03203402417240997
19850	0.9679806639301078	0.0	0.03201933606989216
19900	0.9679955659603341	0.0	0.03200443403966591
19950	0.9680106785100383	0.0	0.0319893214899617
20000	0.9680259982193404	0.0	0.03197400178065957
20050	0.9680415217097423	0.0	0.031958478290257664
20100	0.9680572457830598	0.0	0.03194275421694015
20150	0.9680731672200121	0.0	0.03192683277998787
20200	0.9680892828467975	0.0	0.031910717153202484
20250	0.968105589534407	0.0	0.03189441046559305
20300	0.968122084197942	0.0	0.03187791580205801
20350	0.9681387637959586	0.0	0.031861236204041354
20400	0.968155625329804	0.0	0.03184437467019596
20450	0.9681726658429799	0.0	0.031827334157020104
20500	0.9681898824205069	0.0	0.03181011757949315
20550	0.9682072721883004	0.0	0.03179272781169962
20600	0.9682248323125647	0.0	0.03177516768743527
20650	0.9682425599991846	0.0	0.03175744000081537
20700	0.9682454520245524	0.0	0.03175454797544763
20750	0.9682448763381755	0.0	0.031755123661824536
20800	0.9682445928939423	0.0	0.03175540710605773
20850	0.9682445980332988	0.0	0.031755401966701235
20900	0.9682448881373408	0.0	0.031755111862659224
20950	0.9682454599599719	0.0	0.03175454004002809
21000	0.9682463100755353	0.0	0.0317536899244647
21050	0.9682474350987959	0.0	0.03175256490120415
21100	0.9682488316844179	0.0	0.03175116831558211
21150	0.9682504965264587	0.0	0.03174950347354133
21200	0.9682524263578692	0.0	0.031747573642130766
21250	0.9682546179499931	0.0	0.031745382050006876
21300	0.9682570681120884	0.0	0.03174293188791155
21350	0.9682597736908375	0.0	0.03174022630916251
21400	0.9682627315698802	0.0	0.031737268430119814
21450	0.9682659386693409	0.0	0.03173406133065915
21500	0.968269391945374	0.0	0.03173060805462602
21550	0.9682730883897009	0.0	0.03172691161029906
21600	0.9682770250291703	0.0	0.031722974970829654
21650	0.9682811989253098	0.0	0.03171880107469016
21700	0.9682856071738941	0.0	0.031714392826105886
21750	0.9682902467761594	0.0	0.03170975322384062
21800	0.9682951145389679	0.0	0.03170488546103212
21850	0.9683002081306146	0.0	0.03169979186938543
21900	0.9683055247797137	0.0	0.031694475220286344
21950	0.9683110617470345	0.0	0.03168893825296548
22000	0.9683168163251006	0.0	0.03168318367489942
22050	0.9683227858377926	0.0	0.03167721416220737
22100	0.9683289676399609	0.0	0.0316710323600391
22150	0.9683353591170376	0.0	0.03166464088296239
22200	0.9683419576846582	0.0	0.03165804231534175
22250	0.9683487607882865	0.0	0.03165123921171353
22300	0.9683557659028452	0.0	0.03164423409715478
22350	0.9683629705323524	0.0	0.03163702946764757
22400	0.968370372209559	0.0	0.031629627790440984
22450	0.9683779684955992	0.0	0.031622031504400794
22500	0.9683857569796348	0.0	0.031614243020365196
22550	0.9683937352785145	0.0	0.03160626472148553
22600	0.9684019010364305	0.0	0.031598098963569465
22650	0.9684102519245836	0.0	0.03158974807541637
22700	0.968418785640854	0.0	0.03158121435914596
22750	0.9684275002157097	0.0	0.03157249978429033
22800	0.9684363934762553	0.0	0.03156360652374468
22850	0.9684454628147049	0.0	0.031554537185295106
22900	0.9684547060322906	0.0	0.03154529396770944
22950	0.9684641209553324	0.0	0.03153587904466759
23000	0.9684737054349305	0.0	0.0315262945650695
23050	0.9684834573466655	0.0	0.03151654265333448
23100	0.9684933745903013	0.0	0.03150662540969873
23150	0.9685034550894889	0.0	0.031496544910511126
23200	0.9685136967914789	0.0	0.03148630320852108
23250	0.9685240976668362	0.0	0.031475902333163774
23300	0.9685346557091542	0.0	0.0314653442908458
23350	0.9685453689347803	0.0	0.03145463106521973
23400	0.9685562353825401	0.0	0.0314437646174599
23450	0.9685672531134664	0.0	0.031432746886533636
23500	0.9685784202105292	0.0	0.0314215797894708
23550	0.968589734778376	0.0	0.031410265221624045
23600	0.9686011949430692	0.0	0.03139880505693082
23650	0.9686127988518257	0.0	0.03138720114817428
23700	0.9686245446727718	0.0	0.031375455327228186
23750	0.968636430594683	0.0	0.03136356940531704
23800	0.968648454826742	0.0	0.031351545173258
23850	0.9686606149153912	0.0	0.03133938508460876
23900	0.9686729096060591	0.0	0.03132709039394088
23950	0.9686853373438942	0.0	0.03131466265610583
24000	0.9686978964174247	0.0	0.03130210358257535
24050	0.968710585134399	0.0	0.031289414865600995
24100	0.9687234018215548	0.0	0.03127659817844519
24150	0.9687363448243933	0.0	0.0312636551756067
24200	0.9687494125069593	0.0	0.03125058749304066
24250	0.968762603251618	0.0	0.031237396748381996
24300	0.9687759154588426	0.0	0.031224084541157437
24350	0.9687893475469943	0.0	0.031210652453005694
24400	0.9688028979521173	0.0	0.03119710204788273
24450	0.9688165651277246	0.0	0.031183434872275373
24500	0.9688303475445963	0.0	0.031169652455403707
24550	0.9688442436905729	0.0	0.03115575630942713
24600	0.9688582520703589	0.0	0.031141747929641084
24650	0.9688723712053187	0.0	0.03112762879468134
24700	0.968886599633287	0.0	0.03111340036671295
24750	0.9689009359083735	0.0	0.03109906409162655
24800	0.9689153786007682	0.0	0.03108462139923185
24850	0.9689299262965613	0.0	0.031070073703438728
24900	0.9689445775975496	0.0	0.031055422402450406
24950	0.9689593311210606	0.0	0.031040668878939415
25000	0.968974185499762	0.0	0.031025814500238003
25050	0.9689891395103323	0.0	0.031010860489667724
25100	0.9690041916848829	0.0	0.030995808315117057
25150	0.9690193406983667	0.0	0.030980659301633295
25200	0.9690345852430556	0.0	0.030965414756944365
25250	0.9690499240256942	0.0	0.03095007597430577
25300	0.9690653557673359	0.0	0.03093464423266412
25350	0.9690808792031753	0.0	0.030919120796824684
25400	0.9690964930823822	0.0	0.030903506917617785
25450	0.9691121961679455	0.0	0.030887803832054472
25500	0.9691279872365086	0.0	0.030872012763491385
25550	0.9691438650782127	0.0	0.030856134921787293
25600	0.9691598284965461	0.0	0.03084017150345386
25650	0.9691758763081832	0.0	0.03082412369181675
25700	0.9691920073428391	0.0	0.030807992657160943
25750	0.9692082204431148	0.0	0.030791779556885168
25800	0.9692245144643541	0.0	0.030775485535645908
25850	0.9692408882744924	0.0	0.030759111725507604
25900	0.9692573407539182	0.0	0.03074265924608177
25950	0.9692738707953257	0.0	0.030726129204674324
26000	0.9692904773035755	0.0	0.030709522696424463
26050	0.9693071591955578	0.0	0.030692840804442234
26100	0.9693239154000522	0.0	0.03067608459994775
26150	0.9693407448575939	0.0	0.030659255142406083
26200	0.9693576465203388	0.0	0.030642353479661155
26250	0.9693746193519318	0.0	0.03062538064806819
26300	0.9693916623273776	0.0	0.030608337672622388
26350	0.9694087739819927	0.0	0.030591226018007345
26400	0.9694259535267797	0.0	0.030574046473220262
26450	0.9694432002038916	0.0	0.03055679979610837
26500	0.9694605130325706	0.0	0.030539486967429363
26550	0.9694778910427844	0.0	0.030522108957215632
26600	0.9694953332751127	0.0	0.030504666724887275
26650	0.9695128387806198	0.0	0.03048716121938022
26700	0.9695304066207397	0.0	0.03046959337926025
26750	0.969548035867159	0.0	0.030451964132841014
26800	0.969565725601703	0.0	0.030434274398297045
26850	0.9695834749162173	0.0	0.030416525083782675
26900	0.9696012829124594	0.0	0.030398717087540605
26950	0.9696191487019852	0.0	0.03038085129801482
27000	0.9696370714060406	0.0	0.030362928593959393
27050	0.9696550501554497	0.0	0.030344949844550273
27100	0.9696730840905127	0.0	0.03032691590948733
27150	0.9696911723608954	0.0	0.030308827639104585
27200	0.9697093141255251	0.0	0.03029068587447492
27250	0.9697275085524903	0.0	0.030272491447509653
27300	0.9697457548189349	0.0	0.03025424518106512
27350	0.9697640521109576	0.0	0.03023594788904238
27400	0.969782399623516	0.0	0.030217600376484022
27450	0.9698007965603228	0.0	0.03019920343967719
27500	0.9698192421337509	0.0	0.030180757866249075
27550	0.9698377355647393	0.0	0.03016226443526071
27600	0.9698562760826928	0.0	0.03014372391730724
27650	0.9698748629253932	0.0	0.030125137074606845
27700	0.969893495338904	0.0	0.03010650466109599
27750	0.9699121725774785	0.0	0.030087827422521474
27800	0.9699308939974323	0.0	0.030069106002567736
27850	0.9699496588998983	0.0	0.03005034110010174
27900	0.9699684664235665	0.0	0.03003153357643351
27950	0.9699873158545647	0.0	0.030012684145435342
28000	0.9700062064867677	0.0	0.02999379351323228
28050	0.9700251376217177	0.0	0.029974862378282285
28100	0.9700441085685334	0.0	0.029955891431466597
28150	0.9700631186438341	0.0	0.0299368813561659
28200	0.9700821671716502	0.0	0.02991783282834981
28250	0.970101253483345	0.0	0.029898746516655028
28300	0.9701203769175357	0.0	0.02987962308246428
28350	0.9701395368200124	0.0	0.029860463179987584
28400	0.970158732543658	0.0	0.02984126745634197
28450	0.9701779634483726	0.0	0.029822036551627407
28500	0.9701972289009967	0.0	0.02980277109900331
28550	0.9702165282752364	0.0	0.02978347172476359
28600	0.9702358609515835	0.0	0.02976413904841646
28650	0.9702552263172485	0.0	0.029744773682751524
28700	0.9702746237660824	0.0	0.029725376233917578
28750	0.9702940526985058	0.0	0.02970594730149423
28800	0.9703135125214377	0.0	0.029686487478562285
28850	0.9703330026482258	0.0	0.02966699735177425
28900	0.9703525224985744	0.0	0.0296474775014256
28950	0.9703720714984766	0.0	0.029627928501523404
29000	0.9703916490801467	0.0	0.029608350919853255
29050	0.9704112546819526	0.0	0.02958874531804745
29100	0.9704308877483476	0.0	0.029569112251652374
29150	0.9704505477298055	0.0	0.029549452270194454
29200	0.9704702340827583	0.0	0.029529765917241657
29250	0.9704899462695267	0.0	0.02951005373047333
29300	0.9705096837582602	0.0	0.02949031624173981
29350	0.9705294460228726	0.0	0.02947055397712739
29400	0.9705492325429809	0.0	0.029450767457019134
29450	0.9705690436305257	0.0	0.029430956369474348
29500	0.9705888782623613	0.0	0.029411121737638712
29550	0.9706087356118692	0.0	0.029391264388130778
29600	0.9706286151808036	0.0	0.029371384819196433
29650	0.9706485164763229	0.0	0.029351483523677113
29700	0.970668439010935	0.0	0.029331560989064975
29750	0.9706883823024325	0.0	0.029311617697567516
29800	0.9707083458738438	0.0	0.029291654126156197
29850	0.9707283292533714	0.0	0.02927167074662862
29900	0.9707483319743397	0.0	0.02925166802566026
29950	0.9707683535751398	0.0	0.029231646424860203
30000	0.9707883935991731	0.0	0.029211606400826873
