2470861345
2345356008
330796231
3199982258
1098925775
3227288677
1647753500
1225656415
116973256
240799020
1415122748
2271145473
628348542
1791710406
3078152276
3007288811
1427896022
3627836381
762145557
481789805
54315656
4022368473
1697823333
3017038915
4228227097
632967575
3311034788
910796354
1272935731
2955331066
1088022636
1854059079
2861158734
1076517763
560530159
349599184
2296586791
781393326
2045591473
1076127801
3351349876
2392029062
817839181
2264172584
2284990647
121728501
861998105
2152461082
