280	7.237775210493715e-24
285	1.2546743261537516e-15
290	9.55092125166427e-10
295	1.9626459745563526e-06
300	0.00016306778088395432
305	0.002616912350041811
310	0.008011331843909264
315	0.021110384849080937
320	0.03121137818107401
325	0.04131991843432156
330	0.06786844119544619
335	0.06431813587092121
340	0.06677632217680501
345	0.05815448885864552
350	0.06332868904263142
355	0.06886844813656925
360	0.06266232453572804
365	0.05960549432055424
370	0.06472156423843332
375	0.04493017333028756
380	0.04686104816352695
385	0.039274557352740554
390	0.040429308551205974
395	0.03555052656035669
400	0.042288736048815015
405	0.038044153307528916
410	0.029974209352660187
415	0.030249085649776554
420	0.023979389418806934
425	0.023090139841595827
430	0.014009092742515876
435	0.017307116957341377
440	0.01633089156568575
445	0.015431352557544782
450	0.014362723506232977
455	0.012421150779592974
460	0.011078991478288608
465	0.010000450149829606
470	0.00909760915150558
475	0.008291899976133209
480	0.007873415253343882
485	0.007453347696664919
490	0.00660804705309565
495	0.006873943095222218
500	0.006812128859601242
505	0.006467729884154338
510	0.0072990363920524565
515	0.007167893268945858
520	0.007114660186739512
525	0.008616112877666606
530	0.009249215018479189
535	0.009331829118428779
540	0.009878358921742285
545	0.010625375909188748
550	0.010875834666862998
555	0.011263545180060081
560	0.010797639263533401
565	0.011533031829079438
570	0.011507499743731307
575	0.011946324222021205
580	0.011917479060325637
585	0.012739819902841593
590	0.010847275460629819
595	0.012428622628362848
600	0.012746804053914877
605	0.013222705080680276
610	0.013232620984458272
615	0.012856506167276783
620	0.013488662795684956
625	0.013069116728536527
630	0.013193537852461303
635	0.013466445887785028
640	0.013910500942383728
645	0.013820953747811542
650	0.012985144776190581
655	0.013655679002242484
660	0.013470026142971712
665	0.013569216918262154
670	0.01401065797349116
675	0.013703643387406195
680	0.01356689560971234
685	0.013336391751580709
690	0.01090562196585003
695	0.01197082535107006
700	0.012316207655537158
705	0.012372402906591553
710	0.012277148342543063
715	0.012078152634604187
720	0.008463865230842514
725	0.00957356665002756
730	0.0093937453089231
735	0.010970373907066483
740	0.010464598648731652
745	0.010893160098947991
750	0.010682904992735439
755	0.010662702066003662
760	0.010196091557874909
765	0.004579100261320392
770	0.009557437285196905
775	0.009960779912782235
780	0.00996534126317143
785	0.009791093246334993
790	0.009583103113152094
795	0.009377354365205955
800	0.009365085780908342
805	0.009314479940715608
810	0.009172629906607995
815	0.0079143280150528
820	0.007990370567945245
825	0.00832244681979737
830	0.008342908026071575
835	0.00846198231047512
840	0.009155395868527262
845	0.009105052307379295
850	0.00919110672057861
855	0.008013102086786704
860	0.009427381355201733
865	0.009398068728210597
870	0.00920128121057611
875	0.009198924619550545
880	0.009246351562740635
885	0.009295615642021986
890	0.009394604137156046
895	0.008633198319618049
900	0.005612205864906
905	0.008709850608945746
910	0.007321404073487858
915	0.006562474359720001
920	0.007794320710668631
925	0.0076620419240465715
930	0.005890774463821372
935	0.001545717694025979
940	0.004311480625200435
945	0.0031054881168768944
950	0.005394180429306212
955	0.004653713819511066
960	0.004122595770331286
965	0.005080768394302199
970	0.00763571220623548
975	0.006427438256261385
980	0.007156670375072685
985	0.008297731205280878
990	0.008456935813379913
995	0.008537788969243723
1000	0.00838327380037389
1005	0.00823037052701109
1010	0.008207455038981137
1015	0.008235928355152213
1020	0.007887157013794789
1025	0.00792275985134746
1030	0.007887484296859395
1035	0.007834564739566199
1040	0.007813607284751256
1045	0.0077420242791835315
1050	0.007653141392149854
1055	0.007526129234956183
1060	0.00721984352251911
1065	0.007389656230540519
1070	0.006868869346603911
1075	0.007296224925396835
1080	0.00711116964770928
1085	0.006814603815267742
1090	0.006833524358973003
1095	0.006376669079846571
1100	0.006007914730267484
1105	0.005541171174511131
1110	0.004897158917016306
1115	0.003561622248084181
1120	0.001345749547215407
1125	0.0012939887882375033
1130	0.0012622726075981288
1135	0.0004981003080813535
1140	0.0035665245230458225
1145	0.001354906485209157
1150	0.002617523937187498
1155	0.0017086156681329653
1160	0.0040454446192132315
1165	0.004831382277332835
1170	0.005093056997997604
1175	0.004061099521214581
1180	0.005838559849179259
1185	0.0050738936346859725
1190	0.005029796492752475
1195	0.005681075408897503
1200	0.004427117136193668
1205	0.004404365769865251
1210	0.005042043834146815
1215	0.005292061447048686
1220	0.005455317726741074
1225	0.005483974291792258
1230	0.005730356738541788
1235	0.0057797690749664815
1240	0.005702265178875963
1245	0.005625171506781682
1250	0.005695037233272609
1255	0.0055126846350468705
1260	0.005325799729240706
1265	0.004646051246462026
1270	0.003093200738218033
1275	0.005113556011029722
1280	0.005364996319732777
1285	0.005337800853850486
1290	0.005214124808374075
1295	0.005170859676327094
1300	0.005249811526919486
1305	0.0038816584353475476
1310	0.004984718775153739
1315	0.0037610757971944485
1320	0.003521903256831383
1325	0.003460971016767028
1330	0.002354676242960206
1335	0.0022571782165895877
1340	0.0023722728716769814
1345	0.0010213085104500664
1350	0.00021953094896012436
1355	3.964913038378616e-06
1360	1.0100095322107297e-08
1365	1.880892068045084e-08
1370	7.198566445102711e-09
1375	2.5132438819577153e-06
1380	7.365430069814225e-07
1385	8.7645184198749e-09
1390	8.306905599056968e-06
1395	1.086929856902985e-06
1400	1.1767883369023327e-05
1405	1.077870025735127e-05
1410	9.09270998921384e-06
1415	5.371795122681052e-06
1420	3.184124079390644e-05
1425	0.00025352415753840775
1430	0.000570489766056138
1435	0.00031605147993206504
1440	0.0007733654935766436
1445	0.0009394789667710265
1450	0.0015564790239355904
1455	0.0021021354447064893
1460	0.002498315903762954
1465	0.0023352654168401024
1470	0.0014657131231934379
1475	0.0015129452171741217
1480	0.0018848165303727241
1485	0.0021856161547071204
1490	0.0030563136782737403
1495	0.0033291762166632504
1500	0.003620674985087137
1505	0.002716465817838103
1510	0.003227297994293296
1515	0.003970431226271642
1520	0.004378421082410662
1525	0.005026439932692141
1530	0.0050660917133216665
1535	0.005095174506943765
1540	0.005269655544497517
1545	0.005353252924820178
1550	0.005481797052080065
1555	0.005403359114833103
1560	0.00557016430365042
1565	0.005555559118946921
1570	0.005480899762530305
1575	0.005293178855949027
1580	0.005282947197246617
1585	0.005657856591857746
1590	0.005372956456804735
1595	0.006035229497296451
1600	0.005805238063659936
1605	0.005579673529519923
1610	0.005653243454042848
1615	0.006037853787440146
1620	0.006215197612988961
1625	0.006372093444665044
1630	0.006451636252432484
1635	0.006333520575918445
1640	0.006097492762711526
1645	0.006296974117930526
1650	0.006266672322727679
1655	0.006292130823337056
1660	0.006559233956605255
1665	0.006664231160415644
1670	0.006598288107450545
1675	0.00672719095347156
1680	0.006752408474491592
1685	0.0063778981124240795
1690	0.006782895445389123
1695	0.00681157305972169
1700	0.0069447116810529615
1705	0.007000559610427147
1710	0.006893864301987547
1715	0.006650093758858187
1720	0.006813944285177662
1725	0.006818015090646486
1730	0.006588428937879858
1735	0.0065330376700314
1740	0.006149227422499924
1745	0.006492135872037668
1750	0.006059113438905873
1755	0.006572755795363909
1760	0.006153134726238267
1765	0.006519510208522788
1770	0.0054849866076183565
1775	0.0059276428984879415
1780	0.004865016442410834
1785	0.004311664650504633
1790	0.003344223366480244
1795	0.003910330266151481
1800	0.002089692533308121
1805	0.0014345313968553595
1810	0.0006758193726879595
1815	0.00044738494401756935
1820	0.00015329398876476498
1825	4.667713527333887e-05
1830	6.094607353554728e-05
1835	2.5179053165647094e-07
1840	3.141771752935519e-07
1845	3.104342027107958e-09
1850	3.137567268856903e-07
1855	1.5189160793690028e-07
1860	1.4542238939626635e-08
1865	5.774446946694891e-07
1870	8.891475683014183e-07
1875	1.4113393952343265e-11
1880	2.4149133606479667e-11
1885	4.191246479179838e-06
1890	2.3983628233286027e-06
1895	1.2330890053153998e-05
1900	7.222290295421179e-06
1905	4.858937344584169e-08
1910	3.225842325331995e-08
1915	1.3250739936225989e-06
1920	1.1583921504096678e-06
1925	2.6432418532782308e-05
1930	5.5443933598022476e-05
1935	3.3036539467428825e-05
1940	0.00021701625481790075
1945	0.00020016757938166491
1950	0.0006690164360656899
1955	0.0010402288041127315
1960	0.0006301969780868981
1965	0.0013888747885162258
1970	0.0018283949867337207
1975	0.0031568441262641834
1980	0.004427340212768959
1985	0.004973729945419487
1990	0.005523021803980083
1995	0.0057464571791504375
2000	0.0055010130974655356
2005	0.002608783231531253
2010	0.001034968602700576
2015	0.0027672689951908874
2020	0.0018721098540024172
2025	0.003188808917269796
2030	0.00529451825232921
2035	0.0061257593149714575
2040	0.007021688821285098
2045	0.006600409525892918
2050	0.006756978793575883
2055	0.005086113166462723
2060	0.004149193153147302
2065	0.005277464737543766
2070	0.004766232337280661
2075	0.005110541487405151
2080	0.006088169545239918
2085	0.006895614277884188
2090	0.006830782457635344
2095	0.007227614732431057
2100	0.007358283797826411
2105	0.007138740129394181
2110	0.007805503799010291
2115	0.007596018027350607
2120	0.007854757222225475
2125	0.007590601721057128
2130	0.007770185013201116
2135	0.007962878979342995
2140	0.008085728870562059
2145	0.008258702224042035
2150	0.008251820691538398
2155	0.007911688872404097
2160	0.008040782636773726
2165	0.008090037465808015
2170	0.007439923772198899
2175	0.008110977694132427
2180	0.008075892646719918
2185	0.008336202343235751
2190	0.007712960425263158
2195	0.008307683932354088
2200	0.008430900629238704
2205	0.007721493477167446
2210	0.00815690167771225
2215	0.008886457319591486
2220	0.008689716756554847
2225	0.00900694722467464
2230	0.008894304797869339
2235	0.009088414969987755
2240	0.009069535177067947
2245	0.009085427858137941
2250	0.008961799899695836
2255	0.009267781004526233
2260	0.008882375331766765
2265	0.008947137814798544
2270	0.009281100575188456
2275	0.009004663614843235
2280	0.00905879047060258
2285	0.009562295349909997
2290	0.00927834157018535
2295	0.009483149324944755
2300	0.009376961040201802
2305	0.009188420837081084
2310	0.009433445244150266
2315	0.01039359200869814
2320	0.00965799988314966
2325	0.00882317604880307
2330	0.009731743916282476
2335	0.010042886446475193
2340	0.010459284592074968
2345	0.008443523795448035
2350	0.009666535232182147
2355	0.007974667394385578
2360	0.009304631374487865
2365	0.010051206215452479
2370	0.010090550598626862
2375	0.006423628242035128
2380	0.009391455271461511
2385	0.009235872198327522
2390	0.006821180644774404
2395	0.00837021633758032
2400	0.009331697811488971
2405	0.010341754935519226
2410	0.008018164013762295
2415	0.008219295281568421
2420	0.00675819759141045
2425	0.0067021704271240335
2430	0.008487407089875706
2435	0.011777385083544202
2440	0.003953469818492166
2445	0.011691379598747229
2450	0.005718335502516113
2455	0.0038053762212074353
2460	0.00706392500567177
2465	0.009638095648312734
2470	0.007088676408528684
2475	0.004988356881145352
2480	0.004984144242908064
2485	0.002474411141870142
2490	0.0017540993703680533
2495	0.0011149618968729481
2500	0.0009276026293589689
2550	2.033116225483663e-11
2600	9.610835552107653e-34
2650	4.1071047914677983e-19
2700	3.4870304855336556e-33
2750	6.816279042401889e-24
2800	1.975697340441987e-16
2850	2.3150822598762565e-05
2900	0.0015813910317119654
2950	0.0008910211826594339
3000	0.00272365793516626
3050	0.0027686209943039077
3100	0.0004436383501717792
3150	0.0022674600672132864
3200	0.0019285896391384315
3250	0.0005388459132501774
3300	0.0009182637005615047
3350	0.0027125702772731013
3400	0.007453054214074671
3450	0.00899452577149642
3500	0.009926284854396013
3550	0.007855599072196288
3600	0.008087001747917119
3650	0.008995654801305935
3700	0.008712090755741067
3750	0.00899094378786008
3800	0.0078047511595552045
3850	0.007804688848498414
3900	0.006703881319650754
3950	0.006812781802053487
4000	0.006556172590252306
4050	0.0
4100	0.0
4150	0.0
4200	0.0
4250	0.0
4300	0.0
4350	0.0
4400	0.0
4450	0.0
4500	0.0
4550	0.0
4600	0.0
4650	0.0
4700	0.0
4750	0.0
4800	0.0
4850	0.0
4900	0.0
4950	0.0
5000	0.0
5050	0.0
5100	0.0
5150	0.0
5200	0.0
5250	0.0
5300	0.0
5350	0.0
5400	0.0
5450	0.0
5500	0.0
5550	0.0
5600	0.0
5650	0.0
5700	0.0
5750	0.0
5800	0.0
5850	0.0
5900	0.0
5950	0.0
6000	0.0
6050	0.0
6100	0.0
6150	0.0
6200	0.0
6250	0.0
6300	0.0
6350	0.0
6400	0.0
6450	0.0
6500	0.0
6550	0.0
6600	0.0
6650	0.0
6700	0.0
6750	0.0
6800	0.0
6850	0.0
6900	0.0
6950	0.0
7000	0.0
7050	0.0
7100	0.0
7150	0.0
7200	0.0
7250	0.0
7300	0.0
7350	0.0
7400	0.0
7450	0.0
7500	0.0
7550	0.0
7600	0.0
7650	0.0
7700	0.0
7750	0.0
7800	0.0
7850	0.0
7900	0.0
7950	0.0
8000	0.0
8050	0.0
8100	0.0
8150	0.0
8200	0.0
8250	0.0
8300	0.0
8350	0.0
8400	0.0
8450	0.0
8500	0.0
8550	0.0
8600	0.0
8650	0.0
8700	0.0
8750	0.0
8800	0.0
8850	0.0
8900	0.0
8950	0.0
9000	0.0
9050	0.0
9100	0.0
9150	0.0
9200	0.0
9250	0.0
9300	0.0
9350	0.0
9400	0.0
9450	0.0
9500	0.0
9550	0.0
9600	0.0
9650	0.0
9700	0.0
9750	0.0
9800	0.0
9850	0.0
9900	0.0
9950	0.0
10000	0.0
10050	0.0
10100	0.0
10150	0.0
10200	0.0
10250	0.0
10300	0.0
10350	0.0
10400	0.0
10450	0.0
10500	0.0
10550	0.0
10600	0.0
10650	0.0
10700	0.0
10750	0.0
10800	0.0
10850	0.0
10900	0.0
10950	0.0
11000	0.0
11050	0.0
11100	0.0
11150	0.0
11200	0.0
11250	0.0
11300	0.0
11350	0.0
11400	0.0
11450	0.0
11500	0.0
11550	0.0
11600	0.0
11650	0.0
11700	0.0
11750	0.0
11800	0.0
11850	0.0
11900	0.0
11950	0.0
12000	0.0
12050	0.0
12100	0.0
12150	0.0
12200	0.0
12250	0.0
12300	0.0
12350	0.0
12400	0.0
12450	0.0
12500	0.0
12550	0.0
12600	0.0
12650	0.0
12700	0.0
12750	0.0
12800	0.0
12850	0.0
12900	0.0
12950	0.0
13000	0.0
13050	0.0
13100	0.0
13150	0.0
13200	0.0
13250	0.0
13300	0.0
13350	0.0
13400	0.0
13450	0.0
13500	0.0
13550	0.0
13600	0.0
13650	0.0
13700	0.0
13750	0.0
13800	0.0
13850	0.0
13900	0.0
13950	0.0
14000	0.0
14050	0.0
14100	0.0
14150	0.0
14200	0.0
14250	0.0
14300	0.0
14350	0.0
14400	0.0
14450	0.0
14500	0.0
14550	0.0
14600	0.0
14650	0.0
14700	0.0
14750	0.0
14800	0.0
14850	0.0
14900	0.0
14950	0.0
15000	0.0
15050	0.0
15100	0.0
15150	0.0
15200	0.0
15250	0.0
15300	0.0
15350	0.0
15400	0.0
15450	0.0
15500	0.0
15550	0.0
15600	0.0
15650	0.0
15700	0.0
15750	0.0
15800	0.0
15850	0.0
15900	0.0
15950	0.0
16000	0.0
16050	0.0
16100	0.0
16150	0.0
16200	0.0
16250	0.0
16300	0.0
16350	0.0
16400	0.0
16450	0.0
16500	0.0
16550	0.0
16600	0.0
16650	0.0
16700	0.0
16750	0.0
16800	0.0
16850	0.0
16900	0.0
16950	0.0
17000	0.0
17050	0.0
17100	0.0
17150	0.0
17200	0.0
17250	0.0
17300	0.0
17350	0.0
17400	0.0
17450	0.0
17500	0.0
17550	0.0
17600	0.0
17650	0.0
17700	0.0
17750	0.0
17800	0.0
17850	0.0
17900	0.0
17950	0.0
18000	0.0
18050	0.0
18100	0.0
18150	0.0
18200	0.0
18250	0.0
18300	0.0
18350	0.0
18400	0.0
18450	0.0
18500	0.0
18550	0.0
18600	0.0
18650	0.0
18700	0.0
18750	0.0
18800	0.0
18850	0.0
18900	0.0
18950	0.0
19000	0.0
19050	0.0
19100	0.0
19150	0.0
19200	0.0
19250	0.0
19300	0.0
19350	0.0
19400	0.0
19450	0.0
19500	0.0
19550	0.0
19600	0.0
19650	0.0
19700	0.0
19750	0.0
19800	0.0
19850	0.0
19900	0.0
19950	0.0
20000	0.0
20050	0.0
20100	0.0
20150	0.0
20200	0.0
20250	0.0
20300	0.0
20350	0.0
20400	0.0
20450	0.0
20500	0.0
20550	0.0
20600	0.0
20650	0.0
20700	0.0
20750	0.0
20800	0.0
20850	0.0
20900	0.0
20950	0.0
21000	0.0
21050	0.0
21100	0.0
21150	0.0
21200	0.0
21250	0.0
21300	0.0
21350	0.0
21400	0.0
21450	0.0
21500	0.0
21550	0.0
21600	0.0
21650	0.0
21700	0.0
21750	0.0
21800	0.0
21850	0.0
21900	0.0
21950	0.0
22000	0.0
22050	0.0
22100	0.0
22150	0.0
22200	0.0
22250	0.0
22300	0.0
22350	0.0
22400	0.0
22450	0.0
22500	0.0
22550	0.0
22600	0.0
22650	0.0
22700	0.0
22750	0.0
22800	0.0
22850	0.0
22900	0.0
22950	0.0
23000	0.0
23050	0.0
23100	0.0
23150	0.0
23200	0.0
23250	0.0
23300	0.0
23350	0.0
23400	0.0
23450	0.0
23500	0.0
23550	0.0
23600	0.0
23650	0.0
23700	0.0
23750	0.0
23800	0.0
23850	0.0
23900	0.0
23950	0.0
24000	0.0
24050	0.0
24100	0.0
24150	0.0
24200	0.0
24250	0.0
24300	0.0
24350	0.0
24400	0.0
24450	0.0
24500	0.0
24550	0.0
24600	0.0
24650	0.0
24700	0.0
24750	0.0
24800	0.0
24850	0.0
24900	0.0
24950	0.0
25000	0.0
25050	0.0
25100	0.0
25150	0.0
25200	0.0
25250	0.0
25300	0.0
25350	0.0
25400	0.0
25450	0.0
25500	0.0
25550	0.0
25600	0.0
25650	0.0
25700	0.0
25750	0.0
25800	0.0
25850	0.0
25900	0.0
25950	0.0
26000	0.0
26050	0.0
26100	0.0
26150	0.0
26200	0.0
26250	0.0
26300	0.0
26350	0.0
26400	0.0
26450	0.0
26500	0.0
26550	0.0
26600	0.0
26650	0.0
26700	0.0
26750	0.0
26800	0.0
26850	0.0
26900	0.0
26950	0.0
27000	0.0
27050	0.0
27100	0.0
27150	0.0
27200	0.0
27250	0.0
27300	0.0
27350	0.0
27400	0.0
27450	0.0
27500	0.0
27550	0.0
27600	0.0
27650	0.0
27700	0.0
27750	0.0
27800	0.0
27850	0.0
27900	0.0
27950	0.0
28000	0.0
28050	0.0
28100	0.0
28150	0.0
28200	0.0
28250	0.0
28300	0.0
28350	0.0
28400	0.0
28450	0.0
28500	0.0
28550	0.0
28600	0.0
28650	0.0
28700	0.0
28750	0.0
28800	0.0
28850	0.0
28900	0.0
28950	0.0
29000	0.0
29050	0.0
29100	0.0
29150	0.0
29200	0.0
29250	0.0
29300	0.0
29350	0.0
29400	0.0
29450	0.0
29500	0.0
29550	0.0
29600	0.0
29650	0.0
29700	0.0
29750	0.0
29800	0.0
29850	0.0
29900	0.0
29950	0.0
30000	0.0
