1.000000000000000000e+06 7.801327748933279338e+01 5.698101727378533354e+01 7.871233978943395471e+01 6.996713654906699276e+01 1.998773172890685679e+00 8.806078134942221425e+01 0.000000000000000000e+00 0.000000000000000000e+00 6.646353473582163884e-01 4.259959729757560876e-01 1.942336233575541193e-01 0.000000000000000000e+00 0.000000000000000000e+00
1.000000000000000000e+06 5.664014571191086134e+01 6.053761726238215601e+01 7.552842248220414945e+01 6.987191930102686399e+01 3.558018486335752684e+00 8.667887285652219020e+01 0.000000000000000000e+00 0.000000000000000000e+00 6.560346889766248690e-01 4.260728276370863155e-01 1.948012760332622217e-01 0.000000000000000000e+00 0.000000000000000000e+00
1.000000000000000000e+06 7.643015487582478329e+01 5.743462681327609687e+01 7.512966717247134341e+01 6.971997326575866794e+01 5.800657863734800301e+00 8.497471639439584123e+01 0.000000000000000000e+00 0.000000000000000000e+00 6.487847104046942093e-01 4.234462534030800085e-01 1.944060651698438225e-01 0.000000000000000000e+00 0.000000000000000000e+00
1.000000000000000000e+06 9.392732433171504169e+01 5.965064651523661610e+01 7.951989545591894171e+01 6.972692033657426691e+01 4.591808539002813383e+00 8.599046027771288436e+01 0.000000000000000000e+00 0.000000000000000000e+00 6.884648851002272973e-01 4.257868730980324812e-01 1.955363851149813648e-01 0.000000000000000000e+00 0.000000000000000000e+00
1.000000000000000000e+06 1.013328711157597581e+02 5.669555988189142681e+01 7.545522969160107607e+01 6.860972236958799897e+01 8.233868462395488308e+00 8.356637539809301529e+01 0.000000000000000000e+00 0.000000000000000000e+00 6.264621693359785359e-01 4.236295425413946214e-01 1.948946955944139692e-01 0.000000000000000000e+00 0.000000000000000000e+00
1.000000000000000000e+06 1.589816357773247830e+02 5.839490803857908929e+01 7.735022284393892278e+01 6.983374998555125046e+01 4.822448991112671557e+00 8.579293254530153945e+01 0.000000000000000000e+00 0.000000000000000000e+00 6.829734461690337710e-01 4.262513474728920615e-01 1.955513773952458068e-01 0.000000000000000000e+00 0.000000000000000000e+00
1.000000000000000000e+06 1.260664284700642810e+02 5.833975790370344328e+01 7.671169324009970580e+01 6.956173927114964783e+01 4.372808167454157235e+00 8.624163625200863237e+01 0.000000000000000000e+00 0.000000000000000000e+00 6.703474798623193509e-01 4.248531165134012411e-01 1.950210861615270241e-01 0.000000000000000000e+00 0.000000000000000000e+00
1.000000000000000000e+06 1.158882443878704009e+02 5.880626961883439918e+01 7.694322689163195150e+01 6.979557405552699834e+01 4.308276000794906579e+00 8.622669466439892005e+01 0.000000000000000000e+00 0.000000000000000000e+00 6.759422894351905242e-01 4.254914579032126332e-01 1.950490683769081912e-01 0.000000000000000000e+00 0.000000000000000000e+00
1.000000000000000000e+06 1.408234083061256285e+02 5.774626445399338337e+01 7.695378663772338257e+01 6.973216062556825534e+01 4.303605055547517821e+00 8.633448499231467110e+01 0.000000000000000000e+00 0.000000000000000000e+00 6.763929734910816283e-01 4.246170834440023412e-01 1.952759191120748694e-01 0.000000000000000000e+00 0.000000000000000000e+00
1.000000000000000000e+06 9.726953519696316164e+01 5.961668757624541115e+01 7.711181818877233241e+01 6.915249171100343517e+01 5.295268903103378832e+00 8.591905989701847091e+01 0.000000000000000000e+00 0.000000000000000000e+00 6.747415003980230530e-01 4.243324116262630619e-01 1.948947156621091692e-01 0.000000000000000000e+00 0.000000000000000000e+00
1.000000000000000000e+06 1.050669232433449309e+02 5.900156270061830810e+01 7.691641538300270042e+01 6.951216223611100986e+01 3.222626203348615714e+00 8.653214235746631289e+01 0.000000000000000000e+00 0.000000000000000000e+00 6.675439703113188461e-01 4.269705777203454122e-01 1.953353620223954590e-01 0.000000000000000000e+00 0.000000000000000000e+00
1.000000000000000000e+06 1.119447200497411359e+02 5.926325186916804455e+01 7.858950648975537945e+01 6.979027910041848770e+01 3.679727674590548947e+00 8.636343408339237726e+01 0.000000000000000000e+00 0.000000000000000000e+00 6.803023802245455887e-01 4.262869730955381464e-01 1.947334862349416329e-01 0.000000000000000000e+00 0.000000000000000000e+00
1.000000000000000000e+06 8.091618497100071750e+01 6.174369762030484310e+01 7.968597971152220794e+01 6.948652126747286673e+01 4.562859765393261213e-01 8.896634356729373394e+01 0.000000000000000000e+00 0.000000000000000000e+00 7.039337353862470392e-01 4.257818871050083609e-01 1.947561211955242677e-01 0.000000000000000000e+00 0.000000000000000000e+00
1.000000000000000000e+06 1.436951316838874959e+02 5.287745208767496052e+01 7.747528571496876282e+01 6.996986061270631296e+01 3.802651774426360376e+00 8.647695900597828711e+01 0.000000000000000000e+00 0.000000000000000000e+00 6.758442572898961664e-01 4.256447307687338810e-01 1.955590971377871301e-01 0.000000000000000000e+00 0.000000000000000000e+00
1.000000000000000000e+06 9.251491049263199784e+01 5.325194305844196663e+01 7.443774430736787906e+01 6.949687183014026459e+01 6.696202219558989199e+00 8.457133872541207609e+01 0.000000000000000000e+00 0.000000000000000000e+00 6.493054927854583491e-01 4.251314018743347911e-01 1.966001819397886485e-01 0.000000000000000000e+00 0.000000000000000000e+00
1.000000000000000000e+06 1.140881659669951205e+02 5.716052399842509146e+01 7.682492040478211948e+01 6.938453675349515493e+01 4.723500871398446321e+00 8.619049205666013336e+01 0.000000000000000000e+00 0.000000000000000000e+00 6.801151962878441148e-01 4.256143414392660196e-01 1.955729684518830724e-01 0.000000000000000000e+00 0.000000000000000000e+00
1.000000000000000000e+06 1.985199874033274341e+02 6.044254776404859086e+01 7.795847553510708394e+01 6.906404667411564446e+01 9.718193645803079761e+00 8.265190732925398720e+01 0.000000000000000000e+00 0.000000000000000000e+00 6.772091199739858070e-01 4.257135750364451354e-01 1.972968867783867208e-01 0.000000000000000000e+00 0.000000000000000000e+00
1.000000000000000000e+06 1.006760172871239547e+02 5.810834856813568905e+01 7.717449804892154930e+01 6.998718036614927485e+01 5.006389693110209649e+00 8.547272421897619665e+01 0.000000000000000000e+00 0.000000000000000000e+00 6.667446416282279964e-01 4.253492164014481824e-01 1.959797699559780726e-01 0.000000000000000000e+00 0.000000000000000000e+00
1.000000000000000000e+06 1.359342034260844798e+02 5.859884265007861615e+01 7.660276319688203728e+01 7.005476397387661791e+01 2.792731804672008877e+00 8.740291911981960027e+01 0.000000000000000000e+00 0.000000000000000000e+00 6.685412392535929893e-01 4.274170645850168815e-01 1.954586602919964888e-01 0.000000000000000000e+00 0.000000000000000000e+00
1.000000000000000000e+06 1.431769079665161826e+02 5.903018834716971242e+01 7.896477323163432516e+01 6.956733509654046088e+01 6.542469773295668922e+00 8.455631088762943648e+01 0.000000000000000000e+00 0.000000000000000000e+00 6.965468508053642704e-01 4.235228621456302300e-01 1.952962447226800069e-01 0.000000000000000000e+00 0.000000000000000000e+00
1.000000000000000000e+06 1.590491127912860350e+02 6.432635362446472982e+01 7.832498430331283146e+01 6.896391618079374553e+01 2.015773374492860093e+00 8.810610002822167530e+01 0.000000000000000000e+00 0.000000000000000000e+00 6.920258297526767910e-01 4.274418659613809512e-01 1.956119536154315997e-01 0.000000000000000000e+00 0.000000000000000000e+00
1.000000000000000000e+06 1.546751405965403876e+02 5.524945216257344782e+01 7.520722006388001546e+01 6.947868434967907092e+01 5.552834893190348176e+00 8.552362990327925729e+01 0.000000000000000000e+00 0.000000000000000000e+00 6.500544845587414855e-01 4.247432006465748922e-01 1.957806807462865450e-01 0.000000000000000000e+00 0.000000000000000000e+00
1.000000000000000000e+06 9.285300022719260937e+01 6.204411450689866570e+01 7.811057191004709921e+01 6.883184843416982801e+01 4.415640831617193562e+00 8.572677345822265238e+01 0.000000000000000000e+00 0.000000000000000000e+00 6.635183301160587632e-01 4.252601803130277025e-01 1.955739218863840889e-01 0.000000000000000000e+00 0.000000000000000000e+00
1.000000000000000000e+06 1.252466685706273353e+02 5.668200076080274386e+01 7.924418664869094187e+01 6.960398530159471875e+01 4.763599020478387125e+00 8.586919907429223997e+01 0.000000000000000000e+00 0.000000000000000000e+00 6.903050774441679138e-01 4.268460230269642830e-01 1.957072027255459257e-01 0.000000000000000000e+00 0.000000000000000000e+00
1.000000000000000000e+06 1.676877039665857296e+02 6.287699511696874310e+01 7.882387780006656897e+01 6.965889089431074410e+01 3.587125605544382090e+00 8.659391363827646160e+01 0.000000000000000000e+00 0.000000000000000000e+00 6.875208867384898781e-01 4.296166247891013978e-01 1.949419075146205937e-01 0.000000000000000000e+00 0.000000000000000000e+00
1.000000000000000000e+06 1.272076064439209517e+02 5.974185343383718561e+01 7.757353038252574606e+01 6.989635036136300528e+01 5.797071347715841760e+00 8.520264138870112447e+01 0.000000000000000000e+00 0.000000000000000000e+00 6.723231025647701253e-01 4.271643099613151584e-01 1.964162719093035803e-01 0.000000000000000000e+00 0.000000000000000000e+00
1.000000000000000000e+06 1.976706204826466546e+02 5.592915569288666688e+01 7.617397328421259317e+01 6.924960696437496210e+01 6.304442513083134081e+00 8.458906544903787506e+01 0.000000000000000000e+00 0.000000000000000000e+00 6.650557215566077485e-01 4.256048724392376692e-01 1.957958459360132908e-01 0.000000000000000000e+00 0.000000000000000000e+00
1.000000000000000000e+06 1.447681157014121993e+02 5.624685480661621995e+01 7.876341192908688527e+01 6.934641487190175724e+01 5.863678584826837792e+00 8.476236545952161805e+01 0.000000000000000000e+00 0.000000000000000000e+00 6.780285372335356220e-01 4.256004975219743192e-01 1.950974673586091390e-01 0.000000000000000000e+00 0.000000000000000000e+00
1.000000000000000000e+06 7.653883234053269291e+01 6.025091155141613797e+01 7.884297797648294193e+01 6.948252070043268702e+01 5.824011518068635596e+00 8.480130477725130334e+01 0.000000000000000000e+00 0.000000000000000000e+00 6.900860340083386779e-01 4.245420639955087561e-01 1.948606870712889516e-01 0.000000000000000000e+00 0.000000000000000000e+00
1.000000000000000000e+06 1.269312516361477634e+02 5.762653408222243456e+01 7.517219735893851862e+01 6.956126931253730561e+01 5.500288938209678236e+00 8.513675890898828413e+01 0.000000000000000000e+00 0.000000000000000000e+00 6.644720151192317070e-01 4.222886450767966426e-01 1.947276947315495776e-01 0.000000000000000000e+00 0.000000000000000000e+00
1.000000000000000000e+06 1.064832112510831905e+02 6.193451626364481655e+01 7.715341449274531271e+01 6.948503401483841913e+01 6.450979530921980398e+00 8.469010206177306088e+01 0.000000000000000000e+00 0.000000000000000000e+00 6.704346461226874387e-01 4.262141451399660830e-01 1.958425318447643282e-01 0.000000000000000000e+00 0.000000000000000000e+00
1.000000000000000000e+06 1.061996978026296858e+02 5.860719469268106252e+01 7.676636409306405540e+01 6.997580862374194055e+01 1.522879115542847384e+00 8.801773253213539761e+01 0.000000000000000000e+00 0.000000000000000000e+00 6.727428243013295894e-01 4.263697862431417018e-01 1.945963323052043725e-01 0.000000000000000000e+00 0.000000000000000000e+00
1.000000000000000000e+06 1.272993308817403033e+02 5.745759663618380841e+01 7.721188435531698246e+01 6.982293289985446449e+01 2.982440913045588449e+00 8.715046218234105879e+01 0.000000000000000000e+00 0.000000000000000000e+00 6.704177272543003774e-01 4.269360442774537412e-01 1.952282943527395287e-01 0.000000000000000000e+00 0.000000000000000000e+00
1.000000000000000000e+06 1.650219286560472938e+02 5.757197461457799648e+01 7.851841850227089026e+01 6.991876463201066372e+01 3.661729841410249708e+00 8.648029712496180821e+01 0.000000000000000000e+00 0.000000000000000000e+00 6.815469114750992707e-01 4.285188769365915196e-01 1.951904142386958751e-01 0.000000000000000000e+00 0.000000000000000000e+00
1.000000000000000000e+06 1.305400004822999449e+02 6.108358307919260000e+01 7.648987990158276773e+01 6.938223336847055123e+01 6.931369118914271432e+00 8.440814237787019181e+01 0.000000000000000000e+00 0.000000000000000000e+00 6.657629232617199300e-01 4.251439042617190522e-01 1.960686597152287436e-01 0.000000000000000000e+00 0.000000000000000000e+00
1.000000000000000000e+06 1.639451791299602519e+02 4.299428055247364711e+01 6.114967600081948262e+01 6.797741939287466550e+01 5.385944193437049776e+00 8.579902883868565766e+01 0.000000000000000000e+00 0.000000000000000000e+00 5.087079625002504102e-01 4.168694841275436547e-01 1.943597245135234575e-01 0.000000000000000000e+00 0.000000000000000000e+00
1.000000000000000000e+06 1.559777154408440651e+02 5.863009683888058277e+01 7.737521950060177289e+01 6.914887011008087825e+01 4.673532279599394101e+00 8.571401795700550963e+01 0.000000000000000000e+00 0.000000000000000000e+00 6.622695867207901710e-01 4.258206940834543541e-01 1.950634205749593453e-01 0.000000000000000000e+00 0.000000000000000000e+00
1.000000000000000000e+06 1.219817814283996569e+02 5.007016907091433211e+01 7.525107827459461873e+01 6.948253417852325242e+01 6.876667407406703347e+00 8.444477706668948258e+01 0.000000000000000000e+00 0.000000000000000000e+00 6.538969669047874911e-01 4.256151559942003004e-01 1.969621370171732444e-01 0.000000000000000000e+00 0.000000000000000000e+00
1.000000000000000000e+06 1.902000108210550309e+02 4.240821042086712112e+01 6.669170477867876912e+01 6.822120314874939595e+01 5.013605277614975542e+00 8.434087758954744629e+01 0.000000000000000000e+00 0.000000000000000000e+00 5.809626508761598362e-01 4.219800279867835235e-01 1.998610883043717978e-01 0.000000000000000000e+00 0.000000000000000000e+00
1.000000000000000000e+06 9.645119489260503087e+01 5.608128660059733051e+01 7.533762783374582739e+01 6.923996355676823100e+01 3.829384394589375518e+00 8.643984769818784741e+01 0.000000000000000000e+00 0.000000000000000000e+00 6.690741157249747717e-01 4.249009990040014673e-01 1.959202888165819112e-01 0.000000000000000000e+00 0.000000000000000000e+00
1.000000000000000000e+06 1.835965392538080891e+02 5.794050154187310397e+01 7.351466508267026256e+01 6.959418738511516267e+01 3.234412073517405339e+00 8.628211814252904333e+01 0.000000000000000000e+00 0.000000000000000000e+00 6.510100922031119008e-01 4.232111201499957898e-01 1.962046445560854946e-01 0.000000000000000000e+00 0.000000000000000000e+00
1.000000000000000000e+06 8.622434943249396611e+01 5.044815579180996679e+01 7.512362951615098439e+01 6.857622770831483194e+01 6.592427007679663831e+00 8.416642473108716160e+01 0.000000000000000000e+00 0.000000000000000000e+00 6.393051309093014112e-01 4.255381899929264744e-01 1.957005397556065562e-01 0.000000000000000000e+00 0.000000000000000000e+00
1.000000000000000000e+06 9.099490668222743750e+01 5.446730239023256814e+01 7.621616243750600006e+01 7.042265201868785596e+01 3.392658704040726558e+00 8.712966945449286982e+01 0.000000000000000000e+00 0.000000000000000000e+00 6.549409896318003632e-01 4.265970004186696030e-01 1.952228335550360294e-01 0.000000000000000000e+00 0.000000000000000000e+00
1.000000000000000000e+06 7.993941490524412075e+01 5.429989090813427310e+01 7.589408716413382194e+01 6.911926067560965237e+01 4.742629881088294752e+00 8.542323147846921927e+01 0.000000000000000000e+00 0.000000000000000000e+00 6.433587561196104643e-01 4.254368357078106566e-01 1.952835467674531589e-01 0.000000000000000000e+00 0.000000000000000000e+00
1.000000000000000000e+06 1.388920193131336305e+02 5.740956359534474274e+01 5.897290632199086247e+01 6.780271755170257109e+01 7.447075608733867647e+00 8.289214187511417720e+01 0.000000000000000000e+00 0.000000000000000000e+00 5.320048425733902020e-01 4.244558344977656938e-01 1.988313430883985045e-01 0.000000000000000000e+00 0.000000000000000000e+00
1.000000000000000000e+06 1.489138973295832784e+02 5.142725218989747304e+01 7.826503400622326012e+01 6.978087039176918438e+01 5.926637701483658205e+00 8.492708263404017544e+01 0.000000000000000000e+00 0.000000000000000000e+00 6.842177611479371979e-01 4.263846357202344950e-01 1.965126391507943104e-01 0.000000000000000000e+00 0.000000000000000000e+00
1.000000000000000000e+06 1.713540296755341785e+02 8.907691738908772550e+01 8.710129408272479168e+01 7.059902799538758700e+01 4.913844701609100696e+00 8.664858016323746881e+01 0.000000000000000000e+00 0.000000000000000000e+00 8.895962679969777742e-01 4.300645601110060778e-01 1.977062211717227902e-01 0.000000000000000000e+00 0.000000000000000000e+00
1.000000000000000000e+06 1.730532164789185288e+02 5.584053116472667000e+01 7.746705465248331279e+01 6.978531149918917720e+01 3.900563308659799500e+00 8.640259705247545696e+01 0.000000000000000000e+00 0.000000000000000000e+00 6.788226135260658767e-01 4.264538692280078758e-01 1.953243528640414561e-01 0.000000000000000000e+00 0.000000000000000000e+00
