573.431524515152
660.952155828476
666.9733717441559
579.2559010982513
663.9828188419342
642.5396556854248
631.503585100174
633.5368568897247
595.9574534893036
597.9646520614624
664.996753692627
579.3804552555084
657.5781936645508
676.1889643669128
596.2732684612274
645.7794098854065
573.8587720394135
578.3735058307648
626.7403883934021
585.5550863742828
629.6801240444183
661.2066779136658
572.2624056339264
623.7050769329071
677.8577492237091
558.7893979549408
570.1152646541595
678.4483313560486
672.3292326927185
663.1454374790192
579.2652480602264
571.4816656112671
533.7090265750885
687.2588741779327
570.7468395233154
657.1750056743622
618.8341505527496
605.6646201610565
662.4924986362457
548.4368853569031
656.7141432762146
589.2005290985107
614.2588493824005
660.7117359638214
638.9180328845978
583.2770383358002
672.9162976741791
651.4273402690887
