280	2.329312075523532	0.8634258747720535
285	2.3109324784471013	0.8602345238673615
290	2.2935550912422076	0.8617407868457356
295	2.277542656841065	0.868420251000626
300	2.267402149870146	0.8790296664637075
305	2.260606658945995	0.8916567430215655
310	2.2565496159636464	0.9059530638178889
315	2.25828308588685	0.9201033731515189
320	2.265319397282805	0.9347733588528241
325	2.2717900403414095	0.9463726818553335
330	2.2827770879253437	0.960205152903085
335	2.2946758422997555	0.9674551646946481
340	2.310159249670494	0.9766063756399626
345	2.3253630024232184	0.9821146378621893
350	2.343506538861769	0.9865515933376774
355	2.3651751944476693	0.987032528834266
360	2.390440756768515	0.9826477449267694
365	2.4106812673248834	0.9669341174782832
370	2.4210114150213284	0.9463909939902377
375	2.4252937995799697	0.9301671713291915
380	2.423949929667141	0.9123934138977761
385	2.418114944024927	0.8991842841104427
390	2.4110315223177943	0.8909878838233531
395	2.4043833509237738	0.8858085925020571
400	2.397939298570972	0.8808020099967487
405	2.392379608211545	0.8839400098968914
410	2.386809081339066	0.8851845148476352
415	2.381394775981061	0.8864671131117445
420	2.3762381785486144	0.8893904610416975
425	2.3737383301539436	0.8942984352905774
430	2.371448870370978	0.8992287958563023
435	2.3692266935505657	0.9040586555376315
440	2.3670796367157827	0.9086987452530544
445	2.3670673346341746	0.9149657958377375
450	2.369737416915457	0.9232929157541498
455	2.370306585825302	0.9281868151773336
460	2.370790815349924	0.932900908751797
465	2.3732867192483464	0.940632292158138
470	2.376466899995602	0.9473561229613109
475	2.3806082859721642	0.952699214570455
480	2.383388243109331	0.9568932820689358
485	2.3853505429216115	0.9603854677695179
490	2.3902129167749595	0.9662010789216734
495	2.395996015273245	0.9727482633129989
500	2.4027743900097382	0.9775068345601954
505	2.40977601053447	0.9818766473316192
510	2.415083375376438	0.9837189720190896
515	2.419924292695184	0.9848524997797412
520	2.424504783753387	0.9848907142061124
525	2.428974492862498	0.9844170164614489
530	2.432628765107296	0.9840229048146264
535	2.4354105851859793	0.9837148110510848
540	2.4376785670567473	0.9837177971625676
545	2.437617030995142	0.9851333546180095
550	2.437555455712787	0.9865485526235448
555	2.436508877092796	0.9890915763902807
560	2.435214714237175	0.9919155504206066
565	2.43517856856824	0.9960723854651654
570	2.438349715815162	1.0036498275855636
575	2.4415236210396105	1.011219941104083
580	2.4451892687105716	1.0160163166719
585	2.449114063396231	1.0193874295789602
590	2.453034706116263	1.0227581611095593
595	2.456675920501381	1.0248876600384995
600	2.460289904727432	1.026909916558277
605	2.463904981872148	1.0289752755245518
610	2.4674478188469138	1.0320338536447984
615	2.470993503202675	1.0350930562099097
620	2.4745749888221944	1.0381450854561067
625	2.4800749991459674	1.0408590651674214
630	2.485569976338062	1.0435752299316108
635	2.491065461007766	1.0462943506149514
640	2.4962290762118085	1.0480426774919307
645	2.501332383201149	1.049609091758484
650	2.506432647162693	1.0511782324983052
655	2.5118444269640525	1.0522136010969085
660	2.517589479738456	1.0526708823920252
665	2.5233373147271783	1.0531330060308455
670	2.5290833198055473	1.0535993067762313
675	2.534169333477262	1.0496654140657284
680	2.539232409085119	1.0455506404587152
685	2.5443043943371815	1.0414390484588913
690	2.5486738082677927	1.0372275408738005
695	2.550810975416865	1.0326921581522481
700	2.552951012426479	1.0281557281367912
705	2.5550976426461474	1.0236187478064278
710	2.556171105995723	1.018492713975547
715	2.554737980992335	1.0119914135174437
720	2.553304290808798	1.0054850594842297
725	2.551873423499171	0.9989740609781635
730	2.549928881801524	0.9927703376698876
735	2.5448320919995373	0.9884832063212582
740	2.5397303575135335	0.984195365982863
745	2.5346266653396157	0.9799071646717258
750	2.5295179659806553	0.9756181900504024
755	2.522082101090559	0.9727736808654538
760	2.513735721052146	0.9704959600154289
765	2.505385421432755	0.9682244344409416
770	2.4970283837881193	0.9659588018240034
775	2.488687458662123	0.9638257675988267
780	2.481343311902237	0.967888954853636
785	2.4740074018961287	0.9719591246898682
790	2.4666773490891036	0.9760359879687308
795	2.459355600691099	0.9801198954012781
800	2.452088785176304	0.9842147303243852
805	2.4472255385652866	0.9885183870649167
810	2.4423674265624546	0.9928241467437621
815	2.437516643148856	0.9971322949498925
820	2.4326710814499566	1.0014425170889523
825	2.4278328423902664	1.0057550896646148
830	2.422388424935389	1.0099609221719825
835	2.4166638973477457	1.0141192719133902
840	2.410945171336196	1.0182813082222788
845	2.4052341945612508	1.0224473039787632
850	2.399529143734668	1.0266169773897476
855	2.3938318882428664	1.0307905933065424
860	2.3893238598659208	1.0373831382374217
865	2.3848508744499592	1.044023886483563
870	2.380387120183926	1.050663146658243
875	2.3759342966820474	1.0573010906780724
880	2.371490774629844	1.0639373724837666
885	2.3670581863655946	1.0705721573990952
890	2.3629040047415906	1.0767952701718084
895	2.358796247373069	1.0829610558346683
900	2.3546966387429507	1.08912509517969
905	2.3506066808018042	1.095287558666014
910	2.3465249185920958	1.1014481305490709
915	2.3424527967695647	1.1076069754140678
920	2.3387334618157607	1.1145244909712722
925	2.335756750782459	1.1230522869550643
930	2.3327895114475274	1.1315712688669388
935	2.3298329958855537	1.1400815399114583
940	2.3268858131476304	1.1485827465224845
945	2.323949165542388	1.1570749902328958
950	2.3210217055028277	1.1655579238718912
955	2.3182487204211	1.1736238909569696
960	2.3158930488994787	1.1805217685738358
965	2.313544461363174	1.1874134085895065
970	2.3112017271645873	1.1942985316913803
975	2.3088659495671777	1.2011772882721339
980	2.3065359372006684	1.2080494046129895
985	2.3042127535362384	1.214915027997651
990	2.3018952446396805	1.2217738901892012
995	2.300478163768432	1.2307630684430844
1000	2.299612909593577	1.2410462948076244
1005	2.298752197541746	1.2513119309827871
1010	2.297894772723151	1.2615597420116804
1015	2.2970414247120527	1.2717898936604135
1020	2.2961909326981007	1.2820021607322294
1025	2.2953440578203743	1.292196712045099
1030	2.2944996121245897	1.3023733318670523
1035	2.294597103198706	1.3111887371429454
1040	2.29610056425526	1.3179783262044114
1045	2.2976008764318925	1.3247606473922247
1050	2.29909707813634	1.33153556523947
1055	2.300590016483477	1.3383033120717183
1060	2.302078758411511	1.3450637569688972
1065	2.3035641262885598	1.3518171275626631
1070	2.3050452144232274	1.3585632973080364
1075	2.306522821469134	1.365302489265365
1080	2.3081092490201116	1.3720630120506057
1085	2.309861373883474	1.378859353600013
1090	2.311608363430932	1.3856487781193234
1095	2.3133509755976784	1.3924315069660105
1100	2.315088384068285	1.399207432906252
1105	2.3168213259728954	1.4059767728025176
1110	2.318548998250278	1.4127394230432462
1115	2.3202721180474963	1.419495596109881
1120	2.321989904659025	1.4262451918794166
1125	2.3237030560293217	1.4329884185626673
1130	2.3257283604923336	1.4382256601859729
1135	2.327962008673598	1.442460843709955
1140	2.3301919336039782	1.4466944961030013
1145	2.3324188299656003	1.4509267819977893
1150	2.3346420130329943	1.455157577288518
1155	2.3368621588656087	1.4593870422979687
1160	2.339078601445413	1.4636150566852208
1165	2.3412919988991137	1.4678417766106642
1170	2.343501703221613	1.4720670853613804
1175	2.3457083552646036	1.4762911350764671
1180	2.3479113243738063	1.480513812540306
1185	2.3492682717209807	1.4840859056606692
1190	2.350412504283697	1.4874942999544685
1195	2.3515555532533914	1.4909014674405352
1200	2.352696814557218	1.4943072908897115
1205	2.3538368736722735	1.4977119009555344
1210	2.3549751424108423	1.5011151836116066
1215	2.356112191024436	1.5045172662945692
1220	2.3572474466425266	1.507918038070166
1225	2.35838146483195	1.5113176232653587
1230	2.359513687496879	1.5147159139321855
1235	2.3606446560363064	1.5181130313905957
1240	2.36177382661071	1.5215088705776083
1245	2.3626337142546276	1.5239674698279815
1250	2.363492611398166	1.526425429496324
1255	2.3643510333441387	1.5288828602918978
1260	2.36520846450652	1.5313396578878158
1265	2.3660654071906295	1.5337959302525968
1270	2.3663413129093285	1.5368243882231434
1275	2.3666169172449116	1.5398515781190134
1280	2.366891726869072	1.5428774010451058
1285	2.3671662161861105	1.5459019602368085
1290	2.3674399039911496	1.5489251591676256
1295	2.367562460995354	1.5504248500952842
1300	2.3676471318751044	1.5515436718050273
1305	2.367732137731811	1.5526623983792722
1310	2.3678170239803045	1.5537809348284317
1315	2.367902233762602	1.5548993742689228
1320	2.367878076097638	1.5560205824323003
1325	2.3674173643503615	1.5571534950711885
1330	2.366956739488931	1.5582861676039377
1335	2.3664966230606277	1.5594186885294785
1340	2.3660365931580865	1.5605509691514354
1345	2.365577061079112	1.5616830959613548
1350	2.364642384449067	1.5622127665813488
1355	2.362995262626472	1.5618394402726132
1360	2.3613481028821974	1.5614665633791083
1365	2.35970129652251	1.5610942195937272
1370	2.3580544517514643	1.5607223269570034
1375	2.356407950257114	1.5603509673859468
1380	2.354154031384402	1.559843251665809
1385	2.3509892873937677	1.5591317459684457
1390	2.3478243733954725	1.5584219708615197
1395	2.3446596514419884	1.5577140100136564
1400	2.3414947568193303	1.5570077913388838
1405	2.3383300426880202	1.5563033971093234
1410	2.3347516614349457	1.5552535375553957
1415	2.3295178193706403	1.5528184959126339
1420	2.324281010444298	1.5503883312695805
1425	2.3190415460328673	1.5479631395832785
1430	2.3114369276419118	1.5469073460284397
1435	2.303833066474957	1.54586196172317
1440	2.296229636620334	1.5448269952001215
1445	2.2862900341985997	1.542945714083757
1450	2.274790270073673	1.5405152027480138
1455	2.2632878994837933	1.5381099212225837
1460	2.2508541215022757	1.5373347374643185
1465	2.234733150347687	1.5430073172955636
1470	2.21865864269006	1.548711438405585
1475	2.2026318770277085	1.5544472493090067
1480	2.189965170680277	1.5638212300783398
1485	2.178175847405056	1.5740923543105143
1490	2.166436089869031	1.5843542401175317
1495	2.155520657893941	1.595196770092075
1500	2.1477417217996355	1.6083746758899118
1505	2.139996002092955	1.6215145852752486
1510	2.1322828190185317	1.6346157816641165
1515	2.126626837419358	1.6460472561515536
1520	2.1223356835495086	1.6563632572653315
1525	2.118055290861205	1.6666534780986726
1530	2.1137851344653025	1.6769176932182424
1535	2.1095252206660207	1.6871558317448379
1540	2.105275029178316	1.6973676775350977
1545	2.1010345617903505	1.7075531684786416
1550	2.096803303103245	1.7177120974982458
1555	2.0940756779151912	1.7256506092105697
1560	2.0913511040946564	1.7335729251150302
1565	2.0886297089425883	1.7414790880859965
1570	2.0859111208219567	1.749368994565359
1575	2.0831954637587167	1.7572426894743187
1580	2.0804823716106116	1.7651000724208379
1585	2.0777719653130586	1.7729411902806718
1590	2.0750638841573306	1.780765945726854
1595	2.0706261120377456	1.7895493962976496
1600	2.066197370154538	1.7983111960367681
1605	2.0617777224669522	1.8070513064096612
1610	2.0573667669561457	1.8157695477943445
1615	2.052964563684351	1.8244658866127363
1620	2.0485707146533656	1.833140148706658
1625	2.0441852763580073	1.8417923053336474
1630	2.0398078549267793	1.8504221876788707
1635	2.036366257229849	1.8589894160607956
1640	2.0329279891745404	1.867535188266723
1645	2.0294931066639164	1.876059536773025
1650	2.026061230465756	1.8845623546183936
1655	2.02263241503437	1.8930436773447457
1660	2.0192062866018876	1.9015034017914993
1665	2.0157828983455564	1.9099415664041566
1670	2.0123618819453726	1.9183580716604909
1675	2.0089432894614156	1.926752958749214
1680	2.006120767777026	1.9359304619023696
1685	2.003296224850028	1.9450835380801617
1690	2.000469272169489	1.9542121389826497
1695	1.9976399300794625	1.963316354946313
1700	1.994807816939777	1.9723961403655472
1705	1.9919729541203703	1.981451587300703
1710	1.9891349667398786	1.9904826526295243
1715	1.9862938772299914	1.99948942992971
1720	1.9834493173524472	2.0084718783593423
1725	1.9810669546778448	2.017678723203143
1730	1.9789875019681176	2.027027121920431
1735	1.9768996302948112	2.0363514766530093
1740	1.9748029885095075	2.0456517978774866
1745	1.9726976070433049	2.0549282290170705
1750	1.970583141475083	2.06418078096025
1755	1.9684596239478145	2.0734095964650088
1760	1.9663267165639788	2.082614686688572
1765	1.964184453097423	2.0917961935884923
1770	1.962032501973482	2.100954128456413
1775	1.9608019491246325	2.1095841989659907
1780	1.9597918786341315	2.118070453588801
1785	1.9587693647555027	2.1265397892281204
1790	1.9577341472201812	2.1349922318719563
1795	1.9566863226041173	2.1434279342648304
1800	1.9556256348579342	2.151846921542782
1805	1.9545521802985006	2.160249344279086
1810	1.9534657069382726	2.168635226742724
1815	1.9523663107806357	2.1770047173348166
1820	1.9512537437473643	2.185357839444405
1825	1.950167852452677	2.1935516481851494
1830	1.9491289349501126	2.201515695604258
1835	1.948077754195661	2.2094652158402623
1840	1.9470140799291522	2.217400221428092
1845	1.9459380171125924	2.2253208452543176
1850	1.944849338732483	2.2332270991908216
1855	1.9437481489374302	2.2411191141656506
1860	1.9426342238432046	2.248996901382729
1865	1.9415076667574267	2.256860589822363
1870	1.9403682568111424	2.2647101900165776
1875	1.939216096444321	2.272545829009566
1880	1.9379770428124417	2.2804546864508843
1885	1.9364291185130271	2.288696725695302
1890	1.9348675908335138	2.296922166589717
1895	1.933292541295515	2.305131137725584
1900	1.9317037384559566	2.31332365277272
1905	1.9301012633797276	2.3214998382954355
1910	1.9284848876102485	2.3296597070391183
1915	1.926854691710384	2.3378033835410648
1920	1.9252104500900005	2.3459308796111227
1925	1.9235522427659308	2.3540423177608383
1930	1.9218798468975893	2.362137708854432
1935	1.9201933419129007	2.370217173379932
1940	1.9187049900999231	2.378137294436007
1945	1.9173440204257786	2.38594774055126
1950	1.9159685667762274	2.393744573794273
1955	1.9145787211113234	2.40152791054605
1960	1.9131742818963575	2.4092977588877798
1965	1.9117553400516016	2.417054233262103
1970	1.9103216960706915	2.424797340940317
1975	1.9088734398081577	2.432527194443658
1980	1.9074103736960977	2.4402438002368285
1985	1.9059325864979348	2.4479472689365998
1990	1.9044398824965276	2.4556376062044403
1995	1.9029323493394046	2.4633149207695406
2000	1.9014097930745053	2.4709792174934866
2005	1.900144903163912	2.479431604250278
2010	1.8988604288233184	2.487870396433523
2015	1.8975564502406657	2.4962957254518647
2020	1.896232771254431	2.5047076207243655
2025	1.8948894706512052	2.5131062112208964
2030	1.8935263533809892	2.5214915250198295
2035	1.8921434967812563	2.529863688692303
2040	1.8907407068137658	2.5382227290038144
2045	1.8893180593198926	2.5465687701659294
2050	1.887875361175288	2.554901837658254
2055	1.8864126866789117	2.563222053371053
2060	1.8849298435241444	2.5715294415241816
2065	1.8834269044217404	2.579824121723956
2070	1.8825460234136169	2.5881214581381364
2075	1.8818041197150288	2.596413894706821
2080	1.8810402827031878	2.604698054664985
2085	1.88025460454463	2.6129740648873447
2090	1.8794469173080695	2.621241958135851
2095	1.8786173109219206	2.6295018594340087
2100	1.8777656173864543	2.637753800889597
2105	1.8768919243685729	2.6459979057345184
2110	1.8759960637333326	2.654234205468305
2115	1.8750781208621572	2.6624628215898865
2120	1.874137927418319	2.6706837850356955
2125	1.8731755664731051	2.6788972156293966
2130	1.8721908694215461	2.6871031437887893
2135	1.8711839169993834	2.6953016877191365
2140	1.870492720306104	2.7034705636363565
2145	1.8702862111627294	2.711602082595159
2150	1.8700568688111017	2.7197311866660523
2155	1.8698047941936744	2.7278579982513484
2160	1.8695298424044013	2.7359825542868634
2165	1.8692321118232296	2.7441049763083663
2170	1.8689114568959446	2.752225301671884
2175	1.8685679734408385	2.7603436511149737
2180	1.8682015152198952	2.768460062468341
2185	1.8678121754894301	2.776574655739674
2190	1.8673998072915108	2.784687469289224
2195	1.8669645013190301	2.792798622463303
2200	1.8665061098574443	2.800908154207064
2205	1.8660247210335699	2.809016183274177
2210	1.8655201863390016	2.817122749250667
2215	1.8650270869505987	2.8251423936505637
2220	1.8646501989130504	2.8328189743191823
2225	1.8642525882898149	2.8404952732455815
2230	1.8638341140103156	2.848171320889802
2235	1.863394865699154	2.855847224067502
2240	1.8629347017876328	2.8635230141197767
2245	1.8624537096395144	2.8711987975859246
2250	1.8619517471584135	2.878874606732689
2255	1.861428899449552	2.886550547880972
2260	1.860885023858954	2.8942266542687465
2265	1.8603202032346986	2.9019030320572057
2270	1.8597342943349524	2.909579715502233
2275	1.8591273777511705	2.9172568106648185
2280	1.8584993096230165	2.9249343528666083
2285	1.8578501682849067	2.932612448128799
2290	1.8571798092270086	2.940291132887952
2295	1.8564883085254362	2.9479705131868985
2300	1.8562257459626286	2.9555218978371425
2305	1.856055764892235	2.963044530369806
2310	1.855865817613944	2.9705709201395587
2315	1.855655993879782	2.9781011739682377
2320	1.8554261655145792	2.985635332778001
2325	1.8551764203804693	2.9931735038430864
2330	1.854906629967403	3.000715729747175
2335	1.8546168802651362	3.0082621182791622
2340	1.854307042419264	3.0158127137356137
2345	1.8539772005645618	3.0233676244837056
2350	1.8536272254932369	3.030926896586049
2355	1.8532571995024694	3.0384906390532107
2360	1.85286699302248	3.0460588997688878
2365	1.8524566865303103	3.05363178845372
2370	1.8520261500860868	3.0612093548695047
2375	1.851575462364229	3.0687917095153012
2380	1.8511044930472786	3.076378904090102
2385	1.8507033888814448	3.083834033528115
2390	1.8506447292365928	3.090746730939071
2395	1.8505699902197004	3.097665579846061
2400	1.8504790593838405	3.10459061749086
2405	1.8503720288931247	3.111521938391649
2410	1.8502487865905404	3.1184595815648684
2415	1.850109423455438	3.1254036421923925
2420	1.8499538276260328	3.1323541611012278
2425	1.849782088926407	3.1393112341843734
2430	1.8495940957963823	3.1462749041165843
2435	1.8493899369349414	3.1532452675503864
2440	1.849169501091054	3.1602223690468034
2445	1.8489328758695607	3.167206306067278
2450	1.8486799503373232	3.1741971250989924
2455	1.8484108110367947	3.1811949244627353
2460	1.8481253473628192	3.1881997526131425
2465	1.8478236448281908	3.1952117087818532
2470	1.8475055931671593	3.2022308434336777
2475	1.8471712768965842	3.2092572567637285
2480	1.8468205861030385	3.2162910012911765
2485	1.8467230190301125	3.2239370028704575
2490	1.8466069223186354	3.231593296971735
2495	1.8464723869922735	3.2392600090077166
2500	1.8463193123363282	3.246937219288634
2550	1.8437707047991476	3.3243109906028416
2600	1.8410607110031048	3.3969592864422546
2650	1.8403425105974887	3.4591887451048686
2700	1.8384256935550185	3.521758131621768
2750	1.833858386302938	3.5794636677649914
2800	1.8284357071716633	3.6380159208764504
2850	1.820594551141138	3.693597399338841
2900	1.8110893211380124	3.7477558133678683
2950	1.8008260543245498	3.8026814509075817
3000	1.7798665995993235	3.859316049038534
3050	1.757375798985414	3.916681623956091
3100	1.7337437925485306	3.9748226310650123
3150	1.6983037990296546	4.033084746116537
3200	1.6612575093896205	4.09202758176617
3250	1.6225389859613588	4.151785614277
3300	1.584384077308252	4.215497201180718
3350	1.5453263442650693	4.281672814733959
3400	1.504565687069392	4.349546448619017
3450	1.4609562360143566	4.420057673191354
3500	1.406699692295033	4.497904957707204
3550	1.3502518146839793	4.578919624968448
3600	1.2918880758395408	4.66369852907537
3650	1.2325764809018318	4.753612933734193
3700	1.1809216612871507	4.860537140511927
3750	1.1310457262788653	4.973034369016098
3800	1.0841928755357495	5.090618207042806
3850	1.041362332732366	5.212367288226088
3900	1.007113686014316	5.34038599727316
3950	0.9819052965948297	5.4730240374850885
4000	0.9614298021915649	5.605836889780407
4050	0.9450638595022453	5.738125396596517
4100	0.9321736784094228	5.8694624255327
4150	0.9263965963070488	5.996446884387881
4200	0.9308285815060943	6.115885166004113
4250	0.9367678060934788	6.233927218744094
4300	0.9439606911028686	6.350660878158295
4350	0.9522042620482946	6.466178124726402
4400	0.961335174745653	6.58056934697984
4450	0.9712211051730449	6.693920360824543
4500	0.9817540846337084	6.806311034024005
4550	0.9928453650957737	6.917814826164279
4600	1.0044214622178542	7.0284988351187065
4650	1.016421096001662	7.13842410952331
4700	1.0287928136133802	7.247646087287486
4750	1.0414931311887872	7.356215079940627
4800	1.0544850718472945	7.464176758073554
4850	1.0677370076748116	7.571572614079009
4900	1.081221736255555	7.678440390672275
4950	1.0949157393153186	7.784814470766123
5000	1.1119487252433407	7.88729923311019
5050	1.1298038377785125	7.988612591511809
5100	1.147774089599458	8.089533647365855
5150	1.165849597134862	8.190085602736788
5200	1.184021610240592	8.290289746381044
5250	1.2022823533039584	8.390165653193145
5300	1.220624892334024	8.489731359016234
5350	1.239043023225703	8.589003514253623
5400	1.2575311773734705	8.687997519198893
5450	1.2760843415772367	8.786727643564365
5500	1.2946979897815831	8.885207132318023
5550	1.313368024660191	8.98344829962811
5600	1.3320907274290434	9.081462612452546
5650	1.3508627145678556	9.179260765088845
5700	1.3696809003654027	9.276852745814015
5750	1.3885424643944275	9.374247896585599
5800	1.4074448231751824	9.471454966641465
5850	1.4263856054111308	9.568482160721917
5900	1.4453626302817886	9.665337182541556
5950	1.4643738883608137	9.762027274055136
6000	1.4834175247957724	9.858559250991533
6050	1.502491824442367	9.954939535069501
6100	1.521595198692785	10.051174183256729
6150	1.5407261737766638	10.147268914389091
6200	1.5599554385107706	10.243185044250376
6250	1.5827349617139659	10.33681242855658
6300	1.6055277859924133	10.430317198379933
6350	1.628333381893138	10.523703851996787
6400	1.651151252687239	10.61697665624871
6450	1.6739809316995515	10.710139661933516
6500	1.696821979902571	10.803196717942424
6550	1.7196739837442796	10.89615148426391
6600	1.7425365531834913	10.989007443961462
6650	1.7654093199097098	11.081767914220816
6700	1.7882919357273452	11.174436056552166
6750	1.8111840710866356	11.267014886223446
6800	1.8340854137457758	11.359507280993332
6850	1.8569956675505945	11.45191598920528
6900	1.8806922547603546	11.543159337103704
6950	1.9068554406981493	11.630893735322344
7000	1.93301972879282	11.71855699662519
7050	1.9591851816349422	11.806151193087508
7100	1.9853518566069943	11.893678312687026
7150	2.011519806257902	11.981140263710431
7200	2.0376890786485107	12.068538878876684
7250	2.063859717670484	12.155875919198412
7300	2.0900317633408996	12.243153077601288
7350	2.116205252074602	12.330371982319337
7400	2.1423802169362007	12.417534200082445
7450	2.1685566878733593	12.504641239111319
7500	2.1947346919329624	12.591694551933537
7550	2.220914253461522	12.678695538033386
7600	2.247095394291072	12.765645546347121
7650	2.2732781339117927	12.852545877614295
7700	2.299462489632284	12.93939778659497
7750	2.3256898571977627	13.026208068519619
7800	2.3539455486070153	13.113245472437107
7850	2.3822010543419623	13.200237063137921
7900	2.410456453126101	13.287183960168404
7950	2.4387118190193062	13.374087245302558
8000	2.466967221693008	13.460947964179141
8050	2.4952227266873566	13.54776712785184
8100	2.523478395651711	13.634545714258106
8150	2.551734286569664	13.721284669611542
8200	2.579990453969719	13.807984909722762
8250	2.608246949122636	13.894647321252855
8300	2.636503820226417	13.98127276290362
8350	2.6647611125797668	14.067862066548424
8400	2.6930188687448533	14.15441603830701
8450	2.7212771287001107	14.240935459567668
8500	2.749535929983737	14.327421087959802
8550	2.777795307828555	14.413873658279677
8600	2.806055295288779	14.500293883372132
8650	2.834315923359279	14.586682454970537
8700	2.8625772210877645	14.673040044497597
8750	2.8908392156804497	14.759367303828903
8800	2.919101932601513	14.84566486602147
8850	2.947365395666858	14.931933346009057
8900	2.979256032723587	15.01444779851082
8950	3.0116390195741456	15.096427861231158
9000	3.044019762563081	15.178382170758297
9050	3.0763983653995175	15.260311220969855
9100	3.108774927611458	15.342215492873443
9150	3.141149544731794	15.424095455032406
9200	3.173522308474949	15.505951563974527
9250	3.2058933069046143	15.587784264584435
9300	3.2382626245931463	15.669593990480447
9350	3.27063034277306	15.751381164376648
9400	3.3029965394810823	15.833146198430883
9450	3.335361289695171	15.914889494579212
9500	3.3677246654648854	15.996611444857573
9550	3.4000867360354703	16.0783124317111
9600	3.4324475679660127	16.159992828291756
9650	3.4648072252419784	16.241652998744836
9700	3.497165769382417	16.323293298484515
9750	3.5295232595421604	16.404914074459512
9800	3.561879752609231	16.486515665408586
9850	3.5942353032977428	16.568098402107
9900	3.6265899642365444	16.6496626076038
9950	3.658943786053764	16.73120859745058
10000	3.6912968174575456	16.812736679922022
10050	3.7236491053131133	16.894247156228644
10100	3.7560006947163673	16.975740320721844
10150	3.7883516290642234	17.05721646109191
10200	3.82070195012178	17.138675858558916
10250	3.853051698086567	17.220118788057157
10300	3.885400911649924	17.30154551841304
10350	3.9194801883795187	17.38145279145705
10400	3.956153545153517	17.459089648029178
10450	3.992824652401142	17.536711834855755
10500	4.0294935838777235	17.614319574190823
10550	4.066160411027162	17.69191308381049
10600	4.102825203062604	17.76949257712512
10650	4.139488027043885	17.847058263288208
10700	4.176148947951941	17.924610347302092
10750	4.2128080287603185	18.002149030120417
10800	4.249465330503859	18.079674508747726
10850	4.286120912344778	18.15718697633606
10900	4.322774831636136	18.23468662227872
10950	4.359427143982915	18.312173632301434
11000	4.396077903300769	18.389648188550726
11050	4.432727161872501	18.467110469679916
11100	4.469374970402442	18.544560650932514
11150	4.506021378068785	18.62199890422336
11200	4.542666432573944	18.699425398217357
11250	4.579310180193045	18.776840298406082
11300	4.61595266582064	18.854243767182183
11350	4.6525939330156465	18.931635963911685
11400	4.689234024044721	19.009017045004345
11450	4.725872979923961	19.08638716398203
11500	4.762510840459163	19.16374647154515
11550	4.799147644284565	19.241095115637325
11600	4.835783428900242	19.318433241508302
11650	4.872418230708137	19.39576099177513
11700	4.909052085046836	19.47307850648163
11750	4.945685026225032	19.550385923156348
11800	4.982317087553918	19.627683376868866
11850	5.018948301378341	19.70497100028467
11900	5.055578699106931	19.78224892371854
11950	5.09220831124114	19.85951727518651
12000	5.128837167403294	19.936776180456395
12050	5.165465296363666	20.014025763097152
12100	5.202092726066626	20.0912661445268
12150	5.23871948365588	20.168497444059124
12200	5.275345595498876	20.245719778949194
12250	5.311971087210327	20.322933264437715
12300	5.348595983675017	20.40013801379417
12350	5.3852203090697675	20.47733413835896
12400	5.421844086884698	20.554521747584293
12450	5.461731767618916	20.62847548753797
12500	5.5016181432978915	20.702421285222744
12550	5.54150324931374	20.776359235389428
12600	5.581387120171604	20.850289431313143
12650	5.62126978951403	20.92421196482138
12700	5.661151290144612	20.99812692632134
12750	5.701031654050884	21.072034404826866
12800	5.740910912426538	21.14593448798456
12850	5.780789095692952	21.21982726209954
12900	5.820666233520045	21.293712812160457
12950	5.860542354846516	21.367591221864032
13000	5.9004174878995075	21.441462573639136
13050	5.940291660213609	21.515326948670268
13100	5.980164898649327	21.58918442692047
13150	6.020037229411017	21.6630350871539
13200	6.059908678064253	21.736879006957793
13250	6.099779269552726	21.810716262764007
13300	6.139649028214568	21.88454692987012
13350	6.179517977798274	21.95837108245998
13400	6.2193861414781235	22.032188793624005
13450	6.259253541869143	22.10600013537883
13500	6.299120201041646	22.17980517868672
13550	6.338986140535358	22.253603993474467
13600	6.37885138137311	22.327396648651934
13650	6.418715944074161	22.4011832121302
13700	6.458579848667121	22.474963750839308
13750	6.498443114702542	22.548738330745707
13800	6.5395845158431465	22.621151657785855
13850	6.582643043185223	22.69152631081836
13900	6.6257004163480655	22.761895469741347
13950	6.668756661460665	22.832259190495357
14000	6.711811804092296	22.90261752829471
14050	6.754865869265599	22.972970537638712
14100	6.797918881469412	23.04331827232263
14150	6.840970864671208	23.113660785448346
14200	6.884021842329218	23.183998129435007
14250	6.927071837404279	23.25433035602947
14300	6.970120872371292	23.324657516316428
14350	7.013168969230496	23.394979660728502
14400	7.0562161495183355	23.465296839056155
14450	7.099262434318139	23.53560910045737
14500	7.142307844270486	23.605916493467223
14550	7.185352399583309	23.676219066007246
14600	7.228396120041743	23.746516865394682
14650	7.2714390250177265	23.816809938351604
14700	7.31448113347936	23.887098331013707
14750	7.35752246400003	23.957382088939262
14800	7.400563034767307	24.02766125711761
14850	7.443602863591596	24.097935879977676
14900	7.486641967914608	24.168206001396346
14950	7.529680364817598	24.238471664706648
15000	7.572718071029401	24.308732912705757
15050	7.61575510293426	24.378989787663016
15100	7.658791476579491	24.449242331327685
15150	7.701827207682926	24.519490584936616
15200	7.744862311640192	24.589734589221727
15250	7.787896803531792	24.659974384417552
15300	7.830930698130058	24.73021001026841
15350	7.8739640099058645	24.8004415060356
15400	7.9169967530352485	24.87066891050447
15450	7.960028941405824	24.940892261991323
15500	8.00306058862305	25.011111598350265
15550	8.051209144545078	25.076205147560692
15600	8.099356553750887	25.141295029071262
15650	8.147502836898477	25.206381273317287
15700	8.195648014280449	25.271463910432196
15750	8.243792105831025	25.336542970250445
15800	8.291935131132982	25.40161848231074
15850	8.340077109424396	25.466690475859075
15900	8.388218059605236	25.531758979851727
15950	8.436358000243883	25.596824022958344
16000	8.484496949583411	25.661885633564882
16050	8.532634925547814	25.726943839776578
16100	8.580771945748097	25.79199866942095
16150	8.628908027488173	25.857050150050657
16200	8.677043187770735	25.9220983089464
16250	8.725177443302913	25.987143173119858
16300	8.773310810501885	26.052184769316458
16350	8.821443305500319	26.117223124018228
16400	8.869574944151733	26.182258263446624
16450	8.917705742035736	26.24729021356524
16500	8.965835714463141	26.312319000082596
16550	9.013964876481023	26.377344648454876
16600	9.062093242877626	26.44236718388857
16650	9.110220828187154	26.507386631343174
16700	9.158347646694548	26.57240301553385
16750	9.206473712440058	26.637416360934033
16800	9.25459903922381	26.702426691777994
16850	9.302723640610232	26.767434032063456
16900	9.35084752993239	26.83243840555411
16950	9.39897072029628	26.89743983578218
17000	9.447093224584957	26.96243834605081
17050	9.495215055462653	27.027433959436653
17100	9.543336225378786	27.092426698792238
17150	9.591456746571874	27.157416586748415
17200	9.63957663107337	27.222403645716764
17250	9.687695890711455	27.2873878978919
17300	9.735814537114736	27.352369365253914
17350	9.783932581715815	27.417348069570586
17400	9.832050035754909	27.482324032399784
17450	9.880166910283277	27.54729727509166
17500	9.928283216166644	27.612267818790897
17550	9.976398964088549	27.677235684439026
17600	10.024514164553592	27.742200892776488
17650	10.072628827890684	27.8071634643449
17700	10.120742964256147	27.87212341948917
17750	10.171591368963758	27.93237445551869
17800	10.22312265018269	27.991446567085134
17850	10.27465308944832	28.050516376483113
17900	10.326182699392294	28.109583899051398
17950	10.377711492462115	28.168649150015288
18000	10.429239480924062	28.227712144487374
18050	10.480766676866018	28.28677289746815
18100	10.532293092200225	28.345831423846676
18150	10.583818738666077	28.404887738401357
18200	10.635343627832759	28.463941855800535
18250	10.686867771101953	28.522993790603262
18300	10.738391179710376	28.582043557259944
18350	10.789913864732403	28.64109117011305
18400	10.841435837082539	28.70013664339783
18450	10.892957107517903	28.759179991243
18500	10.944477686640683	28.818221227671422
18550	10.995997584900511	28.877260366600918
18600	11.047516812596811	28.936297421844756
18650	11.099035379881107	28.99533240711258
18700	11.150553296759334	29.05436533601102
18750	11.202070573094042	29.113396222044383
18800	11.253587218606578	29.172425078615376
18850	11.30510324287931	29.231451919025798
18900	11.356618655357693	29.290476756477315
18950	11.40813346535239	29.349499604072037
19000	11.459647682041334	29.408520474813336
19050	11.511161314471728	29.46753938160648
19100	11.562674371562062	29.52655633725936
19150	11.614186862104045	29.585571354483218
19200	11.665698794764541	29.644584445893305
19250	11.717210178087461	29.703595624009502
19300	11.768721020495645	29.762604901257273
19350	11.82023133029263	29.821612289967995
19400	11.87174111566454	29.880617802379962
19450	11.923250384681776	29.939621450638917
19500	11.974759145300823	29.998623246798758
19550	12.02626740536591	30.057623202822253
19600	12.077775172610746	30.11662133058169
19650	12.129282454660135	30.175617641859585
19700	12.180789259031647	30.23461214834934
19750	12.232295593137179	30.293604861655894
19800	12.283801464284581	30.352595793296455
19850	12.335306879679168	30.41158495470113
19900	12.386811846425296	30.47057235721357
19950	12.4383163715278	30.529558012091677
20000	12.489820461893547	30.58854193050823
20050	12.541324124063216	30.647524124188696
20100	12.592827364575284	30.706504604550375
20150	12.6443301900554	30.765483382498573
20200	12.695832607036827	30.824460468856305
20250	12.74733462196187	30.883435874364952
20300	12.798836241183189	30.94240960968488
20350	12.850337470965107	31.001381685396115
20400	12.901838317484952	31.060352111998945
20450	12.953338786834298	31.119320899914516
20500	13.004838885020229	31.17828805948553
20550	13.056338617966594	31.237253600976775
20600	13.10783799151521	31.29621753457579
20650	13.159337011427073	31.35517987039346
20700	13.21370549592923	31.4068910839811
20750	13.268790833301468	31.456788574096468
20800	13.323875548974847	31.506684757373613
20850	13.378959650213076	31.556579640123562
20900	13.434043144198263	31.606473228631067
20950	13.489126038031834	31.656365529154478
21000	13.544208338735576	31.70625654792577
21050	13.599290053252464	31.75614629115039
21100	13.654371188447648	31.80603476500724
21150	13.709451751109343	31.855921975648634
21200	13.764531747949736	31.905807929200165
21250	13.819611185605837	31.95569263176071
21300	13.874690070640419	32.00557608940242
21350	13.929768409542836	32.0554583081706
21400	13.984846208729921	32.105339294083755
21450	14.039923474546809	32.15521905313352
21500	14.095000213267717	32.205097591284584
21550	14.150076431096913	32.2549749144748
21600	14.205152134169367	32.304851028615055
21650	14.260227328551698	32.354725939589315
21700	14.315302020242882	32.40459965325457
21750	14.370376215175053	32.45447217544092
21800	14.425449919214328	32.504343511951454
21850	14.480523138161493	32.55421366856231
21900	14.535595877752868	32.604082651022765
21950	14.59066814366096	32.65395046505511
22000	14.64573994149524	32.70381711635471
22050	14.700811276802895	32.7536826105901
22100	14.755882155069514	32.803546953402844
22150	14.810952581719832	32.85341015040774
22200	14.866022562118415	32.90327220719273
22250	14.921092101570382	32.95313312931896
22300	14.976161205322052	33.00299292232083
22350	15.031229878561666	33.052851591705995
22400	15.08629812642003	33.102709142955426
22450	15.141365953971189	33.15256558152345
22500	15.19643336623311	33.20242091283783
22550	15.251500368168273	33.25227514229969
22600	15.306566964684354	33.30212827528372
22650	15.36163316063484	33.35198031713813
22700	15.416698960819666	33.40183127318468
22750	15.471764369985817	33.45168114871888
22800	15.526829392827958	33.501529949009814
22850	15.581894033988991	33.551377679300494
22900	15.636958298060726	33.60122434480758
22950	15.692022189584403	33.65106995072177
23000	15.747085713051272	33.70091450220762
23050	15.802148872903235	33.750758004403785
23100	15.857211673533342	33.80060046242293
23150	15.912274119286371	33.85044188135193
23200	15.967336214459404	33.900282266251885
23250	16.022397963302335	33.950121622158214
23300	16.07745937001845	33.999959954080644
23350	16.132520438764924	34.04979726700346
23400	16.187581173653385	34.09963356588539
23450	16.242641578750394	34.14946885565985
23500	16.297701658077987	34.19930314123487
23550	16.352761415614193	34.24913642749328
23600	16.40782085529349	34.298968719292816
23650	16.462879981007358	34.34880002146607
23700	16.517938796604728	34.39863033882072
23750	16.57299730589248	34.448459676139535
23800	16.628055512635925	34.49828803818045
23850	16.683113420559277	34.548115429676734
23900	16.73817103334609	34.59794185533699
23950	16.7932283546398	34.647767319845286
24000	16.848285388044083	34.69759182786128
24050	16.90334213712336	34.74741538402022
24100	16.958398605403225	34.79723799293313
24150	17.013454796370926	34.84705965918684
24200	17.068510713475717	34.89688038734414
24250	17.123566360129363	34.946700181943775
24300	17.178621739706557	34.996519047500676
24350	17.233676855545255	35.046336988505885
24400	17.288731710947207	35.096154009426854
24450	17.343786309178302	35.14597011470738
24500	17.398840653468973	35.19578530876773
24550	17.453894747014605	35.24559959600483
24600	17.508948592975948	35.29541298079227
24650	17.56400219447945	35.34522546748041
24700	17.61905555461773	35.395037060396554
24750	17.674108676449876	35.44484776384494
24800	17.72916156300189	35.49465758210695
24850	17.784214217266978	35.544466519441116
24900	17.839266642206	35.59427458008329
24950	17.8943188407478	35.64408176824667
25000	17.949370815789532	35.69388808812203
25050	18.00442257019707	35.743693543877654
25100	18.059474106805336	35.79349813965959
25150	18.114525428418606	35.84330187959161
25200	18.169576537810933	35.89310476777547
25250	18.22462743772641	35.94290680829088
25300	18.279678130879567	35.99270800519565
25350	18.334728619955612	36.04250836252585
25400	18.38977890761089	36.092307884295785
25450	18.44482899647304	36.142106574498214
25500	18.499878889141474	36.19190443710442
25550	18.5549285881876	36.2417014760643
25600	18.60997809615513	36.29149769530643
25650	18.66502741556044	36.34129309873829
25700	18.720076548892813	36.391087690246216
25750	18.77512549861478	36.440881473695605
25800	18.83017426716243	36.490674452930975
25850	18.88522285694564	36.5404666317761
25900	18.94027127034843	36.59025801403405
25950	18.995319509729207	36.6400486034874
26000	19.050367577421074	36.689838403898214
26050	19.10541547573209	36.73962741900821
26100	19.16046320694556	36.78941565253891
26150	19.21551077332031	36.83920310819161
26200	19.270558177090937	36.88898978964761
26250	19.325605420468094	36.93877570056823
26300	19.380652505638746	36.988560844594986
26350	19.435699434766427	37.03834522534963
26400	19.490746209991535	37.088128846434266
26450	19.54579283343149	37.13791171143148
26500	19.600839307181122	37.187693823904446
26550	19.655885633312785	37.237475187396946
26600	19.71093181387673	37.28725580543357
26650	19.76597785090122	37.33703568151974
26700	19.82102374639286	37.386814819141904
26750	19.876069502336804	37.436593221767495
26800	19.93111512069701	37.48637089284519
26850	19.986160603416433	37.53614783580489
26900	20.04120595241726	37.5859240540579
26950	20.09625116960121	37.63569955099695
27000	20.15129625684961	37.68547432999631
27050	20.206341216023784	37.73524839441203
27100	20.261386048965164	37.78502174758181
27150	20.316430757495517	37.83479439282526
27200	20.371475343417213	37.884566333443914
27250	20.426519808513387	37.93433757272142
27300	20.481564154548114	37.984108113923526
27350	20.536608383266724	38.03387796029826
27400	20.59165249639593	38.083647115075976
27450	20.64669649564401	38.13341558146951
27500	20.70174038270107	38.18318336267416
27550	20.756784159239213	38.232950461867965
27600	20.811827826912694	38.28271688221162
27650	20.86687138735819	38.33248262684866
27700	20.92191484219495	38.38224769890556
27750	20.97695819302491	38.43201210149178
27800	21.032001441433064	38.481775837699914
27850	21.087044588987435	38.53153891060577
27900	21.142087637239428	38.5813013232684
27950	21.197130587723887	38.63106307873028
28000	21.252173441959357	38.68082418001739
28050	21.307216201448217	38.73058463013924
28100	21.362258867676854	38.780344432089024
28150	21.41730144211585	38.8301035888437
28200	21.47234392622013	38.87986210336407
28250	21.527386321429198	38.929619978594864
28300	21.58242862916719	38.97937721746485
28350	21.63747085084311	39.029133822886934
28400	21.69251298785098	39.07888979775817
28450	21.747555041570035	39.12864514496001
28500	21.8025970133648	39.178399867358195
28550	21.857638904585308	39.22815396780298
28600	21.912680716567255	39.277907449129195
28650	21.9677224506321	39.327660314156326
28700	22.022764108087298	39.37741256568856
28750	22.07780569022637	39.42716420651493
28800	22.1328471983291	39.476915239409415
28850	22.18788863366167	39.526665667130935
28900	22.24292999747679	39.576415492423514
28950	22.297971291013877	39.626164718016355
29000	22.353012515499145	39.67591334662391
29050	22.40805367214579	39.72566138094598
29100	22.463094762154096	39.77540882366776
29150	22.51813578671161	39.82515567745997
29200	22.5731767469932	39.87490194497893
29250	22.62821764416131	39.9246476288666
29300	22.68325847936599	39.974392731750726
29350	22.738299253745033	40.024137256244856
29400	22.793339968424196	40.07388120494852
29450	22.848380624517198	40.12362458044718
29500	22.903421223125946	40.17336738531239
29550	22.958461765340633	40.2231096221019
29600	23.01350225223983	40.27285129335968
29650	23.06854268489065	40.32259240161601
29700	23.123583064348814	40.37233294938758
29750	23.178623391658874	40.42207293917756
29800	23.233663667854206	40.4718123734757
29850	23.28870389395721	40.52155125475832
29900	23.343744070979383	40.57128958548853
29950	23.398784199921483	40.62102736811616
30000	23.453824281773574	40.67076460507798
