280.0	1.6029	7.068E-6
285.0	1.6029	7.068E-6
290.0	1.6029	7.068E-6
295.0	1.6029	7.068E-6
300.0	1.6029	7.068E-6
305.0	1.6029	7.068E-6
310.0	1.6029	7.068E-6
315.0	1.6029	7.068E-6
320.0	1.6029	7.068E-6
325.0	1.6029	7.068E-6
330.0	1.6029	7.068E-6
335.0	1.6026	6.73032E-6
340.0	1.6012	5.04191E-6
345.0	1.5997	3.35351E-6
350.0	1.5982	1.6651E-6
355.0	1.5967	1.27887E-6
360.0	1.5955	8.92647E-7
365.0	1.5943	5.0642E-7
370.0	1.5931	3.4312E-7
375.0	1.5919	2.65115E-7
380.0	1.5908	1.8711E-7
385.0	1.5899	1.45625E-7
390.0	1.5889	1.0414E-7
395.0	1.5879	8.42235E-8
400.0	1.587	6.4307E-8
405.0	1.5861	5.526E-8
410.0	1.5853	5.1418E-8
415.0	1.5845	4.7576E-8
420.0	1.5837	4.3734E-8
425.0	1.583	4.31568E-8
430.0	1.5823	4.25796E-8
435.0	1.5817	4.20024E-8
440.0	1.581	4.1654E-8
445.0	1.5803	4.13628E-8
450.0	1.5798	4.10715E-8
455.0	1.5792	4.07803E-8
460.0	1.5786	4.0489E-8
465.0	1.578	3.8421E-8
470.0	1.5775	3.6353E-8
475.0	1.577	3.4285E-8
480.0	1.5765	3.2217E-8
485.0	1.576	3.0149E-8
490.0	1.5756	2.8081E-8
495.0	1.5751	2.6013E-8
500.0	1.5747	2.3945E-8
505.0	1.5743	2.32352E-8
510.0	1.5739	2.25254E-8
515.0	1.5735	2.18157E-8
520.0	1.5731	2.11059E-8
525.0	1.5727	2.03961E-8
530.0	1.5723	1.96863E-8
535.0	1.572	1.89765E-8
540.0	1.5717	1.82667E-8
545.0	1.5713	1.7557E-8
550.0	1.571	1.75425E-8
555.0	1.5707	1.77019E-8
560.0	1.5704	1.78614E-8
565.0	1.5701	1.80208E-8
570.0	1.5698	1.81802E-8
575.0	1.5695	1.83396E-8
580.0	1.5692	1.8499E-8
585.0	1.569	1.9278E-8
590.0	1.5687	2.0057E-8
595.0	1.5684	2.0836E-8
600.0	1.5682	2.1615E-8
605.0	1.568	2.2394E-8
610.0	1.5677	2.3173E-8
615.0	1.5675	2.3952E-8
620.0	1.5673	2.4731E-8
625.0	1.567	2.49304E-8
630.0	1.5668	2.51297E-8
635.0	1.5666	2.53291E-8
640.0	1.5664	2.55285E-8
645.0	1.5662	2.57279E-8
650.0	1.566	2.59272E-8
655.0	1.5658	2.61266E-8
660.0	1.5656	2.6326E-8
665.0	1.5654	2.51273E-8
670.0	1.5652	2.39285E-8
675.0	1.5651	2.27298E-8
680.0	1.5649	2.1531E-8
685.0	1.5647	2.03323E-8
690.0	1.5645	1.91335E-8
695.0	1.5644	1.79348E-8
700.0	1.5642	1.6736E-8
705.0	1.5641	1.70908E-8
710.0	1.5639	1.74456E-8
715.0	1.5637	1.78004E-8
720.0	1.5636	1.81552E-8
725.0	1.5634	1.851E-8
730.0	1.5633	1.88648E-8
735.0	1.5632	1.92196E-8
740.0	1.563	1.95744E-8
745.0	1.5629	1.99292E-8
750.0	1.5627	2.02841E-8
755.0	1.5626	2.06389E-8
760.0	1.5625	2.09937E-8
765.0	1.5623	2.13485E-8
770.0	1.5622	2.17033E-8
775.0	1.5621	2.20581E-8
780.0	1.562	2.24129E-8
785.0	1.5618	2.27677E-8
790.0	1.5617	2.31225E-8
795.0	1.5616	2.34773E-8
800.0	1.5615	2.38321E-8
805.0	1.5614	2.41869E-8
810.0	1.5612	2.45417E-8
815.0	1.5611	2.48965E-8
820.0	1.561	2.52513E-8
825.0	1.5609	2.56061E-8
830.0	1.5608	2.59609E-8
835.0	1.5607	2.63157E-8
840.0	1.5606	2.66706E-8
845.0	1.5605	2.70254E-8
850.0	1.5604	2.73802E-8
855.0	1.5603	2.7735E-8
860.0	1.5602	2.80898E-8
865.0	1.5601	2.84446E-8
870.0	1.56	2.87994E-8
875.0	1.5599	2.91542E-8
880.0	1.5598	2.9509E-8
885.0	1.5597	2.98638E-8
890.0	1.5596	3.02186E-8
895.0	1.5595	3.05734E-8
900.0	1.5594	3.09282E-8
905.0	1.5593	3.1283E-8
910.0	1.5592	3.16378E-8
915.0	1.5592	3.19926E-8
920.0	1.5591	3.23474E-8
925.0	1.559	3.27022E-8
930.0	1.5589	3.30571E-8
935.0	1.5588	3.34119E-8
940.0	1.5587	3.37667E-8
945.0	1.5586	3.41215E-8
950.0	1.5586	3.44763E-8
955.0	1.5585	3.48311E-8
960.0	1.5584	3.51859E-8
965.0	1.5583	3.55407E-8
970.0	1.5582	3.58955E-8
975.0	1.5581	3.62503E-8
980.0	1.5581	3.66051E-8
985.0	1.558	3.69599E-8
990.0	1.5579	3.73147E-8
995.0	1.5578	3.76695E-8
1000.0	1.5578	3.80243E-8
1005.0	1.5577	3.83791E-8
1010.0	1.5576	3.87339E-8
1015.0	1.5575	3.90887E-8
1020.0	1.5575	3.94436E-8
1025.0	1.5574	3.97984E-8
1030.0	1.5573	4.01532E-8
1035.0	1.5572	4.0508E-8
1040.0	1.5572	4.08628E-8
1045.0	1.5571	4.12176E-8
1050.0	1.557	4.15724E-8
1055.0	1.557	4.19272E-8
1060.0	1.5569	4.2282E-8
1065.0	1.5568	4.41849E-8
1070.0	1.5567	4.60877E-8
1075.0	1.5567	4.79906E-8
1080.0	1.5566	4.98934E-8
1085.0	1.5565	5.17963E-8
1090.0	1.5565	5.36991E-8
1095.0	1.5564	5.5602E-8
1100.0	1.5563	5.75048E-8
1105.0	1.5563	5.94077E-8
1110.0	1.5562	6.13105E-8
1115.0	1.5561	6.32134E-8
1120.0	1.5561	6.51162E-8
1125.0	1.556	6.70191E-8
1130.0	1.5559	6.89219E-8
1135.0	1.5559	7.08248E-8
1140.0	1.5558	7.27276E-8
1145.0	1.5557	7.46305E-8
1150.0	1.5557	7.65333E-8
1155.0	1.5556	7.84362E-8
1160.0	1.5555	8.0339E-8
1165.0	1.5555	8.22419E-8
1170.0	1.5554	8.41447E-8
1175.0	1.5553	8.60476E-8
1180.0	1.5553	8.79504E-8
1185.0	1.5552	8.98533E-8
1190.0	1.5552	9.17561E-8
1195.0	1.5551	9.3659E-8
1200.0	1.555	9.55618E-8
1205.0	1.555	9.74647E-8
1210.0	1.5549	9.93675E-8
1215.0	1.5548	1.0127E-7
1220.0	1.5548	1.03173E-7
1225.0	1.5547	1.05076E-7
1230.0	1.5547	1.06979E-7
1235.0	1.5546	1.08882E-7
1240.0	1.5545	1.10785E-7
1245.0	1.5545	1.12687E-7
1250.0	1.5544	1.1459E-7
1255.0	1.5544	1.16493E-7
1260.0	1.5543	1.18396E-7
1265.0	1.5542	1.20299E-7
1270.0	1.5542	1.22202E-7
1275.0	1.5541	1.24105E-7
1280.0	1.5541	1.26007E-7
1285.0	1.554	1.2791E-7
1290.0	1.5539	1.29813E-7
1295.0	1.5539	1.31716E-7
1300.0	1.5538	1.33619E-7
1305.0	1.5538	1.35522E-7
1310.0	1.5537	1.37425E-7
1315.0	1.5536	1.39327E-7
1320.0	1.5536	1.4123E-7
1325.0	1.5535	1.43133E-7
1330.0	1.5535	1.45036E-7
1335.0	1.5534	1.46939E-7
1340.0	1.5533	1.48842E-7
1345.0	1.5533	1.50745E-7
1350.0	1.5532	1.52647E-7
1355.0	1.5532	1.5455E-7
1360.0	1.5531	1.56453E-7
1365.0	1.553	1.58356E-7
1370.0	1.553	1.60259E-7
1375.0	1.5529	1.62162E-7
1380.0	1.5529	1.64064E-7
1385.0	1.5528	1.65967E-7
1390.0	1.5528	1.6787E-7
1395.0	1.5527	1.69773E-7
1400.0	1.5526	1.71676E-7
1405.0	1.5526	1.73579E-7
1410.0	1.5525	1.75482E-7
1415.0	1.5525	1.77384E-7
1420.0	1.5524	1.79287E-7
1425.0	1.5523	1.8119E-7
1430.0	1.5523	1.83093E-7
1435.0	1.5522	1.84996E-7
1440.0	1.5522	1.86899E-7
1445.0	1.5521	1.88802E-7
1450.0	1.552	1.90704E-7
1455.0	1.552	1.92607E-7
1460.0	1.5519	1.9451E-7
1465.0	1.5519	1.96413E-7
1470.0	1.5518	1.98316E-7
1475.0	1.5518	2.00219E-7
1480.0	1.5517	2.02121E-7
1485.0	1.5516	2.04024E-7
1490.0	1.5516	2.05927E-7
1495.0	1.5515	2.0783E-7
1500.0	1.5515	2.09733E-7
1505.0	1.5514	2.11636E-7
1510.0	1.5513	2.13539E-7
1515.0	1.5513	2.15441E-7
1520.0	1.5512	2.17344E-7
1525.0	1.5512	2.19247E-7
1530.0	1.5511	2.2115E-7
1535.0	1.551	2.37406E-7
1540.0	1.551	2.53662E-7
1545.0	1.5509	2.69919E-7
1550.0	1.5509	2.86175E-7
1555.0	1.5508	3.02431E-7
1560.0	1.5508	3.18687E-7
1565.0	1.5507	3.34944E-7
1570.0	1.5506	3.512E-7
1575.0	1.5506	3.67456E-7
1580.0	1.5505	3.83712E-7
1585.0	1.5505	3.99969E-7
1590.0	1.5504	4.16225E-7
1595.0	1.5503	4.32481E-7
1600.0	1.5503	4.48737E-7
1605.0	1.5502	4.64994E-7
1610.0	1.5502	4.8125E-7
1615.0	1.5501	4.97506E-7
1620.0	1.55	5.13762E-7
1625.0	1.55	5.30019E-7
1630.0	1.5499	5.46275E-7
1635.0	1.5499	5.62531E-7
1640.0	1.5498	5.78787E-7
1645.0	1.5497	5.95044E-7
1650.0	1.5497	6.113E-7
1655.0	1.5496	6.27556E-7
1660.0	1.5496	6.43812E-7
1665.0	1.5495	6.60069E-7
1670.0	1.5494	6.76325E-7
1675.0	1.5494	6.92581E-7
1680.0	1.5493	7.08837E-7
1685.0	1.5493	7.25094E-7
1690.0	1.5492	7.4135E-7
1695.0	1.5491	7.57606E-7
1700.0	1.5491	7.73862E-7
1705.0	1.549	7.90119E-7
1710.0	1.5489	8.06375E-7
1715.0	1.5489	8.22631E-7
1720.0	1.5488	8.38887E-7
1725.0	1.5488	8.55144E-7
1730.0	1.5487	8.714E-7
1735.0	1.5486	8.87656E-7
1740.0	1.5486	9.03912E-7
1745.0	1.5485	9.20169E-7
1750.0	1.5485	9.36425E-7
1755.0	1.5484	9.52681E-7
1760.0	1.5483	9.68937E-7
1765.0	1.5483	9.85194E-7
1770.0	1.5482	1.00145E-6
1775.0	1.5481	1.01771E-6
1780.0	1.5481	1.03396E-6
1785.0	1.548	1.05022E-6
1790.0	1.548	1.06647E-6
1795.0	1.5479	1.08273E-6
1800.0	1.5478	1.09899E-6
1805.0	1.5478	1.11524E-6
1810.0	1.5477	1.1315E-6
1815.0	1.5476	1.14776E-6
1820.0	1.5476	1.16401E-6
1825.0	1.5475	1.18027E-6
1830.0	1.5474	1.19652E-6
1835.0	1.5474	1.21278E-6
1840.0	1.5471	1.22904E-6
1845.0	1.5471	1.24529E-6
1850.0	1.5471	1.26155E-6
1855.0	1.5471	1.27781E-6
1860.0	1.5471	1.29406E-6
1865.0	1.547	1.31032E-6
1870.0	1.5469	1.32657E-6
1875.0	1.5469	1.34283E-6
1880.0	1.5468	1.35909E-6
1885.0	1.5467	1.37534E-6
1890.0	1.5467	1.3916E-6
1895.0	1.5466	1.40786E-6
1900.0	1.5465	1.42411E-6
1905.0	1.5465	1.44037E-6
1910.0	1.5464	1.45662E-6
1915.0	1.5463	1.47288E-6
1920.0	1.5463	1.48914E-6
1925.0	1.5462	1.50539E-6
1930.0	1.5461	1.52165E-6
1935.0	1.5461	1.53791E-6
1940.0	1.546	1.55416E-6
1945.0	1.5459	1.57042E-6
1950.0	1.5459	1.58667E-6
1955.0	1.5458	1.60293E-6
1960.0	1.5457	1.61919E-6
1965.0	1.5457	1.63544E-6
1970.0	1.5456	1.6517E-6
1975.0	1.5455	1.71769E-6
1980.0	1.5455	1.78367E-6
1985.0	1.5454	1.84966E-6
1990.0	1.5453	1.91564E-6
1995.0	1.5453	1.98163E-6
2000.0	1.5452	2.04762E-6
2005.0	1.5451	2.1136E-6
2010.0	1.5451	2.17959E-6
2015.0	1.545	2.24557E-6
2020.0	1.5449	2.31156E-6
2025.0	1.5449	2.37755E-6
2030.0	1.5448	2.44353E-6
2035.0	1.5447	2.50952E-6
2040.0	1.5447	2.5755E-6
2045.0	1.5446	2.64149E-6
2050.0	1.5445	2.70747E-6
2055.0	1.5445	2.77346E-6
2060.0	1.5444	2.83945E-6
2065.0	1.5443	2.90543E-6
2070.0	1.5442	2.97142E-6
2075.0	1.5442	3.0374E-6
2080.0	1.5441	3.10339E-6
2085.0	1.544	3.16938E-6
2090.0	1.544	3.23536E-6
2095.0	1.5439	3.30135E-6
2100.0	1.5438	3.36733E-6
2105.0	1.5438	3.43332E-6
2110.0	1.5437	3.49931E-6
2115.0	1.5436	3.56529E-6
2120.0	1.5435	3.63128E-6
2125.0	1.5435	3.69726E-6
2130.0	1.5434	3.76325E-6
2135.0	1.5433	3.82924E-6
2140.0	1.5432	3.89522E-6
2145.0	1.5432	3.96121E-6
2150.0	1.5431	4.02719E-6
2155.0	1.543	4.09318E-6
2160.0	1.543	4.15916E-6
2165.0	1.5429	4.22515E-6
2170.0	1.5428	4.29114E-6
2175.0	1.5427	4.35712E-6
2180.0	1.5427	4.42311E-6
2185.0	1.5426	4.48909E-6
2190.0	1.5425	4.55508E-6
2195.0	1.5425	4.62107E-6
2200.0	1.5424	4.68705E-6
2205.0	1.5423	4.75304E-6
2210.0	1.5422	4.81902E-6
2215.0	1.5422	4.88501E-6
2220.0	1.5421	4.951E-6
2225.0	1.542	5.01698E-6
2230.0	1.5419	5.08297E-6
2235.0	1.5419	5.14895E-6
2240.0	1.5418	5.21494E-6
2245.0	1.5417	5.28093E-6
2250.0	1.5416	5.34691E-6
2255.0	1.5416	5.4129E-6
2260.0	1.5415	5.47888E-6
2265.0	1.5414	5.54487E-6
2270.0	1.5413	5.61085E-6
2275.0	1.5412	5.67684E-6
2280.0	1.5412	5.74283E-6
2285.0	1.5411	5.80881E-6
2290.0	1.541	5.8748E-6
2295.0	1.5409	5.94078E-6
2300.0	1.5409	6.00677E-6
2305.0	1.5408	6.07276E-6
2310.0	1.5407	6.13874E-6
2315.0	1.5406	6.20473E-6
2320.0	1.5406	6.27071E-6
2325.0	1.5405	6.3367E-6
2330.0	1.5404	6.50591E-6
2335.0	1.5403	6.67512E-6
2340.0	1.5402	6.84433E-6
2345.0	1.5402	7.01353E-6
2350.0	1.5401	7.18274E-6
2355.0	1.54	7.35195E-6
2360.0	1.5399	7.52116E-6
2365.0	1.5398	7.69037E-6
2370.0	1.5398	7.85958E-6
2375.0	1.5397	8.02879E-6
2380.0	1.5396	8.19799E-6
2385.0	1.5395	8.3672E-6
2390.0	1.5395	8.53641E-6
2395.0	1.5393	8.70562E-6
2400.0	1.5393	8.87483E-6
2405.0	1.5392	9.04404E-6
2410.0	1.5391	9.21325E-6
2415.0	1.539	9.38245E-6
2420.0	1.5389	9.55166E-6
2425.0	1.5389	9.72087E-6
2430.0	1.5388	9.89008E-6
2435.0	1.5387	1.00593E-5
2440.0	1.5386	1.02285E-5
2445.0	1.5385	1.03977E-5
2450.0	1.5385	1.05669E-5
2455.0	1.5384	1.07361E-5
2460.0	1.5383	1.09053E-5
2465.0	1.5382	1.10745E-5
2470.0	1.5381	1.12437E-5
2475.0	1.5381	1.1413E-5
2480.0	1.5379	1.15822E-5
2485.0	1.5379	1.17514E-5
2490.0	1.5378	1.19206E-5
2495.0	1.5377	1.20898E-5
2500.0	1.5376	1.2259E-5
