280.0	1.587301355	1.7387E-6
285.0	1.583472082	1.7387E-6
290.0	1.579976145	1.7387E-6
295.0	1.576769129	1.7387E-6
300.0	1.57381468	1.7387E-6
305.0	1.571082681	1.7387E-6
310.0	1.568547909	1.7387E-6
315.0	1.56618904	1.7387E-6
320.0	1.563987882	1.7387E-6
325.0	1.561928802	1.7387E-6
330.0	1.559998266	1.7387E-6
335.0	1.558184483	1.7387E-6
340.0	1.556477121	1.7387E-6
345.0	1.55486708	1.7387E-6
350.0	1.553346303	1.7387E-6
355.0	1.551907626	1.3085E-6
360.0	1.550544653	8.7828E-7
365.0	1.54925165	4.4807E-7
370.0	1.548023462	3.0782E-7
375.0	1.546855436	2.3122E-7
380.0	1.545743359	1.5462E-7
385.0	1.544683409	1.1572E-7
390.0	1.543672106	7.6813E-8
395.0	1.542706275	6.1088E-8
400.0	1.541783012	4.5362E-8
405.0	1.540899656	3.2639E-8
410.0	1.540053761	2.8494E-8
415.0	1.539243078	2.435E-8
420.0	1.538465532	2.0205E-8
425.0	1.537719208	1.9127E-8
430.0	1.537002331	1.8049E-8
435.0	1.53631326	1.6971E-8
440.0	1.535650469	1.6415E-8
445.0	1.53501254	1.599E-8
450.0	1.534398156	1.5566E-8
455.0	1.533806086	1.5141E-8
460.0	1.533235184	1.4716E-8
465.0	1.532684377	1.4074E-8
470.0	1.532152663	1.3432E-8
475.0	1.531639104	1.2789E-8
480.0	1.531142819	1.2147E-8
485.0	1.530662982	1.1505E-8
490.0	1.530198819	1.0863E-8
495.0	1.5297496	1.022E-8
500.0	1.529314639	9.5781E-9
505.0	1.528893288	9.2942E-9
510.0	1.52848494	9.0102E-9
515.0	1.528089019	8.7263E-9
520.0	1.527704982	8.4423E-9
525.0	1.527332316	8.1584E-9
530.0	1.526970535	7.8744E-9
535.0	1.526619182	7.5905E-9
540.0	1.526277821	7.3065E-9
545.0	1.525946039	7.0226E-9
550.0	1.525623447	7.0168E-9
555.0	1.525309673	7.0806E-9
560.0	1.525004364	7.1444E-9
565.0	1.524707187	7.2082E-9
570.0	1.524417822	7.272E-9
575.0	1.524135968	7.3358E-9
580.0	1.523861337	7.3996E-9
585.0	1.523593653	7.9593E-9
590.0	1.523332656	8.5189E-9
595.0	1.523078096	9.0786E-9
600.0	1.522829735	9.6383E-9
605.0	1.522587348	1.0198E-8
610.0	1.522350716	1.0758E-8
615.0	1.522119633	1.1317E-8
620.0	1.521893902	1.1877E-8
625.0	1.521673333	1.1709E-8
630.0	1.521457745	1.1541E-8
635.0	1.521246965	1.1372E-8
640.0	1.521040828	1.1204E-8
645.0	1.520839174	1.1036E-8
650.0	1.520641853	1.0868E-8
655.0	1.520448717	1.0699E-8
660.0	1.520259627	1.0531E-8
665.0	1.520074449	1.0051E-8
670.0	1.519893054	9.5719E-9
675.0	1.519715318	9.0924E-9
680.0	1.519541124	8.6128E-9
685.0	1.519370356	8.1333E-9
690.0	1.519202906	7.6537E-9
695.0	1.519038668	7.1742E-9
700.0	1.51887754	6.6946E-9
705.0	1.518719425	6.8365E-9
710.0	1.51856423	6.9784E-9
715.0	1.518411864	7.1204E-9
720.0	1.51826224	7.2623E-9
725.0	1.518115274	7.4042E-9
730.0	1.517970886	7.5461E-9
735.0	1.517828998	7.6881E-9
740.0	1.517689534	7.83E-9
745.0	1.517552424	7.9719E-9
750.0	1.517417595	8.1138E-9
755.0	1.517284983	8.2557E-9
760.0	1.517154521	8.3977E-9
765.0	1.517026146	8.5396E-9
770.0	1.516899799	8.6815E-9
775.0	1.51677542	8.8234E-9
780.0	1.516652953	8.9654E-9
785.0	1.516532344	9.1073E-9
790.0	1.51641354	9.2492E-9
795.0	1.516296489	9.3911E-9
800.0	1.516181142	9.533E-9
805.0	1.516067451	9.675E-9
810.0	1.515955371	9.8169E-9
815.0	1.515844856	9.9588E-9
820.0	1.515735863	1.0101E-8
825.0	1.51562835	1.0243E-8
830.0	1.515522276	1.0385E-8
835.0	1.515417603	1.0526E-8
840.0	1.515314291	1.0668E-8
845.0	1.515212305	1.081E-8
850.0	1.515111608	1.0952E-8
855.0	1.515012165	1.1094E-8
860.0	1.514913943	1.1236E-8
865.0	1.514816909	1.1378E-8
870.0	1.514721032	1.152E-8
875.0	1.51462628	1.1662E-8
880.0	1.514532624	1.1804E-8
885.0	1.514440035	1.1946E-8
890.0	1.514348485	1.2088E-8
895.0	1.514257946	1.223E-8
900.0	1.514168392	1.2371E-8
905.0	1.514079797	1.2513E-8
910.0	1.513992137	1.2655E-8
915.0	1.513905386	1.2797E-8
920.0	1.513819521	1.2939E-8
925.0	1.51373452	1.3081E-8
930.0	1.51365036	1.3223E-8
935.0	1.513567018	1.3365E-8
940.0	1.513484475	1.3507E-8
945.0	1.513402709	1.3649E-8
950.0	1.513321701	1.3791E-8
955.0	1.51324143	1.3933E-8
960.0	1.513161879	1.4075E-8
965.0	1.513083028	1.4216E-8
970.0	1.513004861	1.4358E-8
975.0	1.512927358	1.45E-8
980.0	1.512850504	1.4642E-8
985.0	1.512774281	1.4784E-8
990.0	1.512698674	1.4926E-8
995.0	1.512623666	1.5068E-8
1000.0	1.512549244	1.521E-8
1005.0	1.51247539	1.5352E-8
1010.0	1.512402092	1.5494E-8
1015.0	1.512329335	1.5636E-8
1020.0	1.512257104	1.5778E-8
1025.0	1.512185387	1.592E-8
1030.0	1.512114171	1.6061E-8
1035.0	1.512043442	1.6203E-8
1040.0	1.511973188	1.6345E-8
1045.0	1.511903397	1.6487E-8
1050.0	1.511834057	1.6629E-8
1055.0	1.511765156	1.6771E-8
1060.0	1.511696683	1.6913E-8
1065.0	1.511628627	1.7727E-8
1070.0	1.511560977	1.8541E-8
1075.0	1.511493722	1.9355E-8
1080.0	1.511426853	2.0169E-8
1085.0	1.511360359	2.0983E-8
1090.0	1.51129423	2.1797E-8
1095.0	1.511228457	2.2611E-8
1100.0	1.511163031	2.3424E-8
1105.0	1.511097941	2.4238E-8
1110.0	1.51103318	2.5052E-8
1115.0	1.510968738	2.5866E-8
1120.0	1.510904607	2.668E-8
1125.0	1.510840778	2.7494E-8
1130.0	1.510777244	2.8308E-8
1135.0	1.510713997	2.9122E-8
1140.0	1.510651028	2.9936E-8
1145.0	1.510588329	3.075E-8
1150.0	1.510525894	3.1564E-8
1155.0	1.510463716	3.2378E-8
1160.0	1.510401786	3.3192E-8
1165.0	1.510340098	3.4006E-8
1170.0	1.510278645	3.482E-8
1175.0	1.510217421	3.5634E-8
1180.0	1.510156418	3.6447E-8
1185.0	1.510095631	3.7261E-8
1190.0	1.510035052	3.8075E-8
1195.0	1.509974677	3.8889E-8
1200.0	1.509914499	3.9703E-8
1205.0	1.509854511	4.0517E-8
1210.0	1.509794709	4.1331E-8
1215.0	1.509735087	4.2145E-8
1220.0	1.509675638	4.2959E-8
1225.0	1.509616358	4.3773E-8
1230.0	1.509557241	4.4587E-8
1235.0	1.509498282	4.5401E-8
1240.0	1.509439476	4.6215E-8
1245.0	1.509380818	4.7029E-8
1250.0	1.509322303	4.7843E-8
1255.0	1.509263926	4.8657E-8
1260.0	1.509205682	4.947E-8
1265.0	1.509147568	5.0284E-8
1270.0	1.509089577	5.1098E-8
1275.0	1.509031706	5.1912E-8
1280.0	1.508973951	5.2726E-8
1285.0	1.508916307	5.354E-8
1290.0	1.50885877	5.4354E-8
1295.0	1.508801336	5.5168E-8
1300.0	1.508744	5.5982E-8
1305.0	1.50868676	5.6796E-8
1310.0	1.50862961	5.761E-8
1315.0	1.508572547	5.8424E-8
1320.0	1.508515568	5.9238E-8
1325.0	1.508458669	6.0052E-8
1330.0	1.508401845	6.0866E-8
1335.0	1.508345094	6.1679E-8
1340.0	1.508288413	6.2493E-8
1345.0	1.508231797	6.3307E-8
1350.0	1.508175243	6.4121E-8
1355.0	1.508118748	6.4935E-8
1360.0	1.508062309	6.5749E-8
1365.0	1.508005922	6.6563E-8
1370.0	1.507949585	6.7377E-8
1375.0	1.507893294	6.8191E-8
1380.0	1.507837047	6.9005E-8
1385.0	1.50778084	6.9819E-8
1390.0	1.50772467	7.0633E-8
1395.0	1.507668535	7.1447E-8
1400.0	1.507612432	7.2261E-8
1405.0	1.507556358	7.3075E-8
1410.0	1.507500311	7.3889E-8
1415.0	1.507444287	7.4702E-8
1420.0	1.507388284	7.5516E-8
1425.0	1.507332299	7.633E-8
1430.0	1.507276331	7.7144E-8
1435.0	1.507220376	7.7958E-8
1440.0	1.507164432	7.8772E-8
1445.0	1.507108496	7.9586E-8
1450.0	1.507052566	8.04E-8
1455.0	1.506996641	8.1214E-8
1460.0	1.506940717	8.2028E-8
1465.0	1.506884792	8.2842E-8
1470.0	1.506828864	8.3656E-8
1475.0	1.506772932	8.447E-8
1480.0	1.506716991	8.5284E-8
1485.0	1.506661042	8.6098E-8
1490.0	1.506605081	8.6912E-8
1495.0	1.506549106	8.7725E-8
1500.0	1.506493116	8.8539E-8
1505.0	1.506437108	8.9353E-8
1510.0	1.506381081	9.0167E-8
1515.0	1.506325032	9.0981E-8
1520.0	1.50626896	9.1795E-8
1525.0	1.506212863	9.2609E-8
1530.0	1.506156738	9.3423E-8
1535.0	1.506100585	1.1382E-7
1540.0	1.506044401	1.3421E-7
1545.0	1.505988184	1.5461E-7
1550.0	1.505931934	1.75E-7
1555.0	1.505875647	1.9539E-7
1560.0	1.505819323	2.1579E-7
1565.0	1.505762959	2.3618E-7
1570.0	1.505706555	2.5658E-7
1575.0	1.505650108	2.7697E-7
1580.0	1.505593617	2.9736E-7
1585.0	1.50553708	3.1776E-7
1590.0	1.505480496	3.3815E-7
1595.0	1.505423863	3.5855E-7
1600.0	1.505367181	3.7894E-7
1605.0	1.505310446	3.9933E-7
1610.0	1.505253658	4.1973E-7
1615.0	1.505196815	4.4012E-7
1620.0	1.505139917	4.6052E-7
1625.0	1.50508296	4.8091E-7
1630.0	1.505025945	5.013E-7
1635.0	1.50496887	5.217E-7
1640.0	1.504911733	5.4209E-7
1645.0	1.504854533	5.6249E-7
1650.0	1.504797269	5.8288E-7
1655.0	1.50473994	6.0327E-7
1660.0	1.504682544	6.2367E-7
1665.0	1.504625079	6.4406E-7
1670.0	1.504567545	6.6446E-7
1675.0	1.504509941	6.8485E-7
1680.0	1.504452265	7.0524E-7
1685.0	1.504394516	7.2564E-7
1690.0	1.504336693	7.4603E-7
1695.0	1.504278794	7.6643E-7
1700.0	1.504220819	7.8682E-7
1705.0	1.504162767	8.0721E-7
1710.0	1.504104636	8.2761E-7
1715.0	1.504046424	8.48E-7
1720.0	1.503988132	8.684E-7
1725.0	1.503929758	8.8879E-7
1730.0	1.503871301	9.0919E-7
1735.0	1.503812759	9.2958E-7
1740.0	1.503754133	9.4997E-7
1745.0	1.50369542	9.7037E-7
1750.0	1.503636619	9.9076E-7
1755.0	1.503577731	1.0112E-6
1760.0	1.503518753	1.0315E-6
1765.0	1.503459685	1.0519E-6
1770.0	1.503400525	1.0723E-6
1775.0	1.503341274	1.0927E-6
1780.0	1.503281929	1.1131E-6
1785.0	1.50322249	1.1335E-6
1790.0	1.503162956	1.1539E-6
1795.0	1.503103326	1.1743E-6
1800.0	1.503043598	1.1947E-6
1805.0	1.502983774	1.2151E-6
1810.0	1.50292385	1.2355E-6
1815.0	1.502863827	1.2559E-6
1820.0	1.502803703	1.2763E-6
1825.0	1.502743478	1.2967E-6
1830.0	1.502683151	1.3171E-6
1835.0	1.50262272	1.3375E-6
1840.0	1.502562186	1.3579E-6
1845.0	1.502501547	1.3782E-6
1850.0	1.502440803	1.3986E-6
1855.0	1.502379952	1.419E-6
1860.0	1.502318994	1.4394E-6
1865.0	1.502257927	1.4598E-6
1870.0	1.502196752	1.4802E-6
1875.0	1.502135468	1.5006E-6
1880.0	1.502074073	1.521E-6
1885.0	1.502012567	1.5414E-6
1890.0	1.501950949	1.5618E-6
1895.0	1.501889219	1.5822E-6
1900.0	1.501827375	1.6026E-6
1905.0	1.501765417	1.623E-6
1910.0	1.501703344	1.6434E-6
1915.0	1.501641156	1.6638E-6
1920.0	1.501578851	1.6842E-6
1925.0	1.501516429	1.7046E-6
1930.0	1.501453889	1.7249E-6
1935.0	1.501391231	1.7453E-6
1940.0	1.501328454	1.7657E-6
1945.0	1.501265557	1.7861E-6
1950.0	1.50120254	1.8065E-6
1955.0	1.501139401	1.8269E-6
1960.0	1.501076141	1.8473E-6
1965.0	1.501012757	1.8677E-6
1970.0	1.500949251	1.8881E-6
1975.0	1.500885621	1.9495E-6
1980.0	1.500821866	2.0109E-6
1985.0	1.500757986	2.0722E-6
1990.0	1.500693981	2.1336E-6
1995.0	1.500629849	2.195E-6
2000.0	1.500565589	2.2564E-6
2005.0	1.500501202	2.3178E-6
2010.0	1.500436687	2.3791E-6
2015.0	1.500372043	2.4405E-6
2020.0	1.500307269	2.5019E-6
2025.0	1.500242366	2.5633E-6
2030.0	1.500177331	2.6246E-6
2035.0	1.500112165	2.686E-6
2040.0	1.500046867	2.7474E-6
2045.0	1.499981436	2.8088E-6
2050.0	1.499915873	2.8702E-6
2055.0	1.499850175	2.9315E-6
2060.0	1.499784344	2.9929E-6
2065.0	1.499718377	3.0543E-6
2070.0	1.499652275	3.1157E-6
2075.0	1.499586037	3.1771E-6
2080.0	1.499519662	3.2384E-6
2085.0	1.499453151	3.2998E-6
2090.0	1.499386501	3.3612E-6
2095.0	1.499319713	3.4226E-6
2100.0	1.499252787	3.484E-6
2105.0	1.499185721	3.5453E-6
2110.0	1.499118515	3.6067E-6
2115.0	1.499051169	3.6681E-6
2120.0	1.498983682	3.7295E-6
2125.0	1.498916053	3.7908E-6
2130.0	1.498848282	3.8522E-6
2135.0	1.498780369	3.9136E-6
2140.0	1.498712313	3.975E-6
2145.0	1.498644113	4.0364E-6
2150.0	1.498575769	4.0977E-6
2155.0	1.49850728	4.1591E-6
2160.0	1.498438646	4.2205E-6
2165.0	1.498369866	4.2819E-6
2170.0	1.498300941	4.3433E-6
2175.0	1.498231868	4.4046E-6
2180.0	1.498162649	4.466E-6
2185.0	1.498093281	4.5274E-6
2190.0	1.498023766	4.5888E-6
2195.0	1.497954102	4.6501E-6
2200.0	1.497884288	4.7115E-6
2205.0	1.497814325	4.7729E-6
2210.0	1.497744212	4.8343E-6
2215.0	1.497673948	4.8957E-6
2220.0	1.497603533	4.957E-6
2225.0	1.497532967	5.0184E-6
2230.0	1.497462248	5.0798E-6
2235.0	1.497391377	5.1412E-6
2240.0	1.497320353	5.2026E-6
2245.0	1.497249175	5.2639E-6
2250.0	1.497177844	5.3253E-6
2255.0	1.497106358	5.3867E-6
2260.0	1.497034716	5.4481E-6
2265.0	1.49696292	5.5095E-6
2270.0	1.496890968	5.5708E-6
2275.0	1.496818859	5.6322E-6
2280.0	1.496746594	5.6936E-6
2285.0	1.496674171	5.755E-6
2290.0	1.496601591	5.8163E-6
2295.0	1.496528853	5.8777E-6
2300.0	1.496455956	5.9391E-6
2305.0	1.4963829	6.0005E-6
2310.0	1.496309684	6.0619E-6
2315.0	1.496236309	6.1232E-6
2320.0	1.496162773	6.1846E-6
2325.0	1.496089077	6.246E-6
2330.0	1.496015219	6.3413E-6
2335.0	1.495941199	6.4366E-6
2340.0	1.495867017	6.5318E-6
2345.0	1.495792673	6.6271E-6
2350.0	1.495718165	6.7224E-6
2355.0	1.495643494	6.8177E-6
2360.0	1.495568659	6.913E-6
2365.0	1.49549366	7.0083E-6
2370.0	1.495418496	7.1035E-6
2375.0	1.495343167	7.1988E-6
2380.0	1.495267672	7.2941E-6
2385.0	1.495192011	7.3894E-6
2390.0	1.495116183	7.4847E-6
2395.0	1.495040189	7.58E-6
2400.0	1.494964027	7.6752E-6
2405.0	1.494887697	7.7705E-6
2410.0	1.494811199	7.8658E-6
2415.0	1.494734533	7.9611E-6
2420.0	1.494657697	8.0564E-6
2425.0	1.494580692	8.1517E-6
2430.0	1.494503517	8.2469E-6
2435.0	1.494426172	8.3422E-6
2440.0	1.494348655	8.4375E-6
2445.0	1.494270968	8.5328E-6
2450.0	1.494193109	8.6281E-6
2455.0	1.494115078	8.7234E-6
2460.0	1.494036874	8.8186E-6
2465.0	1.493958498	8.9139E-6
2470.0	1.493879948	9.0092E-6
2475.0	1.493801225	9.1045E-6
2480.0	1.493722328	9.1998E-6
2485.0	1.493643256	9.2951E-6
2490.0	1.493564009	9.3903E-6
2495.0	1.493484587	9.4856E-6
2500.0	1.493404989	9.5809E-6
