280	1.587301355	1.7387E-06
285	1.583472082	1.7387E-06
290	1.579976145	1.7387E-06
295	1.576769129	1.7387E-06
300	1.57381468	1.7387E-06
305	1.571082681	1.7387E-06
310	1.568547909	1.7387E-06
315	1.56618904	1.7387E-06
320	1.563987882	1.7387E-06
325	1.561928802	1.7387E-06
330	1.559998266	1.7387E-06
335	1.558184483	1.7387E-06
340	1.556477121	1.7387E-06
345	1.55486708	1.7387E-06
350	1.553346303	1.7387E-06
355	1.551907626	1.30849E-06
360	1.550544653	8.7828E-07
365	1.54925165	4.4807E-07
370	1.548023462	3.0782E-07
375	1.546855436	2.3122E-07
380	1.545743359	1.5462E-07
385	1.544683409	1.15717E-07
390	1.543672106	7.6813E-08
395	1.542706275	6.10875E-08
400	1.541783012	4.5362E-08
405	1.540899656	3.2639E-08
410	1.540053761	2.84943E-08
415	1.539243078	2.43497E-08
420	1.538465532	2.0205E-08
425	1.537719208	1.91269E-08
430	1.537002331	1.80488E-08
435	1.53631326	1.69706E-08
440	1.535650469	1.64152E-08
445	1.53501254	1.59904E-08
450	1.534398156	1.55656E-08
455	1.533806086	1.51408E-08
460	1.533235184	1.4716E-08
465	1.532684377	1.40738E-08
470	1.532152663	1.34315E-08
475	1.531639104	1.27893E-08
480	1.531142819	1.21471E-08
485	1.530662982	1.15048E-08
490	1.530198819	1.08626E-08
495	1.5297496	1.02203E-08
500	1.529314639	9.5781E-09
505	1.528893288	9.29415E-09
510	1.52848494	9.01021E-09
515	1.528089019	8.72626E-09
520	1.527704982	8.44232E-09
525	1.527332316	8.15837E-09
530	1.526970535	7.87443E-09
535	1.526619182	7.59048E-09
540	1.526277821	7.30653E-09
545	1.525946039	7.02259E-09
550	1.525623447	7.01684E-09
555	1.525309673	7.08063E-09
560	1.525004364	7.14442E-09
565	1.524707187	7.20822E-09
570	1.524417822	7.27201E-09
575	1.524135968	7.33581E-09
580	1.523861337	7.3996E-09
585	1.523593653	7.95927E-09
590	1.523332656	8.51895E-09
595	1.523078096	9.07862E-09
600	1.522829735	9.6383E-09
605	1.522587348	1.0198E-08
610	1.522350716	1.07576E-08
615	1.522119633	1.13173E-08
620	1.521893902	1.1877E-08
625	1.521673333	1.17088E-08
630	1.521457745	1.15405E-08
635	1.521246965	1.13723E-08
640	1.521040828	1.1204E-08
645	1.520839174	1.10358E-08
650	1.520641853	1.08675E-08
655	1.520448717	1.06993E-08
660	1.520259627	1.0531E-08
665	1.520074449	1.00515E-08
670	1.519893054	9.5719E-09
675	1.519715318	9.09235E-09
680	1.519541124	8.6128E-09
685	1.519370356	8.13325E-09
690	1.519202906	7.6537E-09
695	1.519038668	7.17415E-09
700	1.51887754	6.6946E-09
705	1.518719425	6.83652E-09
710	1.51856423	6.97844E-09
715	1.518411864	7.12037E-09
720	1.51826224	7.26229E-09
725	1.518115274	7.40421E-09
730	1.517970886	7.54613E-09
735	1.517828998	7.68806E-09
740	1.517689534	7.82998E-09
745	1.517552424	7.9719E-09
750	1.517417595	8.11382E-09
755	1.517284983	8.25574E-09
760	1.517154521	8.39767E-09
765	1.517026146	8.53959E-09
770	1.516899799	8.68151E-09
775	1.51677542	8.82343E-09
780	1.516652953	8.96536E-09
785	1.516532344	9.10728E-09
790	1.51641354	9.2492E-09
795	1.516296489	9.39112E-09
800	1.516181142	9.53304E-09
805	1.516067451	9.67497E-09
810	1.515955371	9.81689E-09
815	1.515844856	9.95881E-09
820	1.515735863	1.01007E-08
825	1.51562835	1.02427E-08
830	1.515522276	1.03846E-08
835	1.515417603	1.05265E-08
840	1.515314291	1.06684E-08
845	1.515212305	1.08103E-08
850	1.515111608	1.09523E-08
855	1.515012165	1.10942E-08
860	1.514913943	1.12361E-08
865	1.514816909	1.1378E-08
870	1.514721032	1.152E-08
875	1.51462628	1.16619E-08
880	1.514532624	1.18038E-08
885	1.514440035	1.19457E-08
890	1.514348485	1.20876E-08
895	1.514257946	1.22296E-08
900	1.514168392	1.23715E-08
905	1.514079797	1.25134E-08
910	1.513992137	1.26553E-08
915	1.513905386	1.27973E-08
920	1.513819521	1.29392E-08
925	1.51373452	1.30811E-08
930	1.51365036	1.3223E-08
935	1.513567018	1.33649E-08
940	1.513484475	1.35069E-08
945	1.513402709	1.36488E-08
950	1.513321701	1.37907E-08
955	1.51324143	1.39326E-08
960	1.513161879	1.40746E-08
965	1.513083028	1.42165E-08
970	1.513004861	1.43584E-08
975	1.512927358	1.45003E-08
980	1.512850504	1.46422E-08
985	1.512774281	1.47842E-08
990	1.512698674	1.49261E-08
995	1.512623666	1.5068E-08
1000	1.512549244	1.52099E-08
1005	1.51247539	1.53519E-08
1010	1.512402092	1.54938E-08
1015	1.512329335	1.56357E-08
1020	1.512257104	1.57776E-08
1025	1.512185387	1.59195E-08
1030	1.512114171	1.60615E-08
1035	1.512043442	1.62034E-08
1040	1.511973188	1.63453E-08
1045	1.511903397	1.64872E-08
1050	1.511834057	1.66292E-08
1055	1.511765156	1.67711E-08
1060	1.511696683	1.6913E-08
1065	1.511628627	1.77269E-08
1070	1.511560977	1.85409E-08
1075	1.511493722	1.93548E-08
1080	1.511426853	2.01687E-08
1085	1.511360359	2.09827E-08
1090	1.51129423	2.17966E-08
1095	1.511228457	2.26106E-08
1100	1.511163031	2.34245E-08
1105	1.511097941	2.42384E-08
1110	1.51103318	2.50524E-08
1115	1.510968738	2.58663E-08
1120	1.510904607	2.66802E-08
1125	1.510840778	2.74942E-08
1130	1.510777244	2.83081E-08
1135	1.510713997	2.9122E-08
1140	1.510651028	2.9936E-08
1145	1.510588329	3.07499E-08
1150	1.510525894	3.15639E-08
1155	1.510463716	3.23778E-08
1160	1.510401786	3.31917E-08
1165	1.510340098	3.40057E-08
1170	1.510278645	3.48196E-08
1175	1.510217421	3.56335E-08
1180	1.510156418	3.64475E-08
1185	1.510095631	3.72614E-08
1190	1.510035052	3.80753E-08
1195	1.509974677	3.88893E-08
1200	1.509914499	3.97032E-08
1205	1.509854511	4.05171E-08
1210	1.509794709	4.13311E-08
1215	1.509735087	4.2145E-08
1220	1.509675638	4.2959E-08
1225	1.509616358	4.37729E-08
1230	1.509557241	4.45868E-08
1235	1.509498282	4.54008E-08
1240	1.509439476	4.62147E-08
1245	1.509380818	4.70286E-08
1250	1.509322303	4.78426E-08
1255	1.509263926	4.86565E-08
1260	1.509205682	4.94704E-08
1265	1.509147568	5.02844E-08
1270	1.509089577	5.10983E-08
1275	1.509031706	5.19123E-08
1280	1.508973951	5.27262E-08
1285	1.508916307	5.35401E-08
1290	1.50885877	5.43541E-08
1295	1.508801336	5.5168E-08
1300	1.508744	5.59819E-08
1305	1.50868676	5.67959E-08
1310	1.50862961	5.76098E-08
1315	1.508572547	5.84237E-08
1320	1.508515568	5.92377E-08
1325	1.508458669	6.00516E-08
1330	1.508401845	6.08656E-08
1335	1.508345094	6.16795E-08
1340	1.508288413	6.24934E-08
1345	1.508231797	6.33074E-08
1350	1.508175243	6.41213E-08
1355	1.508118748	6.49352E-08
1360	1.508062309	6.57492E-08
1365	1.508005922	6.65631E-08
1370	1.507949585	6.7377E-08
1375	1.507893294	6.8191E-08
1380	1.507837047	6.90049E-08
1385	1.50778084	6.98189E-08
1390	1.50772467	7.06328E-08
1395	1.507668535	7.14467E-08
1400	1.507612432	7.22607E-08
1405	1.507556358	7.30746E-08
1410	1.507500311	7.38885E-08
1415	1.507444287	7.47025E-08
1420	1.507388284	7.55164E-08
1425	1.507332299	7.63303E-08
1430	1.507276331	7.71443E-08
1435	1.507220376	7.79582E-08
1440	1.507164432	7.87721E-08
1445	1.507108496	7.95861E-08
1450	1.507052566	8.04E-08
1455	1.506996641	8.1214E-08
1460	1.506940717	8.20279E-08
1465	1.506884792	8.28418E-08
1470	1.506828864	8.36558E-08
1475	1.506772932	8.44697E-08
1480	1.506716991	8.52836E-08
1485	1.506661042	8.60976E-08
1490	1.506605081	8.69115E-08
1495	1.506549106	8.77254E-08
1500	1.506493116	8.85394E-08
1505	1.506437108	8.93533E-08
1510	1.506381081	9.01673E-08
1515	1.506325032	9.09812E-08
1520	1.50626896	9.17951E-08
1525	1.506212863	9.26091E-08
1530	1.506156738	9.3423E-08
1535	1.506100585	1.13817E-07
1540	1.506044401	1.34211E-07
1545	1.505988184	1.54605E-07
1550	1.505931934	1.74999E-07
1555	1.505875647	1.95393E-07
1560	1.505819323	2.15787E-07
1565	1.505762959	2.36181E-07
1570	1.505706555	2.56575E-07
1575	1.505650108	2.7697E-07
1580	1.505593617	2.97364E-07
1585	1.50553708	3.17758E-07
1590	1.505480496	3.38152E-07
1595	1.505423863	3.58546E-07
1600	1.505367181	3.7894E-07
1605	1.505310446	3.99334E-07
1610	1.505253658	4.19728E-07
1615	1.505196815	4.40122E-07
1620	1.505139917	4.60516E-07
1625	1.50508296	4.8091E-07
1630	1.505025945	5.01304E-07
1635	1.50496887	5.21698E-07
1640	1.504911733	5.42092E-07
1645	1.504854533	5.62486E-07
1650	1.504797269	5.8288E-07
1655	1.50473994	6.03274E-07
1660	1.504682544	6.23668E-07
1665	1.504625079	6.44063E-07
1670	1.504567545	6.64457E-07
1675	1.504509941	6.84851E-07
1680	1.504452265	7.05245E-07
1685	1.504394516	7.25639E-07
1690	1.504336693	7.46033E-07
1695	1.504278794	7.66427E-07
1700	1.504220819	7.86821E-07
1705	1.504162767	8.07215E-07
1710	1.504104636	8.27609E-07
1715	1.504046424	8.48003E-07
1720	1.503988132	8.68397E-07
1725	1.503929758	8.88791E-07
1730	1.503871301	9.09185E-07
1735	1.503812759	9.29579E-07
1740	1.503754133	9.49973E-07
1745	1.50369542	9.70367E-07
1750	1.503636619	9.90761E-07
1755	1.503577731	1.01116E-06
1760	1.503518753	1.03155E-06
1765	1.503459685	1.05194E-06
1770	1.503400525	1.07234E-06
1775	1.503341274	1.09273E-06
1780	1.503281929	1.11313E-06
1785	1.50322249	1.13352E-06
1790	1.503162956	1.15391E-06
1795	1.503103326	1.17431E-06
1800	1.503043598	1.1947E-06
1805	1.502983774	1.2151E-06
1810	1.50292385	1.23549E-06
1815	1.502863827	1.25588E-06
1820	1.502803703	1.27628E-06
1825	1.502743478	1.29667E-06
1830	1.502683151	1.31707E-06
1835	1.50262272	1.33746E-06
1840	1.502562186	1.35785E-06
1845	1.502501547	1.37825E-06
1850	1.502440803	1.39864E-06
1855	1.502379952	1.41904E-06
1860	1.502318994	1.43943E-06
1865	1.502257927	1.45982E-06
1870	1.502196752	1.48022E-06
1875	1.502135468	1.50061E-06
1880	1.502074073	1.52101E-06
1885	1.502012567	1.5414E-06
1890	1.501950949	1.5618E-06
1895	1.501889219	1.58219E-06
1900	1.501827375	1.60258E-06
1905	1.501765417	1.62298E-06
1910	1.501703344	1.64337E-06
1915	1.501641156	1.66377E-06
1920	1.501578851	1.68416E-06
1925	1.501516429	1.70455E-06
1930	1.501453889	1.72495E-06
1935	1.501391231	1.74534E-06
1940	1.501328454	1.76574E-06
1945	1.501265557	1.78613E-06
1950	1.50120254	1.80652E-06
1955	1.501139401	1.82692E-06
1960	1.501076141	1.84731E-06
1965	1.501012757	1.86771E-06
1970	1.500949251	1.8881E-06
1975	1.500885621	1.94948E-06
1980	1.500821866	2.01086E-06
1985	1.500757986	2.07224E-06
1990	1.500693981	2.13362E-06
1995	1.500629849	2.19499E-06
2000	1.500565589	2.25637E-06
2005	1.500501202	2.31775E-06
2010	1.500436687	2.37913E-06
2015	1.500372043	2.44051E-06
2020	1.500307269	2.50189E-06
2025	1.500242366	2.56327E-06
2030	1.500177331	2.62465E-06
2035	1.500112165	2.68603E-06
2040	1.500046867	2.7474E-06
2045	1.499981436	2.80878E-06
2050	1.499915873	2.87016E-06
2055	1.499850175	2.93154E-06
2060	1.499784344	2.99292E-06
2065	1.499718377	3.0543E-06
2070	1.499652275	3.11568E-06
2075	1.499586037	3.17706E-06
2080	1.499519662	3.23844E-06
2085	1.499453151	3.29981E-06
2090	1.499386501	3.36119E-06
2095	1.499319713	3.42257E-06
2100	1.499252787	3.48395E-06
2105	1.499185721	3.54533E-06
2110	1.499118515	3.60671E-06
2115	1.499051169	3.66809E-06
2120	1.498983682	3.72947E-06
2125	1.498916053	3.79085E-06
2130	1.498848282	3.85222E-06
2135	1.498780369	3.9136E-06
2140	1.498712313	3.97498E-06
2145	1.498644113	4.03636E-06
2150	1.498575769	4.09774E-06
2155	1.49850728	4.15912E-06
2160	1.498438646	4.2205E-06
2165	1.498369866	4.28188E-06
2170	1.498300941	4.34325E-06
2175	1.498231868	4.40463E-06
2180	1.498162649	4.46601E-06
2185	1.498093281	4.52739E-06
2190	1.498023766	4.58877E-06
2195	1.497954102	4.65015E-06
2200	1.497884288	4.71153E-06
2205	1.497814325	4.77291E-06
2210	1.497744212	4.83429E-06
2215	1.497673948	4.89566E-06
2220	1.497603533	4.95704E-06
2225	1.497532967	5.01842E-06
2230	1.497462248	5.0798E-06
2235	1.497391377	5.14118E-06
2240	1.497320353	5.20256E-06
2245	1.497249175	5.26394E-06
2250	1.497177844	5.32532E-06
2255	1.497106358	5.3867E-06
2260	1.497034716	5.44807E-06
2265	1.49696292	5.50945E-06
2270	1.496890968	5.57083E-06
2275	1.496818859	5.63221E-06
2280	1.496746594	5.69359E-06
2285	1.496674171	5.75497E-06
2290	1.496601591	5.81635E-06
2295	1.496528853	5.87773E-06
2300	1.496455956	5.93911E-06
2305	1.4963829	6.00048E-06
2310	1.496309684	6.06186E-06
2315	1.496236309	6.12324E-06
2320	1.496162773	6.18462E-06
2325	1.496089077	6.246E-06
2330	1.496015219	6.34128E-06
2335	1.495941199	6.43657E-06
2340	1.495867017	6.53185E-06
2345	1.495792673	6.62713E-06
2350	1.495718165	6.72241E-06
2355	1.495643494	6.8177E-06
2360	1.495568659	6.91298E-06
2365	1.49549366	7.00826E-06
2370	1.495418496	7.10355E-06
2375	1.495343167	7.19883E-06
2380	1.495267672	7.29411E-06
2385	1.495192011	7.38939E-06
2390	1.495116183	7.48468E-06
2395	1.495040189	7.57996E-06
2400	1.494964027	7.67524E-06
2405	1.494887697	7.77053E-06
2410	1.494811199	7.86581E-06
2415	1.494734533	7.96109E-06
2420	1.494657697	8.05637E-06
2425	1.494580692	8.15166E-06
2430	1.494503517	8.24694E-06
2435	1.494426172	8.34222E-06
2440	1.494348655	8.43751E-06
2445	1.494270968	8.53279E-06
2450	1.494193109	8.62807E-06
2455	1.494115078	8.72335E-06
2460	1.494036874	8.81864E-06
2465	1.493958498	8.91392E-06
2470	1.493879948	9.0092E-06
2475	1.493801225	9.10449E-06
2480	1.493722328	9.19977E-06
2485	1.493643256	9.29505E-06
2490	1.493564009	9.39033E-06
2495	1.493484587	9.48562E-06
2500	1.493404989	9.5809E-06
