280	1.708150171	3.9488E-06
285	1.708150171	3.9488E-06
290	1.708150171	3.9488E-06
295	1.705600021	3.9488E-06
300	1.703049871	3.9488E-06
305	1.700499721	3.0590E-06
310	1.697949571	2.1691E-06
315	1.695737373	1.6961E-06
320	1.693769898	1.2230E-06
325	1.691802423	9.9965E-07
330	1.689834949	7.7630E-07
335	1.687933213	5.7712E-07
340	1.686376604	4.7465E-07
345	1.684819996	3.7217E-07
350	1.683263387	2.6969E-07
355	1.681706779	2.2319E-07
360	1.680371897	1.7668E-07
365	1.679114919	1.3018E-07
370	1.677857942	1.0205E-07
375	1.676600964	8.5238E-08
380	1.675415824	6.8426E-08
385	1.674383336	5.8905E-08
390	1.673350849	4.9384E-08
395	1.672318362	4.4083E-08
400	1.671285874	3.8782E-08
405	1.67040816	3.5286E-08
410	1.669547643	3.3893E-08
415	1.668687126	3.2501E-08
420	1.667826609	3.1108E-08
425	1.667030515	3.0149E-08
430	1.666304213	2.9189E-08
435	1.665577911	2.8230E-08
440	1.664851609	2.7301E-08
445	1.664131693	2.6380E-08
450	1.663511816	2.5459E-08
455	1.662891939	2.4538E-08
460	1.662272062	2.3617E-08
465	1.661652185	2.2263E-08
470	1.661087062	2.0909E-08
475	1.660552739	1.9555E-08
480	1.660018416	1.8201E-08
485	1.659484092	1.6846E-08
490	1.658965081	1.5492E-08
495	1.658500359	1.4138E-08
500	1.658035638	1.2784E-08
505	1.657570916	1.2341E-08
510	1.657106194	1.1899E-08
515	1.65668725	1.1456E-08
520	1.656279751	1.1013E-08
525	1.655872251	1.0571E-08
530	1.655464752	1.0128E-08
535	1.655075296	9.6855E-09
540	1.654715281	9.2429E-09
545	1.654355266	8.8002E-09
550	1.653995251	8.7755E-09
555	1.653635236	8.8553E-09
560	1.653313363	8.9350E-09
565	1.65299308	9.0148E-09
570	1.652672796	9.0946E-09
575	1.652352512	9.1743E-09
580	1.652050314	9.2541E-09
585	1.651763523	9.3339E-09
590	1.651476731	9.4137E-09
595	1.65118994	9.4935E-09
600	1.650906559	9.5732E-09
605	1.650648188	9.6530E-09
610	1.650389817	9.7328E-09
615	1.650131447	9.8126E-09
620	1.649873076	9.8924E-09
625	1.649631689	9.7084E-09
630	1.649397581	9.5244E-09
635	1.649163474	9.3403E-09
640	1.648929366	9.1563E-09
645	1.648701089	8.9723E-09
650	1.648487806	8.7883E-09
655	1.648274524	8.6042E-09
660	1.648061241	8.4202E-09
665	1.647847959	8.2045E-09
670	1.647650124	7.9888E-09
675	1.647454804	7.7731E-09
680	1.647259484	7.5574E-09
685	1.647064164	7.3417E-09
690	1.646875691	7.1260E-09
695	1.646695933	6.9103E-09
700	1.646516175	6.6946E-09
705	1.646336417	6.6954E-09
710	1.646156929	6.6963E-09
715	1.645990707	6.6971E-09
720	1.645824484	6.6980E-09
725	1.645658261	6.6988E-09
730	1.645492039	6.6996E-09
735	1.645332906	6.7005E-09
740	1.645178499	6.7013E-09
745	1.645024092	6.7021E-09
750	1.644869685	6.7030E-09
755	1.644717141	6.7038E-09
760	1.644573081	6.7047E-09
765	1.644429022	6.7055E-09
770	1.644284962	6.7063E-09
775	1.644140903	6.7072E-09
780	1.64400375	6.7080E-09
785	1.643868778	6.7088E-09
790	1.643733806	6.7097E-09
795	1.643598834	6.7105E-09
800	1.643466583	6.7114E-09
805	1.643339613	6.7122E-09
810	1.643212643	6.7130E-09
815	1.643085673	6.7139E-09
820	1.642958703	6.7147E-09
825	1.642838229	6.7155E-09
830	1.64271832	6.7164E-09
835	1.642598411	6.7172E-09
840	1.642478502	6.7181E-09
845	1.642361714	6.7189E-09
850	1.642248048	6.7197E-09
855	1.642134382	6.7206E-09
860	1.642020716	6.7214E-09
865	1.641907493	6.7222E-09
870	1.641799355	6.7231E-09
875	1.641691218	6.7239E-09
880	1.641583081	6.7248E-09
885	1.641474944	6.7256E-09
890	1.641370042	6.7264E-09
895	1.641266808	6.7273E-09
900	1.641163573	6.7281E-09
905	1.641060339	6.7289E-09
910	1.640958149	6.7298E-09
915	1.640859266	6.7306E-09
920	1.640760383	6.7315E-09
925	1.6406615	6.7323E-09
930	1.640562618	6.7331E-09
935	1.640466905	6.7340E-09
940	1.640371888	6.7348E-09
945	1.64027687	6.7356E-09
950	1.640181853	6.7365E-09
955	1.64008821	6.7373E-09
960	1.639996628	6.7382E-09
965	1.639905046	6.7390E-09
970	1.639813464	6.7398E-09
975	1.639721882	6.7407E-09
980	1.639633292	6.7415E-09
985	1.639544762	6.7423E-09
990	1.639456233	6.7432E-09
995	1.639367703	6.7440E-09
1000	1.639280683	6.7449E-09
1005	1.639194848	6.7457E-09
1010	1.639109014	6.7465E-09
1015	1.639023179	6.7474E-09
1020	1.638937822	6.7482E-09
1025	1.638854376	6.7490E-09
1030	1.63877093	6.7499E-09
1035	1.638687484	6.7507E-09
1040	1.638604038	6.7516E-09
1045	1.638522331	6.7524E-09
1050	1.638441059	6.7532E-09
1055	1.638359787	6.7541E-09
1060	1.638278515	6.7549E-09
1065	1.638197627	8.1544E-09
1070	1.638118277	9.5539E-09
1075	1.638038926	1.0953E-08
1080	1.637959576	1.2353E-08
1085	1.637880226	1.3753E-08
1090	1.637802202	1.5152E-08
1095	1.637724509	1.6552E-08
1100	1.637646816	1.7951E-08
1105	1.637569124	1.9351E-08
1110	1.637492015	2.0750E-08
1115	1.637415783	2.2150E-08
1120	1.63733955	2.3549E-08
1125	1.637263318	2.4949E-08
1130	1.637187085	2.6348E-08
1135	1.637112134	2.7748E-08
1140	1.637037184	2.9147E-08
1145	1.636962233	3.0547E-08
1150	1.636887283	3.1946E-08
1155	1.636813004	3.3346E-08
1160	1.636739173	3.4745E-08
1165	1.636665343	3.6145E-08
1170	1.636591512	3.7544E-08
1175	1.636517876	3.8944E-08
1180	1.636445018	4.0343E-08
1185	1.63637216	4.1743E-08
1190	1.636299302	4.3142E-08
1195	1.636226444	4.4542E-08
1200	1.636154256	4.5942E-08
1205	1.636082237	4.7341E-08
1210	1.636010217	4.8741E-08
1215	1.635938198	5.0140E-08
1220	1.635866464	5.1540E-08
1225	1.635795161	5.2939E-08
1230	1.635723857	5.4339E-08
1235	1.635652554	5.5738E-08
1240	1.63558125	5.7138E-08
1245	1.63551055	5.8537E-08
1250	1.635439851	5.9937E-08
1255	1.635369151	6.1336E-08
1260	1.635298451	6.2736E-08
1265	1.635228058	6.4135E-08
1270	1.635157869	6.5535E-08
1275	1.63508768	6.6934E-08
1280	1.635017491	6.8334E-08
1285	1.634947302	6.9733E-08
1290	1.634877526	7.1133E-08
1295	1.634807751	7.2532E-08
1300	1.634737975	7.3932E-08
1305	1.634668199	7.5331E-08
1310	1.634598613	7.6731E-08
1315	1.634529153	7.8131E-08
1320	1.634459693	7.9530E-08
1325	1.634390233	8.0930E-08
1330	1.63432082	8.2329E-08
1335	1.634251596	8.3729E-08
1340	1.634182372	8.5128E-08
1345	1.634113148	8.6528E-08
1350	1.634043924	8.7927E-08
1355	1.63397483	8.9327E-08
1360	1.633905768	9.0726E-08
1365	1.633836706	9.2126E-08
1370	1.633767645	9.3525E-08
1375	1.63369862	9.4925E-08
1380	1.633629652	9.6324E-08
1385	1.633560685	9.7724E-08
1390	1.633491717	9.9123E-08
1395	1.633422749	1.0052E-07
1400	1.633353812	1.0192E-07
1405	1.633284874	1.0332E-07
1410	1.633215937	1.0472E-07
1415	1.633147	1.0612E-07
1420	1.633078045	1.0752E-07
1425	1.63300908	1.0892E-07
1430	1.632940114	1.1032E-07
1435	1.632871149	1.1172E-07
1440	1.632802167	1.1312E-07
1445	1.632733118	1.1452E-07
1450	1.63266407	1.1592E-07
1455	1.632595021	1.1732E-07
1460	1.632525972	1.1872E-07
1465	1.632456817	1.2012E-07
1470	1.632387634	1.2152E-07
1475	1.632318452	1.2292E-07
1480	1.632249269	1.2431E-07
1485	1.632180012	1.2571E-07
1490	1.632110643	1.2711E-07
1495	1.632041274	1.2851E-07
1500	1.631971904	1.2991E-07
1505	1.631902535	1.3131E-07
1510	1.63183298	1.3271E-07
1515	1.631763378	1.3411E-07
1520	1.631693776	1.3551E-07
1525	1.631624175	1.3691E-07
1530	1.631554465	1.3831E-07
1535	1.631484593	1.4724E-07
1540	1.631414721	1.5616E-07
1545	1.63134485	1.6509E-07
1550	1.631274978	1.7402E-07
1555	1.631204797	1.8295E-07
1560	1.631134616	1.9187E-07
1565	1.631064436	2.0080E-07
1570	1.630994255	2.0973E-07
1575	1.630923867	2.1866E-07
1580	1.63085334	2.2758E-07
1585	1.630782814	2.3651E-07
1590	1.630712287	2.4544E-07
1595	1.630641685	2.5437E-07
1600	1.630570778	2.6329E-07
1605	1.630499871	2.7222E-07
1610	1.630428964	2.8115E-07
1615	1.630358057	2.9008E-07
1620	1.63028682	2.9900E-07
1625	1.6302155	3.0793E-07
1630	1.63014418	3.1686E-07
1635	1.63007286	3.2579E-07
1640	1.630001362	3.3471E-07
1645	1.629929598	3.4364E-07
1650	1.629857834	3.5257E-07
1655	1.62978607	3.6150E-07
1660	1.629714306	3.7042E-07
1665	1.629642069	3.7935E-07
1670	1.629569832	3.8828E-07
1675	1.629497595	3.9721E-07
1680	1.629425357	4.0613E-07
1685	1.62935282	4.1506E-07
1690	1.629280081	4.2399E-07
1695	1.629207343	4.3292E-07
1700	1.629134605	4.4184E-07
1705	1.629061759	4.5077E-07
1710	1.628988481	4.5970E-07
1715	1.628915203	4.6863E-07
1720	1.628841925	4.7755E-07
1725	1.628768646	4.8648E-07
1730	1.628695029	4.9541E-07
1735	1.628621185	5.0434E-07
1740	1.628547341	5.1326E-07
1745	1.628473497	5.2219E-07
1750	1.628399538	5.3112E-07
1755	1.628325117	5.4005E-07
1760	1.628250696	5.4897E-07
1765	1.628176274	5.5790E-07
1770	1.628101853	5.6683E-07
1775	1.628026951	5.7576E-07
1780	1.62795193	5.8468E-07
1785	1.627876908	5.9361E-07
1790	1.627801887	6.0254E-07
1795	1.627726616	6.1147E-07
1800	1.627650972	6.2039E-07
1805	1.627575329	6.2932E-07
1810	1.627499685	6.3825E-07
1815	1.627424041	6.4718E-07
1820	1.627347754	6.5610E-07
1825	1.627271467	6.6503E-07
1830	1.627195181	6.7396E-07
1835	1.627118894	6.8289E-07
1840	1.627042209	6.9181E-07
1845	1.626965259	7.0074E-07
1850	1.626888309	7.0967E-07
1855	1.626811359	7.1860E-07
1860	1.626734273	7.2752E-07
1865	1.626656641	7.3645E-07
1870	1.626579008	7.4538E-07
1875	1.626501376	7.5431E-07
1880	1.626423743	7.6323E-07
1885	1.62634555	7.7216E-07
1890	1.626267217	7.8109E-07
1895	1.626188883	7.9002E-07
1900	1.62611055	7.9894E-07
1905	1.626031928	8.0787E-07
1910	1.625952876	8.1680E-07
1915	1.625873823	8.2573E-07
1920	1.625794771	8.3465E-07
1925	1.625715718	8.4358E-07
1930	1.625635912	8.5251E-07
1935	1.625556106	8.6144E-07
1940	1.625476301	8.7036E-07
1945	1.625396495	8.7929E-07
1950	1.62531638	8.8822E-07
1955	1.625235804	8.9715E-07
1960	1.625155227	9.0607E-07
1965	1.62507465	9.1500E-07
1970	1.624994073	9.2393E-07
1975	1.624912726	9.8443E-07
1980	1.624831379	1.0449E-06
1985	1.624750032	1.1054E-06
1990	1.624668685	1.1659E-06
1995	1.624586866	1.2264E-06
2000	1.624504733	1.2869E-06
2005	1.6244226	1.3474E-06
2010	1.624340467	1.4079E-06
2015	1.624258173	1.4684E-06
2020	1.624175239	1.5289E-06
2025	1.624092304	1.5894E-06
2030	1.62400937	1.6499E-06
2035	1.623926435	1.7104E-06
2040	1.623842847	1.7709E-06
2045	1.623759096	1.8314E-06
2050	1.623675345	1.8919E-06
2055	1.623591594	1.9524E-06
2060	1.62350751	2.0128E-06
2065	1.623422928	2.0733E-06
2070	1.623338346	2.1338E-06
2075	1.623253764	2.1943E-06
2080	1.623169181	2.2548E-06
2085	1.623083754	2.3153E-06
2090	1.622998326	2.3758E-06
2095	1.622912898	2.4363E-06
2100	1.622827471	2.4968E-06
2105	1.622741527	2.5573E-06
2110	1.62265524	2.6178E-06
2115	1.622568953	2.6783E-06
2120	1.622482666	2.7388E-06
2125	1.622396204	2.7993E-06
2130	1.622309044	2.8598E-06
2135	1.622221883	2.9203E-06
2140	1.622134723	2.9808E-06
2145	1.622047562	3.0413E-06
2150	1.621959676	3.1018E-06
2155	1.621871609	3.1623E-06
2160	1.621783541	3.2228E-06
2165	1.621695474	3.2832E-06
2170	1.621607222	3.3437E-06
2175	1.621518234	3.4042E-06
2180	1.621429245	3.4647E-06
2185	1.621340257	3.5252E-06
2190	1.621251269	3.5857E-06
2195	1.621161549	3.6462E-06
2200	1.621071647	3.7067E-06
2205	1.620981745	3.7672E-06
2210	1.620891843	3.8277E-06
2215	1.620801571	3.8882E-06
2220	1.620710742	3.9487E-06
2225	1.620619914	4.0092E-06
2230	1.620529085	4.0697E-06
2235	1.620438256	4.1302E-06
2240	1.620346489	4.1907E-06
2245	1.620254721	4.2512E-06
2250	1.620162953	4.3117E-06
2255	1.620071185	4.3722E-06
2260	1.619978846	4.4327E-06
2265	1.619886126	4.4932E-06
2270	1.619793407	4.5537E-06
2275	1.619700687	4.6141E-06
2280	1.619607774	4.6746E-06
2285	1.61951409	4.7351E-06
2290	1.619420406	4.7956E-06
2295	1.619326722	4.8561E-06
2300	1.619233038	4.9166E-06
2305	1.619138573	4.9771E-06
2310	1.619043912	5.0376E-06
2315	1.618949252	5.0981E-06
2320	1.618854591	5.1586E-06
2325	1.618759535	5.2191E-06
2330	1.618663886	5.4102E-06
2335	1.618568236	5.6012E-06
2340	1.618472587	5.7923E-06
2345	1.618376937	5.9833E-06
2350	1.618280287	6.1744E-06
2355	1.618183636	6.3654E-06
2360	1.618086986	6.5565E-06
2365	1.617990335	6.7475E-06
2370	1.617893063	6.9386E-06
2375	1.617795376	7.1296E-06
2380	1.617697689	7.3207E-06
2385	1.617600002	7.5118E-06
2390	1.617502315	7.7028E-06
2395	1.61740358	7.8939E-06
2400	1.617304844	8.0849E-06
2405	1.617206109	8.2760E-06
2410	1.617107373	8.4670E-06
2415	1.617008015	8.6581E-06
2420	1.616908242	8.8491E-06
2425	1.616808468	9.0402E-06
2430	1.616708695	9.2312E-06
2435	1.616608712	9.4223E-06
2440	1.616507889	9.6133E-06
2445	1.616407066	9.8044E-06
2450	1.616306243	9.9955E-06
2455	1.61620542	1.0187E-05
2460	1.616103748	1.0378E-05
2465	1.616001864	1.0569E-05
2470	1.615899979	1.0760E-05
2475	1.615798095	1.0951E-05
2480	1.615695781	1.1142E-05
2485	1.615592823	1.1333E-05
2490	1.615489866	1.1524E-05
2495	1.615386908	1.1715E-05
2500	1.61528395	1.1906E-05
