1538.46	1.44325	0.00002
1539.41	1.44324	0.00002
1540.36	1.44323	0.00002
1541.31	1.44322	0.00002
1542.26	1.44321	0.00002
1543.21	1.4432	0.00002
1544.16	1.44319	0.00002
1545.12	1.44318	0.00002
1546.07	1.44317	0.00002
1547.03	1.44316	0.00002
1547.99	1.44315	0.00002
1548.95	1.44314	0.00002
1549.91	1.44313	0.00002
1550.87	1.44312	0.00002
1551.83	1.44311	0.00002
1552.8	1.44311	0.00002
1553.76	1.4431	0.00002
1554.73	1.44309	0.00002
1555.69	1.44308	0.00002
1556.66	1.44307	0.00002
1557.63	1.44306	0.00002
1558.6	1.44305	0.00002
1559.58	1.44304	0.00002
1560.55	1.44303	0.00002
1561.52	1.44302	0.00002
1562.5	1.44301	0.00002
1563.48	1.443	0.00002
1564.46	1.44299	0.00002
1565.44	1.44298	0.00002
1566.42	1.44297	0.00002
1567.4	1.44296	0.00002
1568.38	1.44295	0.00002
1569.37	1.44294	0.00002
1570.35	1.44293	0.00002
1571.34	1.44292	0.00002
1572.33	1.44291	0.00002
1573.32	1.4429	0.00002
1574.31	1.44289	0.00002
1575.3	1.44288	0.00002
1576.29	1.44287	0.00002
1577.29	1.44286	0.00002
1578.28	1.44285	0.00002
1579.28	1.44284	0.00002
1580.28	1.44283	0.00002
1581.28	1.44282	0.00002
1582.28	1.44281	0.00002
1583.28	1.4428	0.00002
1584.28	1.44279	0.00002
1585.29	1.44278	0.00002
1586.29	1.44277	0.00002
1587.3	1.44276	0.00002
1588.31	1.44275	0.00002
1589.32	1.44274	0.00002
1590.33	1.44273	0.00002
1591.34	1.44272	0.00002
1592.36	1.44271	0.00002
1593.37	1.4427	0.00002
1594.39	1.44269	0.00002
1595.41	1.44267	0.00002
1596.42	1.44266	0.00002
1597.44	1.44265	0.00002
1598.47	1.44264	0.00002
1599.49	1.44263	0.00002
1600.51	1.44262	0.00002
1601.54	1.44261	0.00002
1602.56	1.4426	0.00002
1603.59	1.44259	0.00002
1604.62	1.44258	0.00002
1605.65	1.44257	0.00002
1606.68	1.44256	0.00002
1607.72	1.44255	0.00002
1608.75	1.44254	0.00002
1609.79	1.44253	0.00002
1610.82	1.44252	0.00002
1611.86	1.4425	0.00002
1612.9	1.44249	0.00002
1613.94	1.44248	0.00002
1614.99	1.44247	0.00002
1616.03	1.44246	0.00002
1617.08	1.44245	0.00002
1618.12	1.44244	0.00002
1619.17	1.44243	0.00002
1620.22	1.44242	0.00002
1621.27	1.44241	0.00002
1622.32	1.4424	0.00002
1623.38	1.44239	0.00002
1624.43	1.44237	0.00002
1625.49	1.44236	0.00002
1626.55	1.44235	0.00002
1627.6	1.44234	0.00002
1628.66	1.44233	0.00002
1629.73	1.44232	0.00002
1630.79	1.44231	0.00002
1631.85	1.4423	0.00002
1632.92	1.44228	0.00002
1633.99	1.44227	0.00002
1635.06	1.44226	0.00002
1636.13	1.44225	0.00002
1637.2	1.44224	0.00002
1638.27	1.44223	0.00002
1639.34	1.44222	0.00002
1640.42	1.44221	0.00002
1641.5	1.44219	0.00002
1642.58	1.44218	0.00002
1643.66	1.44217	0.00002
1644.74	1.44216	0.00002
1645.82	1.44215	0.00002
1646.9	1.44214	0.00002
1647.99	1.44213	0.00002
1649.08	1.44211	0.00002
1650.17	1.4421	0.00002
1651.25	1.44209	0.00002
1652.35	1.44208	0.00002
1653.44	1.44207	0.00002
1654.53	1.44206	0.00002
1655.63	1.44204	0.00002
1656.73	1.44203	0.00002
1657.82	1.44202	0.00002
1658.93	1.44201	0.00002
1660.03	1.442	0.00002
1661.13	1.44199	0.00002
1662.23	1.44197	0.00002
1663.34	1.44196	0.00002
1664.45	1.44195	0.00002
1665.56	1.44194	0.00002
1666.67	1.44193	0.00002
1667.78	1.44191	0.00002
1668.89	1.4419	0.00002
1670.01	1.44189	0.00002
1671.12	1.44188	0.00002
1672.24	1.44187	0.00002
1673.36	1.44185	0.00002
1674.48	1.44184	0.00002
1675.6	1.44183	0.00002
1676.73	1.44182	0.00002
1677.85	1.4418	0.00002
1678.98	1.44179	0.00002
1680.11	1.44178	0.00002
1681.24	1.44177	0.00002
1682.37	1.44176	0.00002
1683.5	1.44174	0.00002
1684.64	1.44173	0.00002
1685.77	1.44172	0.00002
1686.91	1.44171	0.00002
1688.05	1.44169	0.00002
1689.19	1.44168	0.00002
1690.33	1.44167	0.00002
1691.47	1.44166	0.00002
1692.62	1.44164	0.00002
1693.77	1.44163	0.00002
1694.92	1.44162	0.00002
1696.07	1.44161	0.00002
1697.22	1.44159	0.00002
1698.37	1.44158	0.00002
1699.52	1.44157	0.00002
1700.68	1.44156	0.00002
1701.84	1.44154	0.00002
1703	1.44153	0.00002
1704.16	1.44152	0.00002
1705.32	1.4415	0.00002
1706.48	1.44149	0.00002
1707.65	1.44148	0.00002
1708.82	1.44147	0.00002
1709.99	1.44145	0.00002
1711.16	1.44144	0.00002
1712.33	1.44143	0.00002
1713.5	1.44141	0.00002
1714.68	1.4414	0.00002
1715.85	1.44139	0.00002
1717.03	1.44137	0.00002
1718.21	1.44136	0.00002
1719.39	1.44135	0.00002
1720.58	1.44133	0.00002
1721.76	1.44132	0.00002
1722.95	1.44131	0.00002
1724.14	1.4413	0.00002
1725.33	1.44128	0.00002
1726.52	1.44127	0.00002
1727.71	1.44126	0.00002
1728.91	1.44124	0.00002
1730.1	1.44123	0.00002
1731.3	1.44121	0.00002
1732.5	1.4412	0.00002
1733.7	1.44119	0.00002
1734.91	1.44117	0.00003
1736.11	1.44116	0.00003
1737.32	1.44115	0.00003
1738.53	1.44113	0.00003
1739.74	1.44112	0.00003
1740.95	1.44111	0.00003
1742.16	1.44109	0.00003
1743.38	1.44108	0.00003
1744.59	1.44107	0.00003
1745.81	1.44105	0.00003
1747.03	1.44104	0.00003
1748.25	1.44102	0.00003
1749.48	1.44101	0.00003
1750.7	1.441	0.00003
1751.93	1.44098	0.00003
1753.16	1.44097	0.00003
1754.39	1.44095	0.00003
1755.62	1.44094	0.00003
1756.85	1.44093	0.00003
1758.09	1.44091	0.00003
1759.32	1.4409	0.00003
1760.56	1.44088	0.00003
1761.8	1.44087	0.00003
1763.05	1.44085	0.00003
1764.29	1.44084	0.00003
1765.54	1.44083	0.00003
1766.78	1.44081	0.00003
1768.03	1.4408	0.00003
1769.29	1.44078	0.00003
1770.54	1.44077	0.00003
1771.79	1.44075	0.00003
1773.05	1.44074	0.00003
1774.31	1.44073	0.00003
1775.57	1.44071	0.00003
1776.83	1.4407	0.00003
1778.09	1.44068	0.00003
1779.36	1.44067	0.00003
1780.63	1.44065	0.00003
1781.9	1.44064	0.00003
1783.17	1.44062	0.00003
1784.44	1.44061	0.00003
1785.71	1.44059	0.00003
1786.99	1.44058	0.00003
1788.27	1.44056	0.00003
1789.55	1.44055	0.00003
1790.83	1.44053	0.00003
1792.11	1.44052	0.00003
1793.4	1.4405	0.00003
1794.69	1.44049	0.00003
1795.98	1.44047	0.00003
1797.27	1.44046	0.00003
1798.56	1.44044	0.00003
1799.86	1.44043	0.00003
1801.15	1.44041	0.00003
1802.45	1.4404	0.00003
1803.75	1.44038	0.00003
1805.05	1.44037	0.00003
1806.36	1.44035	0.00003
1807.66	1.44034	0.00003
1808.97	1.44032	0.00003
1810.28	1.4403	0.00003
1811.59	1.44029	0.00003
1812.91	1.44027	0.00003
1814.22	1.44026	0.00003
1815.54	1.44024	0.00003
1816.86	1.44023	0.00003
1818.18	1.44021	0.00003
1819.51	1.4402	0.00003
1820.83	1.44018	0.00003
1822.16	1.44016	0.00003
1823.49	1.44015	0.00003
1824.82	1.44013	0.00003
1826.15	1.44012	0.00003
1827.49	1.4401	0.00003
1828.82	1.44008	0.00003
1830.16	1.44007	0.00003
1831.5	1.44005	0.00003
1832.84	1.44004	0.00003
1834.19	1.44002	0.00003
1835.54	1.44	0.00003
1836.88	1.43999	0.00003
1838.24	1.43997	0.00003
1839.59	1.43996	0.00003
1840.94	1.43994	0.00003
1842.3	1.43992	0.00003
1843.66	1.43991	0.00003
1845.02	1.43989	0.00003
1846.38	1.43987	0.00003
1847.75	1.43986	0.00003
1849.11	1.43984	0.00003
1850.48	1.43982	0.00003
1851.85	1.43981	0.00003
1853.22	1.43979	0.00003
1854.6	1.43977	0.00003
1855.98	1.43976	0.00003
1857.36	1.43974	0.00003
1858.74	1.43972	0.00003
1860.12	1.43971	0.00003
1861.5	1.43969	0.00003
1862.89	1.43967	0.00003
1864.28	1.43966	0.00003
1865.67	1.43964	0.00003
1867.06	1.43962	0.00003
1868.46	1.43961	0.00003
1869.86	1.43959	0.00003
1871.26	1.43957	0.00003
1872.66	1.43955	0.00003
1874.06	1.43954	0.00003
1875.47	1.43952	0.00003
1876.88	1.4395	0.00003
1878.29	1.43948	0.00003
1879.7	1.43947	0.00003
1881.11	1.43945	0.00003
1882.53	1.43943	0.00003
1883.95	1.43941	0.00003
1885.37	1.4394	0.00003
1886.79	1.43938	0.00003
1888.22	1.43936	0.00003
1889.64	1.43934	0.00003
1891.07	1.43933	0.00003
1892.51	1.43931	0.00003
1893.94	1.43929	0.00003
1895.38	1.43927	0.00003
1896.81	1.43925	0.00003
1898.25	1.43924	0.00003
1899.7	1.43922	0.00003
1901.14	1.4392	0.00003
1902.59	1.43918	0.00003
1904.04	1.43916	0.00003
1905.49	1.43915	0.00003
1906.94	1.43913	0.00003
1908.4	1.43911	0.00003
1909.85	1.43909	0.00003
1911.31	1.43907	0.00003
1912.78	1.43906	0.00003
1914.24	1.43904	0.00003
1915.71	1.43902	0.00003
1917.18	1.439	0.00003
1918.65	1.43898	0.00003
1920.12	1.43896	0.00003
1921.6	1.43894	0.00003
1923.08	1.43893	0.00003
1924.56	1.43891	0.00003
1926.04	1.43889	0.00003
1927.53	1.43887	0.00003
1929.01	1.43885	0.00003
1930.5	1.43883	0.00003
1931.99	1.43881	0.00003
1933.49	1.43879	0.00003
1934.98	1.43877	0.00003
1936.48	1.43875	0.00004
1937.98	1.43874	0.00004
1939.49	1.43872	0.00004
1940.99	1.4387	0.00004
1942.5	1.43868	0.00004
1944.01	1.43866	0.00004
1945.53	1.43864	0.00004
1947.04	1.43862	0.00004
1948.56	1.4386	0.00004
1950.08	1.43858	0.00004
1951.6	1.43856	0.00004
1953.13	1.43854	0.00004
1954.65	1.43852	0.00004
1956.18	1.4385	0.00004
1957.71	1.43848	0.00004
1959.25	1.43846	0.00004
1960.78	1.43844	0.00004
1962.32	1.43842	0.00004
1963.86	1.4384	0.00004
1965.41	1.43838	0.00004
1966.96	1.43836	0.00004
1968.5	1.43834	0.00004
1970.06	1.43832	0.00004
1971.61	1.4383	0.00004
1973.16	1.43828	0.00004
1974.72	1.43826	0.00004
1976.28	1.43824	0.00004
1977.85	1.43822	0.00004
1979.41	1.4382	0.00004
1980.98	1.43818	0.00004
1982.55	1.43816	0.00004
1984.13	1.43814	0.00004
1985.7	1.43812	0.00004
1987.28	1.4381	0.00004
1988.86	1.43808	0.00004
1990.45	1.43806	0.00004
1992.03	1.43803	0.00004
1993.62	1.43801	0.00004
1995.21	1.43799	0.00004
1996.81	1.43797	0.00004
1998.4	1.43795	0.00004
2000	1.43793	0.00004
2001.6	1.43791	0.00004
2003.21	1.43789	0.00004
2004.81	1.43787	0.00004
2006.42	1.43784	0.00004
2008.03	1.43782	0.00004
2009.65	1.4378	0.00004
2011.26	1.43778	0.00004
2012.88	1.43776	0.00004
2014.5	1.43774	0.00004
2016.13	1.43771	0.00004
2017.76	1.43769	0.00004
2019.39	1.43767	0.00004
2021.02	1.43765	0.00004
2022.65	1.43763	0.00004
2024.29	1.4376	0.00004
2025.93	1.43758	0.00004
2027.58	1.43756	0.00004
2029.22	1.43754	0.00004
2030.87	1.43752	0.00004
2032.52	1.43749	0.00004
2034.17	1.43747	0.00004
2035.83	1.43745	0.00004
2037.49	1.43743	0.00004
2039.15	1.4374	0.00004
2040.82	1.43738	0.00004
2042.48	1.43736	0.00004
2044.15	1.43734	0.00004
2045.83	1.43731	0.00004
2047.5	1.43729	0.00004
2049.18	1.43727	0.00004
2050.86	1.43725	0.00004
2052.55	1.43722	0.00004
2054.23	1.4372	0.00004
2055.92	1.43718	0.00004
2057.61	1.43715	0.00004
2059.31	1.43713	0.00004
2061.01	1.43711	0.00004
2062.71	1.43708	0.00004
2064.41	1.43706	0.00004
2066.12	1.43704	0.00004
2067.82	1.43701	0.00004
2069.54	1.43699	0.00004
2071.25	1.43697	0.00004
2072.97	1.43694	0.00004
2074.69	1.43692	0.00004
2076.41	1.43689	0.00004
2078.14	1.43687	0.00004
2079.87	1.43685	0.00004
2081.6	1.43682	0.00004
2083.33	1.4368	0.00004
2085.07	1.43677	0.00004
2086.81	1.43675	0.00004
2088.55	1.43673	0.00004
2090.3	1.4367	0.00004
2092.05	1.43668	0.00004
2093.8	1.43665	0.00004
2095.56	1.43663	0.00004
2097.32	1.4366	0.00004
2099.08	1.43658	0.00004
2100.84	1.43655	0.00004
2102.61	1.43653	0.00005
2104.38	1.4365	0.00005
2106.15	1.43648	0.00005
2107.93	1.43645	0.00005
2109.7	1.43643	0.00005
2111.49	1.4364	0.00005
2113.27	1.43638	0.00005
2115.06	1.43635	0.00005
2116.85	1.43633	0.00005
2118.64	1.4363	0.00005
2120.44	1.43628	0.00005
2122.24	1.43625	0.00005
2124.04	1.43623	0.00005
2125.85	1.4362	0.00005
2127.66	1.43617	0.00005
2129.47	1.43615	0.00005
2131.29	1.43612	0.00005
2133.11	1.4361	0.00005
2134.93	1.43607	0.00005
2136.75	1.43604	0.00005
2138.58	1.43602	0.00005
2140.41	1.43599	0.00005
2142.25	1.43597	0.00005
2144.08	1.43594	0.00005
2145.92	1.43591	0.00005
2147.77	1.43589	0.00005
2149.61	1.43586	0.00005
2151.46	1.43583	0.00005
2153.32	1.43581	0.00005
2155.17	1.43578	0.00005
2157.03	1.43575	0.00005
2158.89	1.43573	0.00005
2160.76	1.4357	0.00005
2162.63	1.43567	0.00005
2164.5	1.43564	0.00005
2166.38	1.43562	0.00005
2168.26	1.43559	0.00005
2170.14	1.43556	0.00005
2172.02	1.43553	0.00005
2173.91	1.43551	0.00005
2175.81	1.43548	0.00005
2177.7	1.43545	0.00005
2179.6	1.43542	0.00005
2181.5	1.4354	0.00005
2183.41	1.43537	0.00005
2185.31	1.43534	0.00005
2187.23	1.43531	0.00005
2189.14	1.43528	0.00005
2191.06	1.43525	0.00005
2192.98	1.43523	0.00005
2194.91	1.4352	0.00005
2196.84	1.43517	0.00005
2198.77	1.43514	0.00005
2200.7	1.43511	0.00005
2202.64	1.43508	0.00005
2204.59	1.43505	0.00005
2206.53	1.43503	0.00005
2208.48	1.435	0.00005
2210.43	1.43497	0.00005
2212.39	1.43494	0.00005
2214.35	1.43491	0.00005
2216.31	1.43488	0.00005
2218.28	1.43485	0.00005
2220.25	1.43482	0.00005
2222.22	1.43479	0.00005
2224.2	1.43476	0.00005
2226.18	1.43473	0.00005
2228.16	1.4347	0.00005
2230.15	1.43467	0.00005
2232.14	1.43464	0.00005
2234.14	1.43461	0.00005
2236.14	1.43458	0.00005
2238.14	1.43455	0.00005
2240.14	1.43452	0.00005
2242.15	1.43449	0.00005
2244.17	1.43446	0.00006
2246.18	1.43443	0.00006
2248.2	1.4344	0.00006
2250.23	1.43437	0.00006
2252.25	1.43434	0.00006
2254.28	1.43431	0.00006
2256.32	1.43427	0.00006
2258.36	1.43424	0.00006
2260.4	1.43421	0.00006
2262.44	1.43418	0.00006
2264.49	1.43415	0.00006
2266.55	1.43412	0.00006
2268.6	1.43409	0.00006
2270.66	1.43405	0.00006
2272.73	1.43402	0.00006
2274.8	1.43399	0.00006
2276.87	1.43396	0.00006
2278.94	1.43393	0.00006
2281.02	1.43389	0.00006
2283.11	1.43386	0.00006
2285.19	1.43383	0.00006
2287.28	1.4338	0.00006
2289.38	1.43376	0.00006
2291.48	1.43373	0.00006
2293.58	1.4337	0.00006
2295.68	1.43367	0.00006
2297.79	1.43363	0.00006
2299.91	1.4336	0.00006
2302.03	1.43357	0.00006
2304.15	1.43353	0.00006
2306.27	1.4335	0.00006
2308.4	1.43347	0.00006
2310.54	1.43343	0.00006
2312.67	1.4334	0.00006
2314.81	1.43337	0.00006
2316.96	1.43333	0.00006
2319.11	1.4333	0.00006
2321.26	1.43326	0.00006
2323.42	1.43323	0.00006
2325.58	1.43319	0.00006
2327.75	1.43316	0.00006
2329.92	1.43313	0.00006
2332.09	1.43309	0.00006
2334.27	1.43306	0.00006
2336.45	1.43302	0.00006
2338.63	1.43299	0.00006
2340.82	1.43295	0.00006
2343.02	1.43292	0.00006
2345.22	1.43288	0.00006
2347.42	1.43285	0.00006
2349.62	1.43281	0.00006
2351.83	1.43278	0.00006
2354.05	1.43274	0.00006
2356.27	1.4327	0.00006
2358.49	1.43267	0.00006
2360.72	1.43263	0.00006
2362.95	1.4326	0.00006
2365.18	1.43256	0.00006
2367.42	1.43252	0.00006
2369.67	1.43249	0.00007
2371.92	1.43245	0.00007
2374.17	1.43241	0.00007
2376.43	1.43238	0.00007
2378.69	1.43234	0.00007
2380.95	1.4323	0.00007
2383.22	1.43227	0.00007
2385.5	1.43223	0.00007
2387.77	1.43219	0.00007
2390.06	1.43215	0.00007
2392.34	1.43212	0.00007
2394.64	1.43208	0.00007
2396.93	1.43204	0.00007
2399.23	1.432	0.00007
2401.54	1.43197	0.00007
2403.85	1.43193	0.00007
2406.16	1.43189	0.00007
2408.48	1.43185	0.00007
2410.8	1.43181	0.00007
2413.13	1.43177	0.00007
2415.46	1.43173	0.00007
2417.79	1.4317	0.00007
2420.14	1.43166	0.00007
2422.48	1.43162	0.00007
2424.83	1.43158	0.00007
2427.18	1.43154	0.00007
2429.54	1.4315	0.00007
2431.91	1.43146	0.00007
2434.27	1.43142	0.00007
2436.65	1.43138	0.00007
2439.02	1.43134	0.00007
2441.41	1.4313	0.00007
2443.79	1.43126	0.00007
2446.18	1.43122	0.00007
2448.58	1.43118	0.00007
2450.98	1.43114	0.00007
2453.39	1.4311	0.00007
2455.8	1.43106	0.00007
2458.21	1.43102	0.00007
2460.63	1.43097	0.00007
2463.05	1.43093	0.00007
2465.48	1.43089	0.00007
2467.92	1.43085	0.00007
2470.36	1.43081	0.00007
2472.8	1.43077	0.00007
2475.25	1.43072	0.00007
2477.7	1.43068	0.00007
2480.16	1.43064	0.00008
2482.62	1.4306	0.00008
2485.09	1.43056	0.00008
2487.56	1.43051	0.00008
2490.04	1.43047	0.00008
2492.52	1.43043	0.00008
2495.01	1.43038	0.00008
2497.5	1.43034	0.00008
2500	1.4303	0.00008
2502.5	1.43025	0.00008
2505.01	1.43021	0.00008
2507.52	1.43017	0.00008
2510.04	1.43012	0.00008
2512.56	1.43008	0.00008
2515.09	1.43003	0.00008
2517.62	1.42999	0.00008
2520.16	1.42995	0.00008
2522.7	1.4299	0.00008
2525.25	1.42986	0.00008
2527.81	1.42981	0.00008
2530.36	1.42977	0.00008
2532.93	1.42972	0.00008
2535.5	1.42968	0.00008
2538.07	1.42963	0.00008
2540.65	1.42958	0.00008
2543.23	1.42954	0.00008
2545.82	1.42949	0.00008
2548.42	1.42945	0.00008
2551.02	1.4294	0.00008
2553.63	1.42935	0.00008
2556.24	1.42931	0.00008
2558.85	1.42926	0.00008
2561.48	1.42921	0.00008
2564.1	1.42917	0.00008
2566.74	1.42912	0.00008
2569.37	1.42907	0.00008
2572.02	1.42902	0.00008
2574.67	1.42898	0.00008
2577.32	1.42893	0.00008
2579.98	1.42888	0.00008
2582.64	1.42883	0.00009
2585.32	1.42878	0.00009
2587.99	1.42873	0.00009
2590.67	1.42869	0.00009
2593.36	1.42864	0.00009
2596.05	1.42859	0.00009
2598.75	1.42854	0.00009
2601.46	1.42849	0.00009
2604.17	1.42844	0.00009
2606.88	1.42839	0.00009
2609.6	1.42834	0.00009
2612.33	1.42829	0.00009
2615.06	1.42824	0.00009
2617.8	1.42819	0.00009
2620.55	1.42814	0.00009
2623.29	1.42809	0.00009
2626.05	1.42804	0.00009
2628.81	1.42799	0.00009
2631.58	1.42793	0.00009
2634.35	1.42788	0.00009
2637.13	1.42783	0.00009
2639.92	1.42778	0.00009
2642.71	1.42773	0.00009
2645.5	1.42767	0.00009
2648.31	1.42762	0.00009
2651.11	1.42757	0.00009
2653.93	1.42752	0.00009
2656.75	1.42746	0.00009
2659.57	1.42741	0.00009
2662.41	1.42736	0.00009
2665.25	1.4273	0.00009
2668.09	1.42725	0.00009
2670.94	1.4272	0.00009
2673.8	1.42714	0.00009
2676.66	1.42709	0.0001
2679.53	1.42703	0.0001
2682.4	1.42698	0.0001
2685.28	1.42692	0.0001
2688.17	1.42687	0.0001
2691.07	1.42681	0.0001
2693.97	1.42676	0.0001
2696.87	1.4267	0.0001
2699.78	1.42665	0.0001
2702.7	1.42659	0.0001
2705.63	1.42653	0.0001
2708.56	1.42648	0.0001
2711.5	1.42642	0.0001
2714.44	1.42636	0.0001
2717.39	1.42631	0.0001
2720.35	1.42625	0.0001
2723.31	1.42619	0.0001
2726.28	1.42614	0.0001
2729.26	1.42608	0.0001
2732.24	1.42602	0.0001
2735.23	1.42596	0.0001
2738.23	1.4259	0.0001
2741.23	1.42584	0.0001
2744.24	1.42578	0.0001
2747.25	1.42573	0.0001
2750.28	1.42567	0.0001
2753.3	1.42561	0.0001
2756.34	1.42555	0.0001
2759.38	1.42549	0.0001
2762.43	1.42543	0.0001
2765.49	1.42537	0.00011
2768.55	1.4253	0.00011
2771.62	1.42524	0.00011
2774.69	1.42518	0.00011
2777.78	1.42512	0.00011
2780.87	1.42506	0.00011
2783.96	1.425	0.00011
2787.07	1.42494	0.00011
2790.18	1.42487	0.00011
2793.3	1.42481	0.00011
2796.42	1.42475	0.00011
2799.55	1.42468	0.00011
2802.69	1.42462	0.00011
2805.84	1.42456	0.00011
2808.99	1.42449	0.00011
2812.15	1.42443	0.00011
2815.32	1.42437	0.00011
2818.49	1.4243	0.00011
2821.67	1.42424	0.00011
2824.86	1.42417	0.00011
2828.05	1.42411	0.00011
2831.26	1.42404	0.00011
2834.47	1.42398	0.00011
2837.68	1.42391	0.00011
2840.91	1.42384	0.00011
2844.14	1.42378	0.00012
2847.38	1.42371	0.00012
2850.63	1.42364	0.00012
2853.88	1.42358	0.00012
2857.14	1.42351	0.00012
2860.41	1.42344	0.00012
2863.69	1.42337	0.00012
2866.97	1.4233	0.00012
2870.26	1.42324	0.00012
2873.56	1.42317	0.00012
2876.87	1.4231	0.00012
2880.18	1.42303	0.00012
2883.51	1.42296	0.00012
2886.84	1.42289	0.00012
2890.17	1.42282	0.00012
2893.52	1.42275	0.00012
2896.87	1.42268	0.00012
2900.23	1.42261	0.00012
2903.6	1.42254	0.00012
2906.98	1.42246	0.00012
2910.36	1.42239	0.00012
2913.75	1.42232	0.00012
2917.15	1.42225	0.00012
2920.56	1.42218	0.00013
2923.98	1.4221	0.00013
2927.4	1.42203	0.00013
2930.83	1.42196	0.00013
2934.27	1.42188	0.00013
2937.72	1.42181	0.00013
2941.18	1.42173	0.00013
2944.64	1.42166	0.00013
2948.11	1.42158	0.00013
2951.59	1.42151	0.00013
2955.08	1.42143	0.00013
2958.58	1.42136	0.00013
2962.09	1.42128	0.00013
2965.6	1.4212	0.00013
2969.12	1.42113	0.00013
2972.65	1.42105	0.00013
2976.19	1.42097	0.00013
2979.74	1.42089	0.00013
2983.29	1.42082	0.00013
2986.86	1.42074	0.00013
2990.43	1.42066	0.00013
2994.01	1.42058	0.00014
2997.6	1.4205	0.00014
3001.2	1.42042	0.00014
3004.81	1.42034	0.00014
3008.42	1.42026	0.00014
3012.05	1.42018	0.00014
3015.68	1.4201	0.00014
3019.32	1.42002	0.00014
3022.97	1.41994	0.00014
3026.63	1.41985	0.00014
3030.3	1.41977	0.00014
3033.98	1.41969	0.00014
3037.67	1.41961	0.00014
3041.36	1.41952	0.00014
3045.07	1.41944	0.00014
3048.78	1.41935	0.00014
3052.5	1.41927	0.00014
3056.23	1.41918	0.00014
3059.98	1.4191	0.00014
3063.73	1.41901	0.00015
3067.48	1.41893	0.00015
3071.25	1.41884	0.00015
3075.03	1.41875	0.00015
3078.82	1.41867	0.00015
3082.61	1.41858	0.00015
3086.42	1.41849	0.00015
3090.23	1.4184	0.00015
3094.06	1.41832	0.00015
3097.89	1.41823	0.00015
3101.74	1.41814	0.00015
3105.59	1.41805	0.00015
3109.45	1.41796	0.00015
3113.33	1.41787	0.00015
3117.21	1.41778	0.00015
3121.1	1.41769	0.00015
3125	1.41759	0.00015
3128.91	1.4175	0.00016
3132.83	1.41741	0.00016
3136.76	1.41732	0.00016
3140.7	1.41722	0.00016
3144.65	1.41713	0.00016
3148.61	1.41704	0.00016
3152.59	1.41694	0.00016
3156.57	1.41685	0.00016
3160.56	1.41675	0.00016
3164.56	1.41666	0.00016
3168.57	1.41656	0.00016
3172.59	1.41646	0.00016
3176.62	1.41637	0.00016
3180.66	1.41627	0.00016
3184.71	1.41617	0.00016
3188.78	1.41607	0.00017
3192.85	1.41598	0.00017
3196.93	1.41588	0.00017
3201.02	1.41578	0.00017
3205.13	1.41568	0.00017
3209.24	1.41558	0.00017
3213.37	1.41548	0.00017
3217.5	1.41537	0.00017
3221.65	1.41527	0.00017
3225.81	1.41517	0.00017
3229.97	1.41507	0.00017
3234.15	1.41496	0.00017
3238.34	1.41486	0.00017
3242.54	1.41476	0.00017
3246.75	1.41465	0.00018
3250.98	1.41455	0.00018
3255.21	1.41444	0.00018
3259.45	1.41434	0.00018
3263.71	1.41423	0.00018
3267.97	1.41412	0.00018
3272.25	1.41401	0.00018
3276.54	1.41391	0.00018
3280.84	1.4138	0.00018
3285.15	1.41369	0.00018
3289.47	1.41358	0.00018
3293.81	1.41347	0.00018
3298.15	1.41336	0.00018
3302.51	1.41325	0.00018
3306.88	1.41314	0.00019
3311.26	1.41302	0.00019
3315.65	1.41291	0.00019
3320.05	1.4128	0.00019
3324.47	1.41269	0.00019
3328.89	1.41257	0.00019
3333.33	1.41246	0.00019
3337.78	1.41234	0.00019
3342.25	1.41223	0.00019
3346.72	1.41211	0.00019
3351.21	1.41199	0.00019
3355.7	1.41187	0.00019
3360.22	1.41176	0.0002
3364.74	1.41164	0.0002
3369.27	1.41152	0.0002
3373.82	1.4114	0.0002
3378.38	1.41128	0.0002
3382.95	1.41116	0.0002
3387.53	1.41104	0.0002
3392.13	1.41092	0.0002
3396.74	1.41079	0.0002
3401.36	1.41067	0.0002
3405.99	1.41055	0.0002
3410.64	1.41042	0.00021
3415.3	1.4103	0.00021
3419.97	1.41017	0.00021
3424.66	1.41004	0.00021
3429.36	1.40992	0.00021
3434.07	1.40979	0.00021
3438.79	1.40966	0.00021
3443.53	1.40953	0.00021
3448.28	1.4094	0.00021
3453.04	1.40927	0.00021
3457.81	1.40914	0.00021
3462.6	1.40901	0.00022
3467.41	1.40888	0.00022
3472.22	1.40875	0.00022
3477.05	1.40861	0.00022
3481.89	1.40848	0.00022
3486.75	1.40835	0.00022
3491.62	1.40821	0.00022
3496.5	1.40807	0.00022
3501.4	1.40794	0.00022
3506.31	1.4078	0.00022
3511.24	1.40766	0.00023
3516.17	1.40752	0.00023
3521.13	1.40738	0.00023
3526.09	1.40724	0.00023
3531.07	1.4071	0.00023
3536.07	1.40696	0.00023
3541.08	1.40682	0.00023
3546.1	1.40668	0.00023
3551.14	1.40653	0.00023
3556.19	1.40639	0.00023
3561.25	1.40624	0.00024
3566.33	1.4061	0.00024
3571.43	1.40595	0.00024
3576.54	1.4058	0.00024
3581.66	1.40566	0.00024
3586.8	1.40551	0.00024
3591.95	1.40536	0.00024
3597.12	1.40521	0.00024
3602.31	1.40505	0.00024
3607.5	1.4049	0.00025
3612.72	1.40475	0.00025
3617.95	1.4046	0.00025
3623.19	1.40444	0.00025
3628.45	1.40429	0.00025
3633.72	1.40413	0.00025
3639.01	1.40397	0.00025
3644.31	1.40381	0.00025
3649.64	1.40366	0.00026
3654.97	1.4035	0.00026
3660.32	1.40334	0.00026
3665.69	1.40317	0.00026
3671.07	1.40301	0.00026
3676.47	1.40285	0.00026
3681.89	1.40269	0.00026
3687.32	1.40252	0.00026
3692.76	1.40235	0.00027
3698.22	1.40219	0.00027
3703.7	1.40202	0.00027
3709.2	1.40185	0.00027
3714.71	1.40168	0.00027
3720.24	1.40151	0.00027
3725.78	1.40134	0.00027
3731.34	1.40117	0.00027
3736.92	1.401	0.00028
3742.51	1.40082	0.00028
3748.13	1.40065	0.00028
3753.75	1.40047	0.00028
3759.4	1.40029	0.00028
3765.06	1.40012	0.00028
3770.74	1.39994	0.00028
3776.44	1.39976	0.00029
3782.15	1.39958	0.00029
3787.88	1.39939	0.00029
3793.63	1.39921	0.00029
3799.39	1.39903	0.00029
3805.18	1.39884	0.00029
3810.98	1.39865	0.00029
3816.79	1.39847	0.0003
3822.63	1.39828	0.0003
3828.48	1.39809	0.0003
3834.36	1.3979	0.0003
3840.25	1.39771	0.0003
3846.15	1.39751	0.0003
3852.08	1.39732	0.00031
3858.02	1.39713	0.00031
3863.99	1.39693	0.00031
3869.97	1.39673	0.00031
3875.97	1.39653	0.00031
3881.99	1.39633	0.00031
3888.02	1.39613	0.00031
3894.08	1.39593	0.00032
3900.16	1.39573	0.00032
3906.25	1.39552	0.00032
3912.36	1.39532	0.00032
3918.5	1.39511	0.00032
3924.65	1.3949	0.00032
3930.82	1.39469	0.00033
3937.01	1.39448	0.00033
3943.22	1.39427	0.00033
3949.45	1.39406	0.00033
3955.7	1.39384	0.00033
3961.97	1.39363	0.00034
3968.25	1.39341	0.00034
3974.56	1.39319	0.00034
3980.89	1.39297	0.00034
3987.24	1.39275	0.00034
3993.61	1.39253	0.00034
4000	1.39231	0.00035
4006.41	1.39208	0.00035
4012.84	1.39186	0.00035
4019.29	1.39163	0.00035
4025.76	1.3914	0.00035
4032.26	1.39117	0.00036
4038.77	1.39094	0.00036
4045.31	1.3907	0.00036
4051.86	1.39047	0.00036
4058.44	1.39023	0.00036
4065.04	1.38999	0.00037
4071.66	1.38975	0.00037
4078.3	1.38951	0.00037
4084.97	1.38927	0.00037
4091.65	1.38903	0.00037
4098.36	1.38878	0.00038
4105.09	1.38853	0.00038
4111.84	1.38828	0.00038
4118.62	1.38803	0.00038
4125.41	1.38778	0.00038
4132.23	1.38753	0.00039
4139.07	1.38727	0.00039
4145.94	1.38702	0.00039
4152.82	1.38676	0.00039
4159.73	1.3865	0.00039
4166.67	1.38623	0.0004
4173.62	1.38597	0.0004
4180.6	1.38571	0.0004
4187.6	1.38544	0.0004
4194.63	1.38517	0.00041
4201.68	1.3849	0.00041
4208.75	1.38463	0.00041
4215.85	1.38435	0.00041
4222.97	1.38408	0.00042
4230.12	1.3838	0.00042
4237.29	1.38352	0.00042
4244.48	1.38324	0.00042
4251.7	1.38295	0.00043
4258.94	1.38267	0.00043
4266.21	1.38238	0.00043
4273.5	1.38209	0.00043
4280.82	1.3818	0.00044
4288.16	1.3815	0.00044
4295.53	1.38121	0.00044
4302.93	1.38091	0.00044
4310.34	1.38061	0.00045
4317.79	1.38031	0.00045
4325.26	1.38	0.00045
4332.76	1.3797	0.00045
4340.28	1.37939	0.00046
4347.83	1.37908	0.00046
4355.4	1.37877	0.00046
4363	1.37845	0.00047
4370.63	1.37813	0.00047
4378.28	1.37782	0.00047
4385.96	1.37749	0.00047
4393.67	1.37717	0.00048
4401.41	1.37684	0.00048
4409.17	1.37651	0.00048
4416.96	1.37618	0.00049
4424.78	1.37585	0.00049
4432.62	1.37551	0.00049
4440.5	1.37518	0.00049
4448.4	1.37484	0.0005
4456.33	1.37449	0.0005
4464.29	1.37415	0.0005
4472.27	1.3738	0.00051
4480.29	1.37345	0.00051
4488.33	1.37309	0.00051
4496.4	1.37274	0.00052
4504.5	1.37238	0.00052
4512.64	1.37202	0.00052
4520.8	1.37165	0.00053
4528.99	1.37129	0.00053
4537.21	1.37092	0.00053
4545.45	1.37054	0.00054
4553.73	1.37017	0.00054
4562.04	1.36979	0.00054
4570.38	1.36941	0.00055
4578.75	1.36902	0.00055
4587.16	1.36864	0.00055
4595.59	1.36825	0.00056
4604.05	1.36785	0.00056
4612.55	1.36746	0.00057
4621.07	1.36706	0.00057
4629.63	1.36665	0.00057
4638.22	1.36625	0.00058
4646.84	1.36584	0.00058
4655.49	1.36543	0.00058
4664.18	1.36501	0.00059
4672.9	1.36459	0.00059
4681.65	1.36417	0.0006
4690.43	1.36374	0.0006
4699.25	1.36331	0.0006
4708.1	1.36288	0.00061
4716.98	1.36245	0.00061
4725.9	1.36201	0.00062
4734.85	1.36156	0.00062
4743.83	1.36112	0.00062
4752.85	1.36066	0.00063
4761.9	1.36021	0.00063
4770.99	1.35975	0.00064
4780.11	1.35929	0.00064
4789.27	1.35882	0.00065
4798.46	1.35835	0.00065
4807.69	1.35788	0.00066
4816.96	1.3574	0.00066
4826.25	1.35692	0.00067
4835.59	1.35643	0.00067
4844.96	1.35594	0.00067
4854.37	1.35545	0.00068
4863.81	1.35495	0.00068
4873.29	1.35445	0.00069
4882.81	1.35394	0.00069
4892.37	1.35343	0.0007
4901.96	1.35291	0.0007
4911.59	1.35239	0.00071
4921.26	1.35186	0.00071
4930.97	1.35133	0.00072
4940.71	1.3508	0.00073
4950.5	1.35026	0.00073
4960.32	1.34971	0.00074
4970.18	1.34916	0.00074
4980.08	1.34861	0.00075
4990.02	1.34805	0.00075
5000	1.34748	0.00076
5010.02	1.34691	0.00076
5020.08	1.34633	0.00077
5030.18	1.34575	0.00078
5040.32	1.34517	0.00078
5050.51	1.34457	0.00079
5060.73	1.34398	0.00079
5070.99	1.34337	0.0008
5081.3	1.34276	0.00081
5091.65	1.34215	0.00081
5102.04	1.34153	0.00082
5112.47	1.3409	0.00082
5122.95	1.34027	0.00083
5133.47	1.33963	0.00084
5144.03	1.33899	0.00084
5154.64	1.33833	0.00085
5165.29	1.33768	0.00086
5175.98	1.33701	0.00086
5186.72	1.33634	0.00087
5197.51	1.33566	0.00088
5208.33	1.33498	0.00089
5219.21	1.33429	0.00089
5230.13	1.33359	0.0009
5241.09	1.33288	0.00091
5252.1	1.33217	0.00091
5263.16	1.33145	0.00092
5274.26	1.33072	0.00093
5285.41	1.32999	0.00094
5296.61	1.32924	0.00095
5307.86	1.32849	0.00095
5319.15	1.32774	0.00096
5330.49	1.32697	0.00097
5341.88	1.32619	0.00098
5353.32	1.32541	0.00099
5364.81	1.32462	0.00099
5376.34	1.32382	0.001
5387.93	1.32301	0.00101
5399.57	1.32219	0.00102
5411.26	1.32137	0.00103
5422.99	1.32053	0.00104
5434.78	1.31969	0.00105
5446.62	1.31883	0.00106
5458.52	1.31797	0.00107
5470.46	1.3171	0.00108
5482.46	1.31621	0.00109
5494.51	1.31532	0.0011
5506.61	1.31442	0.00111
5518.76	1.3135	0.00112
5530.97	1.31258	0.00113
5543.24	1.31164	0.00114
5555.56	1.31069	0.00115
5567.93	1.30974	0.00116
5580.36	1.30877	0.00117
5592.84	1.30779	0.00118
5605.38	1.30679	0.00119
5617.98	1.30579	0.0012
5630.63	1.30477	0.00121
5643.34	1.30374	0.00122
5656.11	1.3027	0.00124
5668.93	1.30165	0.00125
5681.82	1.30058	0.00126
5694.76	1.2995	0.00127
5707.76	1.2984	0.00129
5720.82	1.2973	0.0013
5733.94	1.29617	0.00131
5747.13	1.29504	0.00132
5760.37	1.29388	0.00134
5773.67	1.29272	0.00135
5787.04	1.29154	0.00137
5800.46	1.29034	0.00138
5813.95	1.28912	0.00139
5827.51	1.28789	0.00141
5841.12	1.28665	0.00142
5854.8	1.28538	0.00144
5868.54	1.2841	0.00145
5882.35	1.28281	0.00147
5896.23	1.28149	0.00149
5910.17	1.28016	0.0015
5924.17	1.2788	0.00152
5938.24	1.27743	0.00153
5952.38	1.27604	0.00155
5966.59	1.27463	0.00157
5980.86	1.27319	0.00159
5995.2	1.27174	0.0016
6009.62	1.27027	0.00162
6024.1	1.26877	0.00164
6038.65	1.26725	0.00166
6053.27	1.26571	0.00168
6067.96	1.26415	0.0017
6082.73	1.26256	0.00172
6097.56	1.26095	0.00174
6112.47	1.25931	0.00176
6127.45	1.25764	0.00178
6142.51	1.25595	0.00181
6157.64	1.25424	0.00183
6172.84	1.25249	0.00185
6188.12	1.25072	0.00187
6203.47	1.24892	0.0019
6218.91	1.24709	0.00192
6234.41	1.24523	0.00195
6250	1.24334	0.00197
6265.66	1.24141	0.002
6281.41	1.23946	0.00203
6297.23	1.23747	0.00205
6313.13	1.23544	0.00208
6329.11	1.23338	0.00211
6345.18	1.23128	0.00214
6361.32	1.22915	0.00217
6377.55	1.22698	0.0022
6393.86	1.22476	0.00223
6410.26	1.22251	0.00227
6426.74	1.22022	0.0023
6443.3	1.21788	0.00233
6459.95	1.21549	0.00237
6476.68	1.21307	0.00241
6493.51	1.21059	0.00244
6510.42	1.20807	0.00248
6527.42	1.20549	0.00252
6544.5	1.20286	0.00256
6561.68	1.20019	0.00261
6578.95	1.19745	0.00265
6596.31	1.19466	0.00269
6613.76	1.19181	0.00274
6631.3	1.1889	0.00279
6648.94	1.18593	0.00284
6666.67	1.18289	0.00289
6684.49	1.17978	0.00295
6702.41	1.17661	0.003
6720.43	1.17336	0.00306
6738.54	1.17004	0.00312
6756.76	1.16664	0.00318
6775.07	1.16316	0.00325
6793.48	1.1596	0.00331
6811.99	1.15595	0.00339
6830.6	1.15221	0.00346
6849.32	1.14838	0.00354
6868.13	1.14445	0.00362
6887.05	1.14042	0.0037
6906.08	1.13628	0.00379
6925.21	1.13204	0.00389
6944.44	1.12767	0.00398
6963.79	1.12319	0.00409
6983.24	1.11858	0.0042
7002.8	1.11384	0.00432
7022.47	1.10896	0.00444
7042.25	1.10394	0.00457
7062.15	1.09877	0.00471
7082.15	1.09343	0.00486
7102.27	1.08793	0.00502
7122.51	1.08225	0.0052
7142.86	1.07639	0.00538
7163.32	1.07032	0.00558
7183.91	1.06406	0.0058
7204.61	1.05757	0.00603
7225.43	1.05085	0.00629
7246.38	1.04388	0.00657
7267.44	1.03665	0.00688
7288.63	1.02913	0.00722
7309.94	1.02132	0.00759
7331.38	1.01319	0.008
7352.94	1.00472	0.00846
7374.63	0.99589	0.00898
7396.45	0.98666	0.00956
7418.4	0.977	0.01022
7440.48	0.96689	0.01096
7462.69	0.95629	0.01181
7485.03	0.94515	0.01278
7507.51	0.93343	0.0139
7530.12	0.92108	0.0152
7552.87	0.90804	0.01672
7575.76	0.89424	0.01849
7598.78	0.87963	0.02058
7621.95	0.86413	0.02307
7645.26	0.84764	0.02603
7668.71	0.8301	0.02959
7692.31	0.8114	0.03388
7716.05	0.79147	0.03908
7739.94	0.77021	0.04543
7763.98	0.74758	0.05319
7788.16	0.72356	0.06272
7812.5	0.69819	0.07443
7836.99	0.67163	0.08881
7861.64	0.64421	0.10639
7886.44	0.61646	0.1277
7911.39	0.58921	0.15315
7936.51	0.56351	0.18289
7961.78	0.54054	0.21658
7987.22	0.52132	0.2534
8012.82	0.50638	0.29212
8038.59	0.49564	0.33153
8064.52	0.4886	0.37072
8090.61	0.48459	0.40924
8116.88	0.48309	0.44699
8143.32	0.48386	0.48403
8169.93	0.48688	0.52033
8196.72	0.49223	0.55563
8223.68	0.49989	0.58946
8250.83	0.50958	0.6212
8278.15	0.52066	0.65024
8305.65	0.53216	0.67628
8333.33	0.54295	0.69945
8361.2	0.55206	0.72038
8389.26	0.55888	0.74006
8417.51	0.56333	0.75958
8445.95	0.56586	0.7798
8474.58	0.56717	0.80107
8503.4	0.56782	0.82306
8532.42	0.56761	0.84504
8561.64	0.56528	0.86671
8591.07	0.55926	0.88913
8620.69	0.54901	0.91466
8650.52	0.53562	0.94547
8680.56	0.52092	0.9826
8710.8	0.50643	1.02616
8741.26	0.49305	1.07603
8771.93	0.48134	1.13242
8802.82	0.47204	1.19597
8833.92	0.46639	1.26754
8865.25	0.46637	1.34784
8896.8	0.47462	1.43703
8928.57	0.49418	1.53432
8960.57	0.52817	1.6378
8992.81	0.57931	1.74424
9025.27	0.64924	1.84907
9057.97	0.73752	1.94684
9090.91	0.84093	2.03267
9124.09	0.95412	2.10448
9157.51	1.0725	2.16419
9191.18	1.19557	2.21577
9225.09	1.32733	2.26057
9259.26	1.47188	2.29387
9293.68	1.62714	2.30736
9328.36	1.78426	2.29703
9363.3	1.93544	2.26706
9398.5	2.08084	2.2235
9433.96	2.22394	2.16431
9469.7	2.35725	2.0846
9505.7	2.47376	1.99475
9541.98	2.5828	1.89944
9578.54	2.68488	1.78965
9615.38	2.76898	1.66503
9652.51	2.83031	1.53603
9689.92	2.87413	1.41089
9727.63	2.90744	1.28965
9765.63	2.93182	1.1682
9803.92	2.94379	1.04494
9842.52	2.93983	0.92326
9881.42	2.92035	0.80887
9920.63	2.88951	0.70568
9960.16	2.85225	0.61411
10000	2.8118	0.53217
10040.16	2.76904	0.45759
10080.65	2.72354	0.38927
10121.46	2.6749	0.32737
10162.6	2.62348	0.27266
10204.08	2.5704	0.22569
10245.9	2.51707	0.18645
10288.07	2.46479	0.15438
10330.58	2.41454	0.12857
10373.44	2.36687	0.10802
10416.67	2.32206	0.09175
10460.25	2.28013	0.07893
10504.2	2.24098	0.06886
10548.52	2.20442	0.061
10593.22	2.17023	0.05492
10638.3	2.13818	0.05029
10683.76	2.10805	0.04686
10729.61	2.07964	0.04446
10775.86	2.05275	0.04296
10822.51	2.02724	0.04228
10869.57	2.00296	0.04236
10917.03	1.9798	0.04317
10964.91	1.95769	0.04471
11013.22	1.93656	0.04696
11061.95	1.9164	0.04995
11111.11	1.89719	0.05366
11160.71	1.87896	0.05809
11210.76	1.86174	0.0632
11261.26	1.84556	0.06894
11312.22	1.83045	0.07525
11363.64	1.8164	0.08204
11415.53	1.80341	0.08924
11467.89	1.79143	0.09678
11520.74	1.78044	0.10464
11574.07	1.77039	0.11281
11627.91	1.76132	0.12133
11682.24	1.75327	0.13019
11737.09	1.74636	0.1394
11792.45	1.74074	0.14885
11848.34	1.73652	0.15839
11904.76	1.73378	0.16778
11961.72	1.73248	0.17672
12019.23	1.73247	0.18498
12077.29	1.73352	0.19237
12135.92	1.73537	0.19887
12195.12	1.73783	0.20453
12254.9	1.74082	0.20949
12315.27	1.74439	0.21381
12376.24	1.74866	0.21746
12437.81	1.75367	0.22019
12500	1.7593	0.22171
12562.81	1.76517	0.22183
12626.26	1.77085	0.22064
12690.36	1.7761	0.21842
12755.1	1.78091	0.21548
12820.51	1.78543	0.21195
12886.6	1.78975	0.2078
12953.37	1.7939	0.20292
13020.83	1.79774	0.19719
13089.01	1.80107	0.19056
13157.89	1.80364	0.18315
13227.51	1.80528	0.17513
13297.87	1.80591	0.16676
13368.98	1.80555	0.15829
13440.86	1.80433	0.14989
13513.51	1.80239	0.14169
13586.96	1.79987	0.13369
13661.2	1.79685	0.12588
13736.26	1.79339	0.11821
13812.15	1.78948	0.11065
13888.89	1.78507	0.10319
13966.48	1.78013	0.09586
14044.94	1.77462	0.08873
14124.29	1.76854	0.08189
14204.55	1.76192	0.07544
14285.71	1.75483	0.06946
