280	3.239993166	0
285	3.226685415	0
290	3.213377663	0
295	3.200069912	0
300	3.18676216	0
305	3.173454409	0
310	3.160146658	0
315	3.146838906	0
320	3.133531155	0
325	3.120223404	0
330	3.106915652	0
335	3.093607901	0
340	3.08030015	0
345	3.066992398	0
350	3.053684647	0
355	3.040376895	0
360	3.027069144	0
365	3.013761393	0
370	3.000453641	0
375	2.98714589	0
380	2.973838139	0
385	2.960530387	0
390	2.947222636	0
395	2.933914885	0
400	2.920607133	0
405	2.907299382	0
410	2.89399163	0
415	2.880683879	0
420	2.867376128	0
425	2.854068376	0
430	2.840760625	0
435	2.827452874	0
440	2.814145122	0
445	2.801690933	0
450	2.789450135	0
455	2.777803332	0
460	2.766552526	0
465	2.755668632	0
470	2.745335108	0
475	2.735171318	0
480	2.725686465	0
485	2.716201613	0
490	2.707500769	0
495	2.698799925	0
500	2.690677595	0
505	2.682699893	0
510	2.675121747	0
515	2.667809973	0
520	2.660743086	0
525	2.65404353	0
530	2.64745635	0
535	2.641318672	0
540	2.635180993	0
545	2.629558078	0
550	2.623935163	0
555	2.618688841	0
560	2.613536667	0
565	2.608642302	0
570	2.603919808	0
575	2.599353893	0
580	2.595022846	0
585	2.590762983	0
590	2.586787854	0
595	2.582812724	0
600	2.57916056	0
605	2.575508396	0
610	2.572090207	0
615	2.568730512	0
620	2.565529404	0
625	2.562434019	0
630	2.559433984	0
635	2.556576972	0
640	2.553762869	0
645	2.5511204	0
650	2.54847793	0
655	2.54602817	0
660	2.543578409	0
665	2.54126686	0
670	2.538989863	0
675	2.536805628	0
680	2.534683234	0
685	2.532616089	0
690	2.530631818	0
695	2.528672191	0
700	2.526811144	0
705	2.524950096	0
710	2.523198858	0
715	2.521447621	0
720	2.519774611	0
725	2.518121159	0
730	2.516519943	0
735	2.514953551	0
740	2.513418177	0
745	2.511929331	0
750	2.510454316	0
755	2.509034623	0
760	2.507614931	0
765	2.506257043	0
770	2.504899156	0
775	2.5035856	0
780	2.502283128	0
785	2.501010601	0
790	2.499758037	0
795	2.498523558	0
800	2.497316205	0
805	2.496117101	0
810	2.494950995	0
815	2.49378489	0
820	2.492656736	0
825	2.491528582	0
830	2.490428632	0
835	2.489335733	0
840	2.488262691	0
845	2.487202887	0
850	2.486155646	0
855	2.48512725	0
860	2.484104882	0
865	2.483106624	0
870	2.482108367	0
875	2.48113934	0
880	2.480170312	0
885	2.479224188	0
890	2.47828379	0
895	2.477360363	0
900	2.476448249	0
905	2.475547396	0
910	2.474663434	0
915	2.473785108	0
920	2.47292933	0
925	2.472073552	0
930	2.471246114	0
935	2.470418676	0
940	2.469614102	0
945	2.468815244	0
950	2.468033708	0
955	2.467263719	0
960	2.4665054	0
965	2.465764584	0
970	2.465029661	0
975	2.464318305	0
980	2.46360695	0
985	2.462925297	0
990	2.462243645	0
995	2.461585893	0
1000	2.460934117	0
1005	2.460300316	0
1010	2.459678497	0
1015	2.459068649	0
1020	2.458476757	0
1025	2.457890818	0
1030	2.457328692	0
1035	2.456766566	0
1040	2.456233902	0
1045	2.455701239	0
1050	2.455191778	0
1055	2.454688117	0
1060	2.454201485	0
1065	2.453726206	0
1070	2.453261961	0
1075	2.452814269	0
1080	2.452371902	0
1085	2.451950832	0
1090	2.451529762	0
1095	2.451134173	0
1100	2.450738585	0
1105	2.450362332	0
1110	2.449990913	0
1115	2.449633109	0
1120	2.449284381	0
1125	2.448944075	0
1130	2.448616401	0
1135	2.448292581	0
1140	2.447984174	0
1145	2.447675768	0
1150	2.447384707	0
1155	2.447093646	0
1160	2.446814829	0
1165	2.446539073	0
1170	2.446271215	0
1175	2.446008623	0
1180	2.445750407	0
1185	2.445498756	0
1190	2.445248838	0
1195	2.445005852	0
1200	2.444762867	0
1205	2.444526243	0
1210	2.444289619	0
1215	2.444056242	0
1220	2.443823678	0
1225	2.443592187	0
1230	2.443361413	0
1235	2.443130475	0
1240	2.442899292	0
1245	2.442667608	0
1250	2.442433925	0
1255	2.442200242	0
1260	2.441962115	0
1265	2.441723987	0
1270	2.441480903	0
1275	2.44123658	0
1280	2.440987631	0
1285	2.440735597	0
1290	2.440479989	0
1295	2.440219018	0
1300	2.439956082	0
1305	2.439685285	0
1310	2.439414488	0
1315	2.439133369	0
1320	2.43885225	0
1325	2.438562837	0
1330	2.438271351	0
1335	2.437973924	0
1340	2.437672537	0
1345	2.437367603	0
1350	2.437057352	0
1355	2.436745663	0
1360	2.436428226	0
1365	2.436110788	0
1370	2.435788548	0
1375	2.435466308	0
1380	2.435142756	0
1385	2.434818876	0
1390	2.43449642	0
1395	2.434174914	0
1400	2.433856334	0
1405	2.433542144	0
1410	2.433230607	0
1415	2.432929683	0
1420	2.432628759	0
1425	2.432348141	0
1430	2.432067523	0
1435	2.43180972	0
1440	2.431557622	0
1445	2.431328322	0
1450	2.43111422	0
1455	2.430919648	0
1460	2.430754371	0
1465	2.430601313	0
1470	2.430497136	0
1475	2.430392958	0
1480	2.430363695	0
1485	2.430334432	0
1490	2.430377464	0
1495	2.43043857	0
1500	2.430564217	0
1505	2.43073289	0
1510	2.430952206	0
1515	2.431247487	0
1520	2.431572289	0
1525	2.432015171	0
1530	2.432458054	0
1535	2.433050221	5.91E-05
1540	2.433362737	1.00E-04
1545	2.4330675	1.00E-04
1550	2.432765313	1.00E-04
1555	2.432473125	1.00E-04
1560	2.432184021	1.00E-04
1565	2.431892449	1.00E-04
1570	2.431601429	1.00E-04
1575	2.431318182	1.00E-04
1580	2.431034	1.00E-04
1585	2.430747228	1.00E-04
1590	2.430469604	1.00E-04
1595	2.430190098	1.00E-04
1600	2.42991	1.00E-04
1605	2.429637864	1.00E-04
1610	2.429359806	1.10E-04
1615	2.429089423	1.10E-04
1620	2.428812571	1.10E-04
1625	2.428547736	1.10E-04
1630	2.428277264	1.10E-04
1635	2.428013364	1.10E-04
1640	2.427743333	1.10E-04
1645	2.427485556	1.10E-04
1650	2.427219358	1.10E-04
1655	2.426958636	1.10E-04
1660	2.426701364	1.10E-04
1665	2.42644027	1.10E-04
1670	2.426180536	1.10E-04
1675	2.425926786	1.10E-04
1680	2.425674867	1.10E-04
1685	2.425420885	1.20E-04
1690	2.425167368	1.20E-04
1695	2.424915826	1.20E-04
1700	2.424665172	1.20E-04
1705	2.424416552	1.20E-04
1710	2.424169487	1.20E-04
1715	2.42392359	1.20E-04
1720	2.42367437	1.20E-04
1725	2.423426639	1.20E-04
1730	2.423185042	1.20E-04
1735	2.4229455	1.20E-04
1740	2.422699256	1.20E-04
1745	2.422459836	1.20E-04
1750	2.422218689	1.20E-04
1755	2.421980244	1.30E-04
1760	2.421737097	1.30E-04
1765	2.42150592	1.30E-04
1770	2.42126592	1.30E-04
1775	2.421027143	1.30E-04
1780	2.420799764	1.30E-04
1785	2.420563543	1.30E-04
1790	2.420328906	1.30E-04
1795	2.420095581	1.30E-04
1800	2.419863488	1.30E-04
1805	2.419632308	1.30E-04
1810	2.419402824	1.30E-04
1815	2.419174545	1.40E-04
1820	2.418937727	1.40E-04
1825	2.41871188	1.40E-04
1830	2.418487164	1.40E-04
1835	2.418254	1.40E-04
1840	2.418031778	1.40E-04
1845	2.417800882	1.40E-04
1850	2.417581022	1.40E-04
1855	2.417352609	1.40E-04
1860	2.417125217	1.40E-04
1865	2.416903741	1.40E-04
1870	2.416683	1.41E-04
1875	2.41646	1.50E-04
1880	2.416235106	1.50E-04
1885	2.416015634	1.50E-04
1890	2.415792378	1.50E-04
1895	2.415568472	1.50E-04
1900	2.4153475	1.50E-04
1905	2.415130276	1.50E-04
1910	2.414912808	1.50E-04
1915	2.41468898	1.50E-04
1920	2.414474898	1.50E-04
1925	2.414252162	1.60E-04
1930	2.41403349	1.60E-04
1935	2.413819067	1.60E-04
1940	2.4135996	1.60E-04
1945	2.413380921	1.60E-04
1950	2.413163684	1.60E-04
1955	2.412946275	1.60E-04
1960	2.412735686	1.60E-04
1965	2.412518516	1.60E-04
1970	2.412302692	1.60E-04
1975	2.412087436	1.70E-04
1980	2.411873694	1.70E-04
1985	2.41166121	1.70E-04
1990	2.411446981	1.70E-04
1995	2.411229245	1.70E-04
2000	2.41102	1.70E-04
2005	2.410801739	1.70E-04
2010	2.410594783	1.70E-04
2015	2.410378528	1.70E-04
2020	2.410163804	1.74E-04
2025	2.409949695	1.80E-04
2030	2.409736909	1.80E-04
2035	2.409525	1.80E-04
2040	2.409314371	1.80E-04
2045	2.409104583	1.80E-04
2050	2.408895833	1.80E-04
2055	2.40868355	1.80E-04
2060	2.408471588	1.80E-04
2065	2.408262398	1.90E-04
2070	2.40805117	1.90E-04
2075	2.407837384	1.90E-04
2080	2.407633988	1.90E-04
2085	2.407422816	1.90E-04
2090	2.407212	1.90E-04
2095	2.407002273	1.90E-04
2100	2.406793409	1.90E-04
2105	2.406581977	1.90E-04
2110	2.406368268	2.00E-04
2115	2.406162346	2.00E-04
2120	2.405949556	2.00E-04
2125	2.405742873	2.00E-04
2130	2.405536703	2.00E-04
2135	2.405326923	2.00E-04
2140	2.405117923	2.00E-04
2145	2.40491	2.00E-04
2150	2.404703135	2.10E-04
2155	2.404487351	2.10E-04
2160	2.404282513	2.10E-04
2165	2.404071383	2.10E-04
2170	2.403865957	2.10E-04
2175	2.403654105	2.10E-04
2180	2.403445263	2.10E-04
2185	2.403243053	2.10E-04
2190	2.403034167	2.20E-04
2195	2.402826269	2.20E-04
2200	2.402619016	2.20E-04
2205	2.402403093	2.20E-04
2210	2.402197641	2.20E-04
2215	2.401993469	2.20E-04
2220	2.401780152	2.20E-04
2225	2.401573636	2.30E-04
2230	2.40136603	2.30E-04
2235	2.4011556	2.30E-04
2240	2.4009463	2.30E-04
2245	2.400736965	2.30E-04
2250	2.400530197	2.30E-04
2255	2.400321765	2.30E-04
2260	2.400115686	2.40E-04
2265	2.399907718	2.40E-04
2270	2.399698835	2.40E-04
2275	2.399491304	2.40E-04
2280	2.399284135	2.40E-04
2285	2.399077308	2.40E-04
2290	2.398863429	2.40E-04
2295	2.398659143	2.50E-04
2300	2.398446179	2.50E-04
2305	2.398237925	2.50E-04
2310	2.39803271	2.50E-04
2315	2.397822047	2.50E-04
2320	2.397612744	2.50E-04
2325	2.397404167	2.50E-04
2330	2.397196682	2.60E-04
2335	2.396986514	2.60E-04
2340	2.396773699	2.60E-04
2345	2.396569	2.60E-04
2350	2.396354525	2.60E-04
2355	2.396147207	2.60E-04
2360	2.395939058	2.70E-04
2365	2.395727265	2.70E-04
2370	2.3955168	2.70E-04
2375	2.395306947	2.70E-04
2380	2.395097832	2.70E-04
2385	2.394889737	2.70E-04
2390	2.394682358	2.80E-04
2395	2.394465852	2.80E-04
2400	2.394256667	2.80E-04
2405	2.394050216	2.80E-04
2410	2.393834483	2.80E-04
2415	2.393627768	2.80E-04
2420	2.393415957	2.89E-04
2425	2.393202766	2.90E-04
2430	2.392990591	2.90E-04
2435	2.392779328	2.90E-04
2440	2.392568996	2.90E-04
2445	2.392359372	2.90E-04
2450	2.392144917	2.96E-04
2455	2.391933195	3.00E-04
2460	2.391726033	3.00E-04
2465	2.391509753	3.00E-04
2470	2.39129623	3.00E-04
2475	2.391081224	3.00E-04
2480	2.390876504	3.09E-04
2485	2.390663644	3.10E-04
2490	2.390451613	3.10E-04
2495	2.390230442	3.10E-04
2500	2.39002	3.10E-04
