0.9952086937821127
0.9952122516461012
0.9952156787645196
0.9951867379723065
0.9952164392780126
0.9951756767680313
0.9952079293419979
0.9952094383447663
0.9952143127838797
0.99521730269194
0.9951877766177127
0.9952181280909833
0.9952018346028966
0.9952038160884563
0.9952114199462293
0.9952037895716581
0.995208154227463
0.9952027790948146
0.9952156864107424
0.9952159743853114
0.9952110853848907
0.9951801186892616
0.9951383418970816
0.9952096345164779
0.9952150406024223
0.9952082369591613
0.9952160792642091
0.9951768415531642
0.9951973021214997
0.9952125054050002
0.9952046273349504
0.9951988990057433
0.9952118713818648
0.9951897956468969
0.9952135371494388
0.9952084446951313
0.9952046262538873
0.9952145320688346
0.9951898052093632
0.9952027878415566
0.9952112379015703
0.9952160616264358
0.9951776532292829
0.9952174471954653
0.9952111823462776
0.9951960258384284
0.9952133022122086
0.9951955764962589
