3808068467
2574674776
1775235522
2731866726
4033169119
2330315904
1022888568
1125395715
1408365723
2030750334
3617771575
2754199384
2242302336
3228405968
1099790308
4276518664
4737106
227484402
2500058884
184617298
4118180525
599442791
3708535273
813201288
2564693998
575825089
1596671360
410182250
3197032216
3059581490
919335595
83058098
2004118368
1403137056
3694959204
2642460355
2102984549
2588090557
889886962
3244400475
1436155063
3350491743
4106120856
3694761982
3103558542
444157755
66065285
867124600
