1.000000000000000000e+06 1.072020139485906469e+02 1.198112538266803568e+02 1.350575551836921022e+02 0.000000000000000000e+00 1.735352151595137560e-01 5.067389182719643781e-01 8.105209587990798159e-01
1.000000000000000000e+06 1.077879595689767456e+02 1.214774187830088863e+02 1.355914029257757818e+02 0.000000000000000000e+00 1.775969282717174413e-01 5.132364589981369685e-01 8.057271035156925443e-01
1.000000000000000000e+06 1.085357207743840746e+02 1.208453349451172869e+02 1.359326948970879130e+02 0.000000000000000000e+00 1.709120350467497884e-01 5.011955017171957349e-01 8.000832526121139932e-01
1.000000000000000000e+06 1.086681300769541707e+02 1.251900457850702821e+02 1.381161097725624813e+02 0.000000000000000000e+00 1.626534470081936190e-01 4.976171008789185279e-01 7.984909444573445869e-01
1.000000000000000000e+06 1.069736096109878360e+02 1.182236425012371086e+02 1.374955233051435926e+02 0.000000000000000000e+00 1.730137494436162215e-01 4.999701339898087737e-01 8.012411336958480401e-01
1.000000000000000000e+06 1.025613736526571387e+02 1.218940457598104672e+02 1.341647344873848056e+02 0.000000000000000000e+00 1.738145099128430016e-01 5.161261273543188421e-01 8.168990980027311943e-01
1.000000000000000000e+06 1.066123895363054856e+02 1.191115699159940533e+02 1.337472154020997266e+02 0.000000000000000000e+00 1.771249599000281338e-01 5.091048677107300469e-01 7.964494120214451467e-01
1.000000000000000000e+06 1.051311461705796830e+02 1.172376636849395197e+02 1.374400359300924777e+02 0.000000000000000000e+00 1.713771560138407368e-01 4.903357309072300940e-01 7.956097198119107539e-01
1.000000000000000000e+06 1.070616531911952336e+02 1.192073382014622922e+02 1.356619221058257949e+02 0.000000000000000000e+00 1.705491743050714937e-01 4.911623115552146701e-01 7.967279479511577556e-01
1.000000000000000000e+06 1.059707234604704382e+02 1.203377679321731364e+02 1.349284138397694051e+02 0.000000000000000000e+00 1.752931281439610578e-01 5.058115042965957153e-01 7.993019205093185864e-01
1.000000000000000000e+06 1.064935368816920658e+02 1.170869008234413968e+02 1.370207098803786323e+02 0.000000000000000000e+00 1.826889951040676918e-01 5.218885473562374644e-01 8.055051120250347196e-01
1.000000000000000000e+06 1.060378062280559135e+02 1.199579761270491787e+02 1.358035963645684205e+02 0.000000000000000000e+00 1.689834205343140883e-01 5.045717383840392367e-01 8.013430217957798751e-01
1.000000000000000000e+06 1.051463353146777138e+02 1.181343967982444241e+02 1.381956058997314756e+02 0.000000000000000000e+00 1.847437819517292190e-01 5.162913478695231317e-01 8.064629767791573478e-01
1.000000000000000000e+06 1.056308156104683462e+02 1.168830985805551137e+02 1.341392784284709023e+02 0.000000000000000000e+00 1.652821294870061297e-01 5.018341769014819098e-01 7.956742341659960305e-01
1.000000000000000000e+06 1.066758314965906749e+02 1.174043177319313713e+02 1.350031376803583498e+02 0.000000000000000000e+00 1.766396858247504809e-01 4.997120736390520679e-01 7.944934998401741444e-01
1.000000000000000000e+06 1.067194923001201801e+02 1.183213261764200155e+02 1.328633095350199085e+02 0.000000000000000000e+00 1.840131873272030372e-01 5.063554723832419668e-01 7.994041879480967561e-01
1.000000000000000000e+06 1.040721856075279703e+02 1.183293371492425621e+02 1.327882284233629662e+02 0.000000000000000000e+00 1.670846281554607959e-01 4.923605836354450482e-01 7.969986677924538743e-01
1.000000000000000000e+06 1.066957515375037389e+02 1.208619669183538434e+02 1.328525175375175422e+02 0.000000000000000000e+00 1.794581549887160066e-01 5.018386960599685587e-01 8.040384359375661871e-01
1.000000000000000000e+06 1.069344892869446824e+02 1.190044326806510213e+02 1.375096174466725074e+02 0.000000000000000000e+00 1.634982551552243979e-01 4.981827802859481458e-01 7.989450119396499517e-01
1.000000000000000000e+06 1.067849041154764080e+02 1.206869038281508608e+02 1.376810060910488573e+02 0.000000000000000000e+00 1.705727660326722683e-01 4.940441578082827023e-01 7.930298045359909231e-01
1.000000000000000000e+06 1.049816710925732650e+02 1.198861067898303503e+02 1.367083421946798296e+02 0.000000000000000000e+00 1.561434757200857448e-01 4.884032033977702691e-01 7.974968409438175643e-01
1.000000000000000000e+06 1.014089891190331656e+02 1.174520649482553409e+02 1.323234248484581030e+02 0.000000000000000000e+00 1.563052341776427212e-01 4.945417662400337089e-01 8.000539441424874276e-01
1.000000000000000000e+06 1.045597852789101694e+02 1.157690045222062452e+02 1.456607113152806221e+02 0.000000000000000000e+00 1.573772646706002865e-01 4.769404732145924308e-01 7.954353832801899227e-01
1.000000000000000000e+06 1.068343660609481276e+02 1.186953478023756787e+02 1.372074984308103183e+02 0.000000000000000000e+00 1.654971368472173410e-01 4.834567857129396518e-01 7.912185420244185474e-01
1.000000000000000000e+06 1.071850471576498052e+02 1.206451545727401964e+02 1.393610705375116936e+02 0.000000000000000000e+00 1.728675485343904583e-01 5.065178042963029981e-01 8.050583300710417722e-01
1.000000000000000000e+06 1.051069881134760635e+02 1.208612697571594055e+02 1.388897288418505411e+02 0.000000000000000000e+00 1.801679897236774242e-01 5.114619797881260199e-01 8.106881165765721375e-01
1.000000000000000000e+06 1.058940015627286186e+02 1.205262613288825548e+02 1.359369183693866603e+02 0.000000000000000000e+00 1.639557641755129413e-01 4.886161730729613462e-01 7.915807522644829897e-01
1.000000000000000000e+06 1.038276566423626832e+02 1.205590543943330317e+02 1.298987438367191203e+02 0.000000000000000000e+00 1.601824107625309246e-01 5.027059084416769519e-01 7.960638572169937976e-01
1.000000000000000000e+06 1.045095372381700685e+02 1.230539581305979482e+02 1.377393479844418778e+02 0.000000000000000000e+00 1.703208459832080968e-01 4.894656381873128126e-01 7.951784760339534186e-01
1.000000000000000000e+06 1.064534052909744162e+02 1.180960764282623643e+02 1.362497296910706552e+02 0.000000000000000000e+00 1.583465996054174707e-01 4.871754012037431969e-01 7.901781407592509687e-01
1.000000000000000000e+06 1.064083824847830186e+02 1.195197996092624493e+02 1.361659316302744287e+02 0.000000000000000000e+00 1.655791652057197749e-01 4.924567902830342958e-01 8.058508261614495405e-01
1.000000000000000000e+06 1.060761192790983074e+02 1.213491963422451221e+02 1.361839746737471444e+02 0.000000000000000000e+00 1.734582569815294184e-01 5.144304354176209015e-01 8.165586469725534258e-01
1.000000000000000000e+06 1.071901138610937920e+02 1.213698098246995443e+02 1.404506115961989394e+02 0.000000000000000000e+00 1.745110004225899070e-01 5.044103077524945133e-01 8.030835100317657016e-01
1.000000000000000000e+06 1.069718716723966736e+02 1.199169229585301082e+02 1.367968046264648763e+02 0.000000000000000000e+00 1.836671506607606141e-01 4.957098334547967999e-01 8.038671792809752858e-01
1.000000000000000000e+06 1.047775495747207515e+02 1.207614899575516034e+02 1.345870239446938115e+02 0.000000000000000000e+00 1.735124323403695046e-01 5.023174340706786367e-01 7.961460360630080446e-01
1.000000000000000000e+06 1.042554039625474616e+02 1.199659529553447896e+02 1.337578994265613801e+02 0.000000000000000000e+00 1.575302226075095124e-01 4.868229266574300440e-01 7.909344516089336086e-01
1.000000000000000000e+06 1.062464795705353708e+02 1.212012077480571719e+02 1.330673302174174069e+02 0.000000000000000000e+00 1.812005381493147493e-01 5.110170538989818878e-01 8.085575639530346859e-01
1.000000000000000000e+06 1.079091670950492414e+02 1.219135161738485209e+02 1.361635049734632901e+02 0.000000000000000000e+00 1.707065207322343847e-01 4.992445611212008028e-01 8.005395473613735602e-01
1.000000000000000000e+06 1.070916142468093000e+02 1.220911450808968794e+02 1.378005562541491429e+02 0.000000000000000000e+00 1.725394608045921485e-01 5.212019641868764763e-01 8.069864858588913226e-01
1.000000000000000000e+06 1.077678569357492648e+02 1.210440569022151749e+02 1.329124755136917031e+02 0.000000000000000000e+00 1.828728611588361641e-01 5.163111721439526125e-01 8.084636311730241109e-01
1.000000000000000000e+06 1.068524836927925463e+02 1.209186617701275281e+02 1.407555638714330257e+02 0.000000000000000000e+00 1.746866426594213817e-01 5.022661285932603636e-01 8.020247641189250931e-01
1.000000000000000000e+06 1.052577146371394434e+02 1.192807959264566620e+02 1.369995251177865896e+02 0.000000000000000000e+00 1.756354271935101352e-01 5.078997741836843716e-01 8.009759430346468090e-01
1.000000000000000000e+06 1.116615948739368775e+02 1.233943665810127328e+02 1.332149616369285638e+02 0.000000000000000000e+00 1.694087405945556846e-01 5.035461389592328363e-01 8.006725173701630949e-01
1.000000000000000000e+06 1.070104784358688050e+02 1.191118378992618858e+02 1.348574168542441214e+02 0.000000000000000000e+00 1.750980846337198138e-01 5.042924507754876773e-01 7.988804110034333217e-01
1.000000000000000000e+06 1.063472512826164404e+02 1.196692586388530515e+02 1.399969509768290834e+02 0.000000000000000000e+00 1.660770814293529296e-01 5.025423330915088638e-01 8.028039861965347024e-01
1.000000000000000000e+06 1.056477441172185365e+02 1.207432579784405675e+02 1.415460421088287717e+02 0.000000000000000000e+00 1.724025171620948427e-01 4.930381122640515867e-01 8.035167360901047662e-01
1.000000000000000000e+06 1.073075702829624305e+02 1.198849431075469170e+02 1.392711937812937038e+02 0.000000000000000000e+00 1.643414130095038617e-01 4.942830860837644225e-01 8.001473241016314741e-01
1.000000000000000000e+06 1.063508958036657646e+02 1.186727246226079728e+02 1.367251733005550989e+02 0.000000000000000000e+00 1.931945569381865180e-01 5.146824926289330637e-01 8.080545484460314176e-01
