280	0.06973638039818247	1e-301	0.9302636196018175
285	0.07921273796756828	0.0	0.9207872620324318
290	0.08735646807472354	0.0	0.9126435319252765
295	0.09378397725755311	0.0	0.906216022742447
300	0.09882862289028681	0.0	0.9011713771097132
305	0.10245951598520052	0.0	0.8975404840147995
310	0.10485295960708071	0.0	0.8951470403929193
315	0.10635935097419759	0.0	0.8936406490258024
320	0.10713984151985517	0.0	0.8928601584801448
325	0.1066783947799348	0.0	0.8933216052200652
330	0.10575655290848024	0.0	0.8942434470915197
335	0.1036067653494574	0.0	0.8963932346505425
340	0.10101270317959467	0.0	0.8989872968204053
345	0.09743259053054901	0.0	0.902567409469451
350	0.09332203245685661	0.0	0.9066779675431433
355	0.08853094990619147	0.0	0.9114690500938085
360	0.08301548223829468	0.0	0.9169845177617053
365	0.07597022849054122	0.0	0.9240297715094588
370	0.06806424322216009	0.0	0.9319357567778399
375	0.060580087096077984	0.0	0.939419912903922
380	0.053386437933105324	0.0	0.9466135620668947
385	0.047262648805924186	0.0	0.9527373511940758
390	0.042338124607014804	0.0	0.9576618753929852
395	0.03841304784442913	0.0	0.9615869521555709
400	0.0352416607102921	0.0	0.9647583392897079
405	0.033116298473585284	0.0	0.9668837015264147
410	0.031413422760311165	0.0	0.9685865772396889
415	0.03015535482823676	0.0	0.9698446451717633
420	0.02930302039859947	0.0	0.9706969796014006
425	0.028652466781714202	0.0	0.9713475332182858
430	0.028179298704112114	0.0	0.9718207012958879
435	0.027830771515533887	0.0	0.9721692284844661
440	0.02756127428573721	0.0	0.9724387257142628
445	0.027251737972911243	0.0	0.9727482620270888
450	0.026842496577768035	0.0	0.973157503422232
455	0.026497960127763013	0.0	0.9735020398722369
460	0.026125794311070642	0.0	0.9738742056889294
465	0.025615840923416414	0.0	0.9743841590765836
470	0.025035324587482578	0.0	0.9749646754125174
475	0.024382195043337093	0.0	0.975617804956663
480	0.02371659882774236	0.0	0.9762834011722576
485	0.0230095932704682	0.0	0.9769904067295317
490	0.022150248682324226	0.0	0.9778497513176758
495	0.021210208903999144	0.0	0.9787897910960008
500	0.020230360495246753	0.0	0.9797696395047533
505	0.019212066629971714	0.0	0.9807879333700282
510	0.018206380114534765	0.0	0.9817936198854652
515	0.017174749786852045	0.0	0.9828252502131479
520	0.016122586135321332	0.0	0.9838774138646786
525	0.015047108956815679	0.0	0.9849528910431843
530	0.013954694764874591	0.0	0.9860453052351255
535	0.01285154152859972	0.0	0.9871484584714003
540	0.011744574707574208	0.0	0.9882554252924258
545	0.010643951306157508	0.0	0.9893560486938425
550	0.00956162971758059	0.0	0.9904383702824194
555	0.00850771974579053	0.0	0.9914922802542094
560	0.007495492328255719	0.0	0.9925045076717443
565	0.00653113656615009	0.0	0.9934688634338499
570	0.005621805449763456	0.0	0.9943781945502366
575	0.004782628693205747	0.0	0.9952173713067942
580	0.00401597135904641	0.0	0.9959840286409536
585	0.003325499957878643	0.0	0.9966745000421213
590	0.0027160467969415134	0.0	0.9972839532030585
595	0.0021905707303814413	0.0	0.9978094292696186
600	0.0017524538186018714	0.0	0.9982475461813981
605	0.0014040283919337397	0.0	0.9985959716080662
610	0.0011471590174031915	0.0	0.9988528409825969
615	0.00098167290632948	0.0	0.9990183270936706
620	0.0009075702180744803	0.0	0.9990924297819255
625	0.0009209267315760392	0.0	0.9990790732684239
630	0.0010247262427799178	0.0	0.9989752737572201
635	0.001217526420477922	0.0	0.9987824735795221
640	0.0015010557899367634	0.0	0.9984989442100632
645	0.001871608289952331	0.0	0.9981283917100476
650	0.002326135799954671	0.0	0.9976738642000453
655	0.0028643963687561918	0.0	0.9971356036312438
660	0.0034851954706248355	0.0	0.9965148045293751
665	0.0041828925147947265	0.0	0.9958171074852052
670	0.004953918740701332	0.0	0.9950460812592987
675	0.005833874701592058	0.0	0.994166125298408
680	0.006789472307064498	0.0	0.9932105276929355
685	0.007815039641092978	0.0	0.992184960358907
690	0.008905889807923334	0.0	0.9910941101920767
695	0.010054569952262456	0.0	0.9899454300477375
700	0.011256501541212483	0.0	0.9887434984587875
705	0.01250635693835917	0.0	0.9874936430616408
710	0.013802781456494337	0.0	0.9861972185435056
715	0.015144087257696925	0.0	0.9848559127423031
720	0.016514463433380023	0.0	0.98348553656662
725	0.017908022197981086	0.0	0.982091977802019
730	0.0193071206139355	0.0	0.9806928793860645
735	0.02063823742706193	0.0	0.979361762572938
740	0.02196289509739008	0.0	0.97803710490261
745	0.023276281345937823	0.0	0.9767237186540622
750	0.024573899051395294	0.0	0.9754261009486047
755	0.0257786266277739	0.0	0.9742213733722261
760	0.026923193242874	0.0	0.973076806757126
765	0.028032014257228212	0.0	0.9719679857427718
770	0.029102843513741383	0.0	0.9708971564862586
775	0.030130928888636062	0.0	0.9698690711113639
780	0.0309790259734996	0.0	0.9690209740265004
785	0.03178719248816997	0.0	0.96821280751183
790	0.032554962001677935	0.0	0.967445037998322
795	0.03328220057289162	0.0	0.9667177994271083
800	0.033969775129499266	0.0	0.9660302248705007
805	0.034673069568541263	0.0	0.9653269304314588
810	0.03533956599174186	0.0	0.9646604340082582
815	0.035969258921704106	0.0	0.9640307410782959
820	0.036562220226544956	0.0	0.963437779773455
825	0.037118630674564015	0.0	0.962881369325436
830	0.037623425887100534	0.0	0.9623765741128995
835	0.03808400800380266	0.0	0.9619159919961974
840	0.03850776762292785	0.0	0.9614922323770722
845	0.03889527052085129	0.0	0.9611047294791487
850	0.039247017348654586	0.0	0.9607529826513455
855	0.03956370388675033	0.0	0.9604362961132497
860	0.03983546391494355	0.0	0.9601645360850565
865	0.04007726162435056	0.0	0.9599227383756495
870	0.04029001270534804	0.0	0.959709987294652
875	0.04047455984176573	0.0	0.9595254401582343
880	0.040631597087118596	0.0	0.9593684029128814
885	0.04076199803787717	0.0	0.9592380019621228
890	0.04088227627099309	0.0	0.9591177237290069
895	0.04097921146463483	0.0	0.9590207885353652
900	0.04105128558344011	0.0	0.9589487144165599
905	0.04109938298524375	0.0	0.9589006170147563
910	0.04112419006313729	0.0	0.9588758099368627
915	0.04112656576892806	0.0	0.958873434231072
920	0.0411099623874641	0.0	0.9588900376125359
925	0.04108072561244771	0.0	0.9589192743875523
930	0.04103475337405872	0.0	0.9589652466259413
935	0.04097278442176576	0.0	0.9590272155782342
940	0.04089529656141106	0.0	0.9591047034385889
945	0.04080302298799324	0.0	0.9591969770120068
950	0.040696354328018956	0.0	0.959303645671981
955	0.0405840146811506	0.0	0.9594159853188494
960	0.0404796563392054	0.0	0.9595203436607946
965	0.04036037920163307	0.0	0.959639620798367
970	0.04022654454063938	0.0	0.9597734554593607
975	0.04007876306385868	0.0	0.9599212369361413
980	0.03991745956465297	0.0	0.960082540435347
985	0.03974322424438796	0.0	0.9602567757556121
990	0.0395563934603445	0.0	0.9604436065396555
995	0.0393831199673912	0.0	0.9606168800326088
1000	0.03921692385672717	0.0	0.9607830761432729
1005	0.039043867248024666	0.0	0.9609561327519753
1010	0.03886334953584148	0.0	0.9611366504641585
1015	0.03867566878006529	0.0	0.9613243312199347
1020	0.03848098437093067	0.0	0.9615190156290694
1025	0.038279581270728814	0.0	0.9617204187292712
1030	0.038071608863911345	0.0	0.9619283911360886
1035	0.037883428807972436	0.0	0.9621165711920275
1040	0.037724416078637864	0.0	0.9622755839213621
1045	0.03755421043773656	0.0	0.9624457895622635
1050	0.03737292732115504	0.0	0.962627072678845
1055	0.03718096596192862	0.0	0.9628190340380713
1060	0.03697843904013659	0.0	0.9630215609598634
1065	0.036765701064059186	0.0	0.9632342989359408
1070	0.03654294792700644	0.0	0.9634570520729936
1075	0.03631048835903781	0.0	0.9636895116409622
1080	0.036071937540343345	0.0	0.9639280624596567
1085	0.03582928359689104	0.0	0.9641707164031089
1090	0.03557736827442663	0.0	0.9644226317255734
1095	0.03531657559656219	0.0	0.9646834244034378
1100	0.03504695298320295	0.0	0.9649530470167971
1105	0.03476892865403701	0.0	0.965231071345963
1110	0.03448264340212264	0.0	0.9655173565978774
1115	0.03418831360115887	0.0	0.9658116863988411
1120	0.03388618741476389	0.0	0.9661138125852361
1125	0.03357654881330765	0.0	0.9664234511866924
1130	0.033251148408251975	0.0	0.9667488515917481
1135	0.03291174905934061	0.0	0.9670882509406594
1140	0.032563852878852384	0.0	0.9674361471211477
1145	0.03220786345410674	0.0	0.9677921365458932
1150	0.03184405127304794	0.0	0.9681559487269521
1155	0.031472764767867006	0.0	0.968527235232133
1160	0.03109422131839381	0.0	0.9689057786816062
1165	0.030708815536517813	0.0	0.9692911844634822
1170	0.030316816428671744	0.0	0.9696831835713282
1175	0.029918561127542972	0.0	0.970081438872457
1180	0.029514263717002814	0.0	0.9704857362829972
1185	0.029080443581799703	0.0	0.9709195564182003
1190	0.028636005999511584	0.0	0.9713639940004885
1195	0.028187529308695985	0.0	0.971812470691304
1200	0.027735185550938613	0.0	0.9722648144490614
1205	0.027279416496782855	0.0	0.9727205835032171
1210	0.02682033426995801	0.0	0.973179665730042
1215	0.02635842637206347	0.0	0.9736415736279366
1220	0.02589385440808273	0.0	0.9741061455919172
1225	0.025426987924668226	0.0	0.9745730120753318
1230	0.02495803819837349	0.0	0.9750419618016265
1235	0.024487420455591737	0.0	0.9755125795444083
1240	0.02401528646298016	0.0	0.9759847135370199
1245	0.023526792207099596	0.0	0.9764732077929004
1250	0.023037706879696862	0.0	0.9769622931203031
1255	0.022548377825292586	0.0	0.9774516221747074
1260	0.022059081559707087	0.0	0.977940918440293
1265	0.021570112626964018	0.0	0.9784298873730359
1270	0.021082173323168113	0.0	0.9789178266768319
1275	0.02059558279922451	0.0	0.9794044172007755
1280	0.02011036131246685	0.0	0.9798896386875331
1285	0.019626869991040425	0.0	0.9803731300089595
1290	0.019145334563043487	0.0	0.9808546654369565
1295	0.01864715856237856	0.0	0.9813528414376215
1300	0.018147296135148025	0.0	0.981852703864852
1305	0.01765084091129806	0.0	0.9823491590887019
1310	0.017157978385195644	0.0	0.9828420216148044
1315	0.016669007854386207	0.0	0.9833309921456138
1320	0.01618342013888057	0.0	0.9838165798611195
1325	0.015699475451832683	0.0	0.9843005245481673
1330	0.015220427371711191	0.0	0.9847795726282889
1335	0.014746538337271796	0.0	0.9852534616627282
1340	0.014277957229791412	0.0	0.9857220427702086
1345	0.013814933735550608	0.0	0.9861850662644494
1350	0.013349583774776578	0.0	0.9866504162252234
1355	0.012879159960601757	0.0	0.9871208400393983
1360	0.01241619324131947	0.0	0.9875838067586805
1365	0.011960888950687375	0.0	0.9880391110493126
1370	0.011513350501064439	0.0	0.9884866494989356
1375	0.01107376780378985	0.0	0.9889262321962101
1380	0.010639098910432002	0.0	0.989360901089568
1385	0.010208583006001732	0.0	0.9897914169939983
1390	0.009787283392390073	0.0	0.9902127166076099
1395	0.009375284042679096	0.0	0.9906247159573209
1400	0.008972583852782715	0.0	0.9910274161472172
1405	0.008579363828329117	0.0	0.9914206361716709
1410	0.008192528040374635	0.0	0.9918074719596254
1415	0.007803904521209378	0.0	0.9921960954787906
1420	0.0074264796600534665	0.0	0.9925735203399465
1425	0.007060204192762078	0.0	0.9929397958072379
1430	0.006708266350983539	0.0	0.9932917336490165
1435	0.006367246733099839	0.0	0.9936327532669001
1440	0.006037001224376056	0.0	0.993962998775624
1445	0.005710266411244488	0.0	0.9942897335887555
1450	0.005390140906234616	0.0	0.9946098590937654
1455	0.005081393109974307	0.0	0.9949186068900256
1460	0.004788273127082099	0.0	0.9952117268729179
1465	0.004522354115053086	0.0	0.9954776458849469
1470	0.004264351538199661	0.0	0.9957356484618003
1475	0.004014449606964544	0.0	0.9959855503930355
1480	0.0037918518613323116	0.0	0.9962081481386676
1485	0.003582968196847118	0.0	0.9964170318031529
1490	0.0033834022169432747	0.0	0.9966165977830568
1495	0.0031970801228772034	0.0	0.9968029198771228
1500	0.0030349454838759188	0.0	0.996965054516124
1505	0.0028826178291054155	0.0	0.9971173821708946
1510	0.002740147819970938	0.0	0.9972598521800291
1515	0.0026026412888544214	0.0	0.9973973587111455
1520	0.002470355400463242	0.0	0.9975296445995367
1525	0.002346246403941132	0.0	0.9976537535960589
1530	0.0022302631368997642	0.0	0.9977697368631002
1535	0.0021223765333897417	0.0	0.9978776234666102
1540	0.0020225218148354532	0.0	0.9979774781851646
1545	0.0019306587601903482	0.0	0.9980693412398096
1550	0.001846704022945804	0.0	0.9981532959770542
1555	0.0017602045581821496	0.0	0.9982397954418178
1560	0.0016811649100785162	0.0	0.9983188350899215
1565	0.0016095805295000883	0.0	0.9983904194704999
1570	0.0015454141890903076	0.0	0.9984545858109097
1575	0.001488654451516826	0.0	0.9985113455484832
1580	0.0014392593436997469	0.0	0.9985607406563003
1585	0.0013972108052644314	0.0	0.9986027891947356
1590	0.0013624501495158176	0.0	0.9986375498504841
1595	0.0013425108687221204	0.0	0.9986574891312778
1600	0.0013302083131560422	0.0	0.998669791686844
1605	0.0013254994230517871	0.0	0.9986745005769482
1610	0.0013282555652611799	0.0	0.9986717444347388
1615	0.0013384273388328102	0.0	0.9986615726611672
1620	0.001355872073501723	0.0	0.9986441279264983
1625	0.001380513847382961	0.0	0.9986194861526171
1630	0.001412236150384395	0.0	0.9985877638496156
1635	0.0014465802626759073	0.0	0.9985534197373241
1640	0.001487388620911443	0.0	0.9985126113790885
1645	0.0015345614707310746	0.0	0.998465438529269
1650	0.0015879803034110815	0.0	0.9984120196965889
1655	0.0016475386463949268	0.0	0.9983524613536051
1660	0.0017130846805512277	0.0	0.9982869153194488
1665	0.0017845610402392306	0.0	0.9982154389597607
1670	0.001861815798886635	0.0	0.9981381842011133
1675	0.001944696222561428	0.0	0.9980553037774386
1680	0.002028029651429481	0.0	0.9979719703485705
1685	0.002115919035450347	0.0	0.9978840809645496
1690	0.0022082833625367147	0.0	0.9977917166374632
1695	0.0023049170082472463	0.0	0.9976950829917528
1700	0.0024057058885996498	0.0	0.9975942941114003
1705	0.0025105104640092595	0.0	0.9974894895359907
1710	0.002619183133539388	0.0	0.9973808168664606
1715	0.0027316222621238564	0.0	0.9972683777378761
1720	0.0028476036599072835	0.0	0.9971523963400927
1725	0.0029621933494384765	0.0	0.9970378066505615
1730	0.00307652604406537	0.0	0.9969234739559346
1735	0.003193583765494756	0.0	0.9968064162345053
1740	0.003313338695580753	0.0	0.9966866613044193
1745	0.0034356446617997746	0.0	0.9965643553382002
1750	0.0035603970726748365	0.0	0.9964396029273251
1755	0.0036874522226164976	0.0	0.9963125477773835
1760	0.0038168032528990187	0.0	0.996183196747101
1765	0.003948314411552254	0.0	0.9960516855884477
1770	0.0040818503457673554	0.0	0.9959181496542326
1775	0.004217848871674825	0.0	0.9957821511283251
1780	0.004357105745096813	0.0	0.9956428942549032
1785	0.004499771481436582	0.0	0.9955002285185635
1790	0.004645779205268852	0.0	0.9953542207947311
1795	0.004795213908459563	0.0	0.9952047860915404
1800	0.0049481731447955195	0.0	0.9950518268552044
1805	0.005104604759821169	0.0	0.9948953952401788
1810	0.005264621575879167	0.0	0.9947353784241209
1815	0.0054282889400627254	0.0	0.9945717110599372
1820	0.005595686156733501	0.0	0.9944043138432666
1825	0.005769388896200149	0.0	0.9942306111037998
1830	0.00595109868783793	0.0	0.9940489013121621
1835	0.006137328313442875	0.0	0.9938626716865572
1840	0.006328195724231054	0.0	0.993671804275769
1845	0.0065238190866416645	0.0	0.9934761809133583
1850	0.006724336046554642	0.0	0.9932756639534454
1855	0.006929883787429302	0.0	0.9930701162125707
1860	0.00714062135428665	0.0	0.9928593786457134
1865	0.00735664711419837	0.0	0.9926433528858016
1870	0.00757826196675195	0.0	0.9924217380332481
1875	0.007805587591674137	0.0	0.9921944124083258
1880	0.008036131391405467	0.0	0.9919638686085945
1885	0.00826164591269523	0.0	0.9917383540873048
1890	0.008492349525006309	0.0	0.9915076504749937
1895	0.008728586819010956	0.0	0.991271413180989
1900	0.008970487385241893	0.0	0.9910295126147581
1905	0.00921843217737151	0.0	0.9907815678226285
1910	0.00947258639889601	0.0	0.990527413601104
1915	0.009733371058353807	0.0	0.9902666289416462
1920	0.010000991029275486	0.0	0.9899990089707245
1925	0.010275845445924487	0.0	0.9897241545540755
1930	0.010558381679568116	0.0	0.9894416183204319
1935	0.010848848492991846	0.0	0.9891511515070082
1940	0.011156724855829211	0.0	0.9888432751441708
1945	0.011480334639520617	0.0	0.9885196653604794
1950	0.011814411971005514	0.0	0.9881855880289945
1955	0.01215945919991507	0.0	0.9878405408000849
1960	0.012516106771958987	0.0	0.987483893228041
1965	0.01288477706122898	0.0	0.987115222938771
1970	0.013266164304314064	0.0	0.986733835695686
1975	0.013660895132175962	0.0	0.9863391048678241
1980	0.014069665421086843	0.0	0.9859303345789131
1985	0.01449317376654239	0.0	0.9855068262334576
1990	0.014932121001863426	0.0	0.9850678789981365
1995	0.015387430770183673	0.0	0.9846125692298163
2000	0.015859890411503548	0.0	0.9841401095884964
2005	0.016349915526299646	0.0	0.9836500844737004
2010	0.016862189715924708	0.0	0.9831378102840753
2015	0.01739792502883447	0.0	0.9826020749711655
2020	0.017958675888618957	0.0	0.982041324111381
2025	0.01854579762208491	0.0	0.9814542023779151
2030	0.01916084548933237	0.0	0.9808391545106676
2035	0.019805326418204608	0.0	0.9801946735817954
2040	0.020481115450463203	0.0	0.9795188845495368
2045	0.021189806399680898	0.0	0.9788101936003191
2050	0.021933451775907983	0.0	0.978066548224092
2055	0.022713899570284333	0.0	0.9772861004297156
2060	0.02353314668158332	0.0	0.9764668533184166
2065	0.024393466207281403	0.0	0.9756065337927186
2070	0.025351550104036315	0.0	0.9746484498959637
2075	0.0263724297795477	0.0	0.9736275702204523
2080	0.02744528693238943	0.0	0.9725547130676105
2085	0.02857227236746424	0.0	0.9714277276325357
2090	0.029755997893315927	0.0	0.970244002106684
2095	0.03099869427365384	0.0	0.9690013057263461
2100	0.03230296113804737	0.0	0.9676970388619526
2105	0.03367134081243955	0.0	0.9663286591875605
2110	0.03510612699028058	0.0	0.9648938730097194
2115	0.03660992195554388	0.0	0.9633900780444561
2120	0.03818525336048729	0.0	0.9618147466395127
2125	0.03983451453294648	0.0	0.9601654854670535
2130	0.0415602379686396	0.0	0.9584397620313604
2135	0.043364493190361175	0.0	0.9566355068096388
2140	0.04528228806683576	0.0	0.9547177119331642
2145	0.04733091508912103	0.0	0.952669084910879
2150	0.04946231336263228	0.0	0.9505376866373677
2155	0.05167737399507222	0.0	0.9483226260049278
2160	0.053976885315697366	0.0	0.9460231146843027
2165	0.05636128265626169	0.0	0.9436387173437383
2170	0.05883087837037372	0.0	0.9411691216296263
2175	0.06138560310202486	0.0	0.9386143968979751
2180	0.0640252534012679	0.0	0.9359747465987321
2185	0.06674922602708713	0.0	0.9332507739729129
2190	0.06955678375338302	0.0	0.930443216246617
2195	0.07244678394450425	0.0	0.9275532160554958
2200	0.07541796242600185	0.0	0.9245820375739982
2205	0.07846865710108314	0.0	0.9215313428989169
2210	0.08159710893850028	0.0	0.9184028910614997
2215	0.08478568395341154	0.0	0.9152143160465884
2220	0.08798256073431562	0.0	0.9120174392656843
2225	0.09124422666388313	0.0	0.9087557733361169
2230	0.09456840090932411	0.0	0.9054315990906758
2235	0.09795251317008812	0.0	0.9020474868299119
2240	0.10139392496402727	0.0	0.8986060750359728
2245	0.10489017082357066	0.0	0.8951098291764293
2250	0.1084384665236865	0.0	0.8915615334763135
2255	0.11203580741842442	0.0	0.8879641925815756
2260	0.11567975860674536	0.0	0.8843202413932546
2265	0.11936726952052884	0.0	0.8806327304794712
2270	0.12309544747505924	0.0	0.8769045525249408
2275	0.1268617013859027	0.0	0.8731382986140973
2280	0.13066302475092412	0.0	0.8693369752490758
2285	0.13449689844591575	0.0	0.8655031015540843
2290	0.13836055499179659	0.0	0.8616394450082034
2295	0.1422511068293395	0.0	0.8577488931706605
2300	0.14611005007817396	0.0	0.853889949921826
2305	0.1499714419310591	0.0	0.8500285580689408
2310	0.15384705465034956	0.0	0.8461529453496505
2315	0.15773443612095733	0.0	0.8422655638790426
2320	0.1616320618195914	0.0	0.8383679381804086
2325	0.1655376469641061	0.0	0.8344623530358939
2330	0.1694496716562886	0.0	0.8305503283437115
2335	0.17336654005009303	0.0	0.826633459949907
2340	0.17728637922208182	0.0	0.8227136207779182
2345	0.18120793640992117	0.0	0.8187920635900788
2350	0.18512949251164315	0.0	0.8148705074883569
2355	0.189049784218146	0.0	0.810950215781854
2360	0.19296778711509796	0.0	0.807032212884902
2365	0.19688182012109973	0.0	0.8031181798789002
2370	0.20079099312197068	0.0	0.7992090068780293
2375	0.20469432668576398	0.0	0.7953056733142361
2380	0.20859050470251622	0.0	0.7914094952974837
2385	0.21243738545414034	0.0	0.7875626145458596
2390	0.21611066147773514	0.0	0.7838893385222648
2395	0.219775146440775	0.0	0.780224853559225
2400	0.22342993348326368	0.0	0.7765700665167363
2405	0.22707456745502463	0.0	0.7729254325449754
2410	0.23070858805433514	0.0	0.7692914119456649
2415	0.2343314149435534	0.0	0.7656685850564466
2420	0.2379428421328328	0.0	0.7620571578671672
2425	0.24154195903605444	0.0	0.7584580409639455
2430	0.24512861264863417	0.0	0.7548713873513658
2435	0.24870233532924885	0.0	0.7512976646707512
2440	0.25226282834097563	0.0	0.7477371716590244
2445	0.2558096727981555	0.0	0.7441903272018445
2450	0.25934261378524914	0.0	0.7406573862147509
2455	0.2628612766960757	0.0	0.7371387233039244
2460	0.266365446155531	0.0	0.7336345538444691
2465	0.2698547877660458	0.0	0.7301452122339542
2470	0.2733293217158354	0.0	0.7266706782841645
2475	0.2767883506014065	0.0	0.7232116493985935
2480	0.280231926428746	0.0	0.7197680735712539
2485	0.28371614628135294	0.0	0.7162838537186471
2490	0.28718179972954794	0.0	0.7128182002704521
2495	0.2906287277655734	0.0	0.7093712722344265
2500	0.2940567111798068	0.0	0.7059432888201932
2550	0.3343174263350379	0.0	0.6656825736649621
2600	0.36479368442446786	0.0	0.6352063155755321
2650	0.3918665265051782	0.0	0.6081334734948218
2700	0.4174903657829485	0.0	0.5825096342170515
2750	0.4415660876841648	0.0	0.5584339123158353
2800	0.4643772282437412	0.0	0.5356227717562587
2850	0.4859726130108065	0.0	0.5140273869891935
2900	0.50643830031341	0.0	0.49356169968659
2950	0.5258183145777705	0.0	0.4741816854222295
3000	0.5454023292165165	0.0	0.45459767078348345
3050	0.5639793795321159	0.0	0.43602062046788415
3100	0.5815406960776431	0.0	0.41845930392235686
3150	0.5992667152214949	0.0	0.4007332847785051
3200	0.616023727547065	0.0	0.383976272452935
3250	0.6318646249815966	0.0	0.36813537501840343
3300	0.6466438870783379	0.0	0.35335611292166214
3350	0.6605389518640394	0.0	0.33946104813596056
3400	0.6736738100676087	0.0	0.32632618993239126
3450	0.6861832174184133	0.0	0.31381678258158674
3500	0.6986153024668093	0.0	0.30138469753319075
3550	0.7103631880470556	0.0	0.28963681195294444
3600	0.7214717597655814	0.0	0.2785282402344186
3650	0.7319511113041733	0.0	0.26804888869582666
3700	0.7414168334003803	0.0	0.25858316659961966
3750	0.7503830220828294	0.0	0.24961697791717063
3800	0.7588843235379769	0.0	0.24111567646202314
3850	0.766951311629541	0.0	0.233048688370459
3900	0.774461655147194	0.0	0.225538344852806
3950	0.7814567859993047	0.0	0.21854321400069532
4000	0.7881144707519265	0.0	0.21188552924807347
4050	0.7944603560229131	0.0	0.2055396439770869
4100	0.8005105860683308	0.0	0.1994894139316692
4150	0.8061262254306145	0.0	0.19387377456938548
4200	0.8111925726639073	0.0	0.18880742733609268
4250	0.8160475294971071	0.0	0.18395247050289287
4300	0.8207033975219247	0.0	0.17929660247807533
4350	0.8251694706006737	0.0	0.1748305293993263
4400	0.8294574110297921	0.0	0.1705425889702079
4450	0.8335764179926983	0.0	0.16642358200730167
4500	0.8375362022525918	0.0	0.16246379774740816
4550	0.8413447806797287	0.0	0.15865521932027127
4600	0.8450099140778511	0.0	0.1549900859221489
4650	0.8485390317912538	0.0	0.15146096820874622
4700	0.8519391082612573	0.0	0.1480608917387427
4750	0.8552157398590226	0.0	0.14478426014097745
4800	0.858376003921518	0.0	0.14162399607848197
4850	0.8614253951165847	0.0	0.13857460488341533
4900	0.8643691347963777	0.0	0.13563086520362233
4950	0.8672117737321365	0.0	0.13278822626786346
5000	0.8698666774632235	0.0	0.13013332253677645
5050	0.8724151422639757	0.0	0.12758485773602435
5100	0.8748815399412984	0.0	0.12511846005870164
5150	0.8772697543771182	0.0	0.12273024562288182
5200	0.8795822848571825	0.0	0.12041771514281752
5250	0.8818238768295243	0.0	0.11817612317047566
5300	0.8839960127215705	0.0	0.11600398727842953
5350	0.886102667973746	0.0	0.11389733202625396
5400	0.8881467752855682	0.0	0.11185322471443182
5450	0.8901299191936201	0.0	0.10987008080637994
5500	0.8920553079845783	0.0	0.10794469201542167
5550	0.8939254702026938	0.0	0.10607452979730625
5600	0.8957424057877958	0.0	0.10425759421220415
5650	0.8975080329497441	0.0	0.10249196705025587
5700	0.8992244025370155	0.0	0.10077559746298448
5750	0.9008937245569137	0.0	0.09910627544308626
5800	0.9025172782313523	0.0	0.0974827217686477
5850	0.9040974834739197	0.0	0.09590251652608028
5900	0.9056353707222086	0.0	0.09436462927779143
5950	0.9071333296971513	0.0	0.09286667030284868
6000	0.9085921987516072	0.0	0.09140780124839276
6050	0.910013276254718	0.0	0.08998672374528205
6100	0.9113984065763165	0.0	0.08860159342368346
6150	0.9127485750948188	0.0	0.08725142490518123
6200	0.9140642667585446	0.0	0.08593573324145543
6250	0.9152893406016871	0.0	0.0847106593983129
6300	0.9164852034552886	0.0	0.08351479654471139
6350	0.9176528741087389	0.0	0.08234712589126114
6400	0.918793532118399	0.0	0.08120646788160102
6450	0.9199080228093657	0.0	0.08009197719063432
6500	0.92099717121722	0.0	0.07900282878277998
6550	0.9220617768811892	0.0	0.07793822311881082
6600	0.9231028872196945	0.0	0.07689711278030553
6650	0.9241208607156555	0.0	0.07587913928434453
6700	0.9251169741506301	0.0	0.0748830258493699
6750	0.9260917046129813	0.0	0.07390829538701871
6800	0.9270457164978024	0.0	0.07295428350219757
6850	0.9279794907976195	0.0	0.07202050920238046
6900	0.9288813446596691	0.0	0.0711186553403309
6950	0.9297243696712213	0.0	0.0702756303287787
7000	0.930550411720308	0.0	0.06944958827969205
7050	0.9313605392514979	0.0	0.06863946074850213
7100	0.9321546644427883	0.0	0.06784533555721173
7150	0.9329332693199199	0.0	0.06706673068008007
7200	0.9336967317086209	0.0	0.06630326829137911
7250	0.9344451420096336	0.0	0.06555485799036642
7300	0.9351787333658119	0.0	0.06482126663418808
7350	0.9358975226684967	0.0	0.06410247733150332
7400	0.9366007036144808	0.0	0.06339929638551922
7450	0.9372878544120329	0.0	0.06271214558796712
7500	0.9379576735204276	0.0	0.06204232647957242
7550	0.9386079179507067	0.0	0.06139208204929325
7600	0.9392355559235999	0.0	0.06076444407640014
7650	0.9398344950304265	0.0	0.06016550496957351
7700	0.9403977552340529	0.0	0.05960224476594711
7750	0.9409143319329497	0.0	0.05908566806705029
7800	0.9413548672787577	0.0	0.05864513272124228
7850	0.9417208554782741	0.0	0.05827914452172589
7900	0.9420010995393585	0.0	0.05799890046064149
7950	0.942196699004936	0.0	0.05780330099506403
8000	0.942326849161482	0.0	0.057673150838517984
8050	0.9424209812570463	0.0	0.05757901874295368
8100	0.9424997802010042	0.0	0.05750021979899578
8150	0.94256138726726	0.0	0.05743861273273998
8200	0.9425877718730066	0.0	0.057412228126993425
8250	0.9425748498464436	0.0	0.057425150153556426
8300	0.9425642507825868	0.0	0.057435749217413234
8350	0.94262303417435	0.0	0.057376965825649995
8400	0.9427832772409197	0.0	0.057216722759080296
8450	0.9430211708951821	0.0	0.056978829104817885
8500	0.9432908759533474	0.0	0.056709124046652626
8550	0.9436036659981809	0.0	0.05639633400181909
8600	0.9440239957115849	0.0	0.05597600428841509
8650	0.9445408923983971	0.0	0.055459107601602886
8700	0.9450515960215518	0.0	0.054948403978448246
8750	0.945502775387249	0.0	0.05449722461275097
8800	0.945866400897042	0.0	0.05413359910295801
8850	0.9460506816182488	0.0	0.05394931838175121
8900	0.9458997177712053	0.0	0.054100282228794705
8950	0.9451383398854784	0.0	0.05486166011452165
9000	0.9435331598955524	0.0	0.05646684010444758
9050	0.9408604319715073	0.0	0.05913956802849274
9100	0.9372750224934244	0.0	0.06272497750657557
9150	0.9331918769266644	0.0	0.06680812307333561
9200	0.9288138546186433	0.0	0.0711861453813567
9250	0.9239511057229021	0.0	0.07604889427709793
9300	0.9187840681968895	0.0	0.08121593180311049
9350	0.9141271096330185	0.0	0.08587289036698154
9400	0.9102908595176596	0.0	0.08970914048234035
9450	0.9074659494005543	0.0	0.09253405059944575
9500	0.9060324633074048	0.0	0.09396753669259517
9550	0.9057585447988079	0.0	0.09424145520119209
9600	0.9068885911685478	0.0	0.09311140883145219
9650	0.9095870207422714	0.0	0.09041297925772862
9700	0.9132561999753428	0.0	0.0867438000246572
9750	0.9173658814715608	0.0	0.08263411852843916
9800	0.9219505900031388	0.0	0.07804940999686116
9850	0.9269148595896408	0.0	0.07308514041035918
9900	0.931756382614393	0.0	0.06824361738560702
9950	0.9361159169381339	0.0	0.0638840830618661
10000	0.9399222802682903	0.0	0.06007771973170972
10050	0.9432197823955586	0.0	0.05678021760444141
10100	0.9461244010997205	0.0	0.05387559890027949
10150	0.9486407217224185	0.0	0.051359278277581466
10200	0.9507621914630826	0.0	0.04923780853691739
10250	0.9524902686326321	0.0	0.04750973136736791
10300	0.9538784277542901	0.0	0.046121572245709896
10350	0.9549927190415445	0.0	0.04500728095845552
10400	0.9558845441894441	0.0	0.04411545581055587
10450	0.956621642326858	0.0	0.04337835767314202
10500	0.9572417104863877	0.0	0.04275828951361227
10550	0.9577716517842064	0.0	0.042228348215793576
10600	0.9582315347257191	0.0	0.04176846527428091
10650	0.9586404694996676	0.0	0.041359530500332364
10700	0.9590089065872459	0.0	0.04099109341275409
10750	0.9593443531921433	0.0	0.040655646807856716
10800	0.9596523755214941	0.0	0.04034762447850593
10850	0.9599370561956824	0.0	0.04006294380431763
10900	0.9602014939484808	0.0	0.039798506051519245
10950	0.9604478101772401	0.0	0.039552189822759876
11000	0.9606778737658282	0.0	0.03932212623417175
11050	0.9608928934409232	0.0	0.03910710655907679
11100	0.961094209765649	0.0	0.038905790234351034
11150	0.9612829673874733	0.0	0.03871703261252668
11200	0.9614604553098623	0.0	0.03853954469013765
11250	0.9616280248792286	0.0	0.038371975120771395
11300	0.9617869860284668	0.0	0.038213013971533205
11350	0.9619388141123948	0.0	0.03806118588760521
11400	0.9620847239419347	0.0	0.03791527605806533
11450	0.9622257962756311	0.0	0.037774203724368904
11500	0.9623626645439756	0.0	0.037637335456024434
11550	0.962495715205299	0.0	0.037504284794701026
11600	0.9626249679611122	0.0	0.03737503203888781
11650	0.9627504200939745	0.0	0.03724957990602551
11700	0.962872127636477	0.0	0.037127872363522996
11750	0.9629902482798369	0.0	0.037009751720163075
11800	0.9631054230295792	0.0	0.036894576970420756
11850	0.9632185560506386	0.0	0.03678144394936145
11900	0.9633310320931083	0.0	0.03666896790689167
11950	0.9634449645400253	0.0	0.03655503545997474
12000	0.9635616149140352	0.0	0.03643838508596475
12050	0.9636819950810752	0.0	0.036318004918924784
12100	0.9638064690604837	0.0	0.03619353093951627
12150	0.9639349251517277	0.0	0.03606507484827226
12200	0.9640669511281591	0.0	0.0359330488718409
12250	0.9642020878674682	0.0	0.035797912132531806
12300	0.9643396673070032	0.0	0.03566033269299684
12350	0.9644791148537287	0.0	0.035520885146271275
12400	0.9646209924174406	0.0	0.03537900758255941
12450	0.9647483075457177	0.0	0.03525169245428228
12500	0.9648798780195653	0.0	0.03512012198043468
12550	0.9650189788389385	0.0	0.0349810211610615
12600	0.9651631612056967	0.0	0.034836838794303326
12650	0.9653114692794061	0.0	0.03468853072059386
12700	0.9654629343845831	0.0	0.03453706561541692
12750	0.9656168635096887	0.0	0.03438313649031133
12800	0.9657726321717932	0.0	0.03422736782820679
12850	0.9659293800963691	0.0	0.034070619903630917
12900	0.9660871308698831	0.0	0.03391286913011693
12950	0.9662462443863146	0.0	0.03375375561368543
13000	0.9664081481581788	0.0	0.03359185184182123
13050	0.9665716515261349	0.0	0.03342834847386511
13100	0.9667365400290012	0.0	0.03326345997099878
13150	0.9669032277258591	0.0	0.03309677227414087
13200	0.9670712536623076	0.0	0.03292874633769238
13250	0.9672390772754613	0.0	0.03276092272453868
13300	0.967406361302287	0.0	0.032593638697713034
13350	0.9675727829706933	0.0	0.03242721702930673
13400	0.9677373277221337	0.0	0.03226267227786628
13450	0.9678998673937544	0.0	0.03210013260624556
13500	0.9680599923359857	0.0	0.03194000766401428
13550	0.9682176812858748	0.0	0.03178231871412518
13600	0.96837311205934	0.0	0.03162688794066004
13650	0.9685261634067667	0.0	0.03147383659323333
13700	0.9686769667094126	0.0	0.03132303329058739
13750	0.9688257557291721	0.0	0.031174244270827933
13800	0.9689664445993704	0.0	0.031033555400629576
13850	0.9690962133684923	0.0	0.030903786631507724
13900	0.9692243027429663	0.0	0.030775697257033663
13950	0.9693505796682822	0.0	0.030649420331717803
14000	0.9694749682001957	0.0	0.03052503179980426
14050	0.9695976286172726	0.0	0.03040237138272739
14100	0.9697180344682454	0.0	0.03028196553175455
14150	0.9698364231892342	0.0	0.030163576810765758
14200	0.9699528746844331	0.0	0.03004712531556686
14250	0.9700666368791344	0.0	0.029933363120865586
14300	0.9701722766540535	0.0	0.029827723345946522
14350	0.9702602044357332	0.0	0.029739795564266758
14400	0.9703475439312917	0.0	0.029652456068708255
14450	0.9704343014718356	0.0	0.029565698528164375
14500	0.970520483277991	0.0	0.02947951672200899
14550	0.9706060954624836	0.0	0.029393904537516446
14600	0.9706911440326498	0.0	0.029308855967350222
14650	0.9707756348928791	0.0	0.029224365107120898
14700	0.9708595738469904	0.0	0.029140426153009602
14750	0.9709429666005475	0.0	0.029057033399452536
14800	0.9710258187631119	0.0	0.028974181236888108
14850	0.9711081358504388	0.0	0.02889186414956124
14900	0.9711899232866117	0.0	0.02881007671338831
14950	0.971271186406127	0.0	0.028728813593873026
15000	0.9713519304559184	0.0	0.02864806954408161
15050	0.9714321605973376	0.0	0.028567839402662387
15100	0.9715118819080745	0.0	0.02848811809192553
15150	0.9715910993840406	0.0	0.028408900615959354
15200	0.9716698179411912	0.0	0.028330182058808773
15250	0.9717480424173166	0.0	0.028251957582683396
15300	0.971825777573775	0.0	0.028174222426225026
15350	0.9719030280971948	0.0	0.028096971902805246
15400	0.9719798028564447	0.0	0.028020197143555303
15450	0.9720561112071247	0.0	0.02794388879287535
15500	0.9721319485900781	0.0	0.02786805140992188
15550	0.9721879286661033	0.0	0.027812071333896737
15600	0.9722436504696277	0.0	0.027756349530372315
15650	0.9722991160512745	0.0	0.027700883948725497
15700	0.9723543274255521	0.0	0.027645672574447944
15750	0.9724092865719389	0.0	0.027590713428061076
15800	0.9724639954359349	0.0	0.02753600456406513
15850	0.97251845593009	0.0	0.02748154406990999
15900	0.9725726699349907	0.0	0.027427330065009303
15950	0.9726266393002242	0.0	0.027373360699775806
16000	0.9726803658453167	0.0	0.027319634154683303
16050	0.9727338513606313	0.0	0.027266148639368715
16100	0.972787097608255	0.0	0.02721290239174501
16150	0.9728401063228475	0.0	0.027159893677152547
16200	0.9728928792124715	0.0	0.027107120787528527
16250	0.9729454179593915	0.0	0.02705458204060851
16300	0.9729977242208594	0.0	0.027002275779140605
16350	0.9730497996298669	0.0	0.02695020037013307
16400	0.9731016457958792	0.0	0.02689835420412079
16450	0.9731532643055478	0.0	0.026846735694452173
16500	0.9732046567234022	0.0	0.026795343276597827
16550	0.973255824592517	0.0	0.026744175407482973
16600	0.9733067694351645	0.0	0.026693230564835524
16650	0.9733574927534451	0.0	0.026642507246554925
16700	0.9734079878833201	0.0	0.02659201211667994
16750	0.9734582605981672	0.0	0.026541739401832798
16800	0.9735083162614632	0.0	0.02649168373853683
16850	0.9735581563012108	0.0	0.026441843698789214
16900	0.9736077821280805	0.0	0.026392217871919477
16950	0.9736571951359402	0.0	0.02634280486405982
17000	0.9737063967023578	0.0	0.026293603297642187
17050	0.9737553881891017	0.0	0.026244611810898322
17100	0.9738041709426115	0.0	0.026195829057388487
17150	0.9738527462944676	0.0	0.02614725370553239
17200	0.9739011155618347	0.0	0.026098884438165326
17250	0.973949280047899	0.0	0.026050719952100954
17300	0.9739972410422861	0.0	0.026002758957713867
17350	0.9740449998214711	0.0	0.02595500017852892
17400	0.9740925576491689	0.0	0.02590744235083109
17450	0.9741399157767171	0.0	0.025860084223282898
17500	0.9741870754434436	0.0	0.02581292455655637
17550	0.9742340378770242	0.0	0.025765962122975772
17600	0.9742808042938214	0.0	0.025719195706178644
17650	0.9743273758992244	0.0	0.025672624100775643
17700	0.9743737538879637	0.0	0.025626246112036344
17750	0.9744086807469837	0.0	0.025591319253016276
17800	0.9744407105157025	0.0	0.02555928948429753
17850	0.9744726702960889	0.0	0.02552732970391114
17900	0.9745045603581318	0.0	0.02549543964186818
17950	0.9745363809676041	0.0	0.025463619032395912
18000	0.9745681323863095	0.0	0.02543186761369054
18050	0.974599814872331	0.0	0.02540018512766895
18100	0.9746314286802609	0.0	0.02536857131973913
18150	0.9746629740614219	0.0	0.025337025938578117
18200	0.9746944527042205	0.0	0.025305547295779496
18250	0.9747258658321168	0.0	0.025274134167883155
18300	0.9747572111893327	0.0	0.025242788810667327
18350	0.9747884890164054	0.0	0.025211510983594643
18400	0.9748196995515652	0.0	0.025180300448434778
18450	0.9748508430308941	0.0	0.025149156969105912
18500	0.9748819196884742	0.0	0.025118080311525848
18550	0.9749129297565373	0.0	0.025087070243462684
18600	0.9749438734655964	0.0	0.02505612653440359
18650	0.9749747510445735	0.0	0.02502524895542646
18700	0.9750055627209202	0.0	0.024994437279079795
18750	0.9750363087207292	0.0	0.024963691279270783
18800	0.9750669892688406	0.0	0.02493301073115939
18850	0.9750976045889386	0.0	0.02490239541106143
18900	0.9751281549036465	0.0	0.02487184509635354
18950	0.9751586404346078	0.0	0.02484135956539224
19000	0.9751890614025691	0.0	0.024810938597430887
19050	0.9752194180274516	0.0	0.0247805819725484
19100	0.9752497105284196	0.0	0.024750289471580422
19150	0.9752799391239432	0.0	0.024720060876056826
19200	0.9753101040318557	0.0	0.024689895968144304
19250	0.9753402054694051	0.0	0.02465979453059486
19300	0.9753702436532999	0.0	0.02462975634670006
19350	0.9754002187997579	0.0	0.024599781200242088
19400	0.975430131124537	0.0	0.024569868875462975
19450	0.9754599808429748	0.0	0.024540019157025195
19500	0.975489768170016	0.0	0.02451023182998402
19550	0.975519493320245	0.0	0.024480506679754988
19600	0.9755491565078975	0.0	0.02445084349210247
19650	0.9755787579468923	0.0	0.024421242053107695
19700	0.9756082978508388	0.0	0.0243917021491612
19750	0.9756377764330539	0.0	0.024362223566946062
19800	0.9756671939065725	0.0	0.024332806093427473
19850	0.9756965504841525	0.0	0.02430344951584751
19900	0.9757258463782835	0.0	0.024274153621716477
19950	0.9757550818011836	0.0	0.024244918198816356
20000	0.9757842569648029	0.0	0.024215743035197135
20050	0.9758133785505582	0.0	0.024186621449441836
20100	0.9758424402812947	0.0	0.024157559718705257
20150	0.9758714423672069	0.0	0.02412855763279309
20200	0.9759003850182216	0.0	0.024099614981778372
20250	0.9759292684439969	0.0	0.024070731556003144
20300	0.9759580928539024	0.0	0.024041907146097552
20350	0.9759868584570122	0.0	0.024013141542987837
20400	0.9760155654620861	0.0	0.02398443453791388
20450	0.9760442140775568	0.0	0.023955785922443185
20500	0.9760728045115116	0.0	0.02392719548848843
20550	0.9761013369716747	0.0	0.02389866302832533
20600	0.9761298116653901	0.0	0.023870188334609854
20650	0.976158228799599	0.0	0.023841771200400985
20700	0.9761744456709609	0.0	0.0238255543290391
20750	0.9761876673162508	0.0	0.02381233268374916
20800	0.9762009399331067	0.0	0.02379906006689325
20850	0.9762142604047803	0.0	0.02378573959521968
20900	0.976227625461552	0.0	0.02377237453844805
20950	0.9762410401173379	0.0	0.02375895988266208
21000	0.9762545039505446	0.0	0.023745496049455417
21050	0.9762680165393504	0.0	0.02373198346064964
21100	0.976281577461774	0.0	0.02371842253822598
21150	0.9762951862957416	0.0	0.023704813704258365
21200	0.9763088426191545	0.0	0.023691157380845485
21250	0.9763225460099482	0.0	0.023677453990051833
21300	0.9763362960461573	0.0	0.023663703953842652
21350	0.9763500923059731	0.0	0.02364990769402686
21400	0.976363934367803	0.0	0.023636065632197
21450	0.9763778218103227	0.0	0.023622178189677268
21500	0.9763917542125352	0.0	0.023608245787464788
21550	0.9764057311538218	0.0	0.023594268846178212
21600	0.9764197522139939	0.0	0.023580247786006092
21650	0.9764338169733383	0.0	0.02356618302666169
21700	0.976447925012674	0.0	0.023552074987326033
21750	0.976462079190731	0.0	0.023537920809268975
21800	0.9764762878963669	0.0	0.023523712103633132
21850	0.9764905384665177	0.0	0.023509461533482323
21900	0.9765048304839645	0.0	0.023495169516035475
21950	0.9765191635322729	0.0	0.02348083646772714
22000	0.9765335371958316	0.0	0.02346646280416842
22050	0.9765479510598929	0.0	0.023452048940107106
22100	0.9765624047106083	0.0	0.02343759528939171
22150	0.9765768977350657	0.0	0.02342310226493427
22200	0.976591429721328	0.0	0.023408570278672047
22250	0.9766060002584633	0.0	0.023393999741536664
22300	0.9766206089365851	0.0	0.02337939106341491
22350	0.9766352553468782	0.0	0.02336474465312177
22400	0.9766499390816363	0.0	0.02335006091836367
22450	0.9766646597342892	0.0	0.023335340265710824
22500	0.9766794168994368	0.0	0.023320583100563175
22550	0.9766942101728757	0.0	0.02330578982712428
22600	0.9767090391516278	0.0	0.023290960848372233
22650	0.9767239034339705	0.0	0.02327609656602947
22700	0.9767388026194616	0.0	0.023261197380538445
22750	0.9767537400730415	0.0	0.0232462599269585
22800	0.9767687164679407	0.0	0.023231283532059277
22850	0.9767837267394947	0.0	0.02321627326050535
22900	0.9767987704908749	0.0	0.023201229509125065
22950	0.9768138473266589	0.0	0.02318615267334112
23000	0.9768289568528582	0.0	0.0231710431471418
23050	0.9768440986769378	0.0	0.023155901323062222
23100	0.9768592724078407	0.0	0.02314072759215935
23150	0.9768744776560027	0.0	0.02312552234399734
23200	0.9768897140333823	0.0	0.023110285966617683
23250	0.9769049811534721	0.0	0.02309501884652787
23300	0.9769202786313228	0.0	0.023079721368677197
23350	0.9769356060835602	0.0	0.023064393916439774
23400	0.9769509631284033	0.0	0.02304903687159665
23450	0.9769663493856814	0.0	0.023033650614318613
23500	0.9769817644768533	0.0	0.023018235523146746
23550	0.9769972080250221	0.0	0.0230027919749779
23600	0.9770126796549488	0.0	0.022987320345051243
23650	0.977028178993075	0.0	0.022971821006924964
23700	0.9770437056675266	0.0	0.02295629433247337
23750	0.9770592593081389	0.0	0.02294074069186114
23800	0.9770748395464648	0.0	0.02292516045353521
23850	0.9770904578079093	0.0	0.022909542192090737
23900	0.9771061048356717	0.0	0.02289389516432827
23950	0.9771217771888441	0.0	0.022878222811155924
24000	0.9771374745059968	0.0	0.02286252549400325
24050	0.9771531964275028	0.0	0.022846803572497243
24100	0.9771689425955524	0.0	0.022831057404447574
24150	0.9771847126541537	0.0	0.022815287345846258
24200	0.9772005062491529	0.0	0.02279949375084711
24250	0.9772163230282367	0.0	0.02278367697176331
24300	0.9772321626409447	0.0	0.0227678373590553
24350	0.9772480247386766	0.0	0.022751975261323443
24400	0.9772639089746993	0.0	0.02273609102530072
24450	0.9772798150041581	0.0	0.02272018499584194
24500	0.9772957424840804	0.0	0.022704257515919646
24550	0.9773116910733841	0.0	0.022688308926615885
24600	0.9773276604328855	0.0	0.022672339567114452
24650	0.9773436502253036	0.0	0.022656349774696438
24700	0.9773596601152665	0.0	0.022640339884733462
24750	0.9773756897693168	0.0	0.02262431023068323
24800	0.9773917388559185	0.0	0.022608261144081543
24850	0.9774078070454595	0.0	0.022592192954540513
24900	0.9774238940102559	0.0	0.022576105989744133
24950	0.9774399994245598	0.0	0.022560000575440164
25000	0.9774561229645597	0.0	0.022543877035440252
25050	0.9774722742824953	0.0	0.02252772571750472
25100	0.9774884433136088	0.0	0.022511556686391154
25150	0.9775046295357659	0.0	0.02249537046423411
25200	0.977520832632077	0.0	0.022479167367922992
25250	0.9775370522876141	0.0	0.022462947712385883
25300	0.9775532881894126	0.0	0.02244671181058744
25350	0.9775695400264733	0.0	0.022430459973526662
25400	0.9775858074897605	0.0	0.02241419251023946
25450	0.9776020902722106	0.0	0.022397909727789433
25500	0.977618388068723	0.0	0.022381611931276968
25550	0.9776347005761696	0.0	0.022365299423830365
25600	0.9776510274933884	0.0	0.02234897250661161
25650	0.9776673685211872	0.0	0.022332631478812814
25700	0.9776837233623445	0.0	0.022316276637655452
25750	0.9777000917216025	0.0	0.02229990827839745
25800	0.9777164733056753	0.0	0.02228352669432465
25850	0.9777328678232396	0.0	0.02226713217676035
25900	0.9777492749849392	0.0	0.022250725015060757
25950	0.9777656945033835	0.0	0.022234305496616535
26000	0.9777821260931389	0.0	0.02221787390686114
26050	0.9777985694707358	0.0	0.022201430529264155
26100	0.9778150243546613	0.0	0.022184975645338723
26150	0.9778314904653571	0.0	0.02216850953464289
26200	0.9778479675252195	0.0	0.02215203247478048
26250	0.977864455258595	0.0	0.022135544741405
26300	0.9778809533917752	0.0	0.022119046608224835
26350	0.9778974652139224	0.0	0.0221025347860776
26400	0.9779139886536979	0.0	0.02208601134630206
26450	0.9779305215739551	0.0	0.022069478426044897
26500	0.9779470637092076	0.0	0.022052936290792413
26550	0.9779636147959025	0.0	0.022036385204097453
26600	0.9779801745724179	0.0	0.022019825427582074
26650	0.9779967427790559	0.0	0.022003257220944095
26700	0.97801331915804	0.0	0.021986680841959982
26750	0.9780299034535106	0.0	0.021970096546489404
26800	0.9780464954115177	0.0	0.02195350458848233
26850	0.9780630947800184	0.0	0.021936905219981595
26900	0.9780797013088707	0.0	0.021920298691129325
26950	0.9780963147498273	0.0	0.021903685250172722
27000	0.978112934856533	0.0	0.021887065143467055
27050	0.9781295613845138	0.0	0.02187043861548621
27100	0.9781461940911781	0.0	0.02185380590882191
27150	0.9781628327358043	0.0	0.02183716726419571
27200	0.9781794770795377	0.0	0.021820522920462326
27250	0.9781961268853855	0.0	0.021803873114614514
27300	0.9782127819182085	0.0	0.021787218081791515
27350	0.9782294419447161	0.0	0.02177055805528394
27400	0.9782461067334575	0.0	0.021753893266542534
27450	0.9782627760548175	0.0	0.021737223945182516
27500	0.97827944968101	0.0	0.021720550318990006
27550	0.9782961273860684	0.0	0.021703872613931585
27600	0.9783128089458408	0.0	0.02168719105415917
27650	0.9783294941379835	0.0	0.021670505862016465
27700	0.9783461827419516	0.0	0.02165381725804838
27750	0.9783628745389942	0.0	0.021637125461005824
27800	0.9783795827888339	0.0	0.021620417211166143
27850	0.9783963132172616	0.0	0.021603686782738385
27900	0.9784130462261923	0.0	0.021586953773807704
27950	0.9784297816020211	0.0	0.021570218397978902
28000	0.9784465191329227	0.0	0.021553480867077313
28050	0.9784632586088422	0.0	0.0215367413911578
28100	0.9784799998214857	0.0	0.021520000178514298
28150	0.9784967425643171	0.0	0.021503257435682932
28200	0.9785134866325453	0.0	0.021486513367454663
28250	0.9785302318231154	0.0	0.021469768176884618
28300	0.9785469779347071	0.0	0.02145302206529287
28350	0.978563724767718	0.0	0.021436275232281976
28400	0.9785804721242609	0.0	0.021419527875739086
28450	0.9785972198081546	0.0	0.021402780191845383
28500	0.9786139676249134	0.0	0.021386032375086628
28550	0.9786307153817392	0.0	0.02136928461826082
28600	0.9786474628875154	0.0	0.021352537112484637
28650	0.9786642099527951	0.0	0.021335790047204872
28700	0.9786809563897946	0.0	0.021319043610205424
28750	0.9786977020123827	0.0	0.02130229798761729
28800	0.9787144466360741	0.0	0.021285553363925902
28850	0.9787311900780206	0.0	0.021268809921979437
28900	0.9787479321569991	0.0	0.021252067843000932
28950	0.978764672693408	0.0	0.021235327306591945
29000	0.9787814115092539	0.0	0.021218588490746093
29050	0.9787981484281448	0.0	0.021201851571855168
29100	0.9788148832752805	0.0	0.021185116724719455
29150	0.9788316158774438	0.0	0.021168384122556172
29200	0.978848346062993	0.0	0.02115165393700702
29250	0.9788650736618498	0.0	0.021134926338150173
29300	0.9788817985054932	0.0	0.021118201494506827
29350	0.9788985204269489	0.0	0.021101479573051085
29400	0.9789152392607825	0.0	0.0210847607392175
29450	0.9789319710324026	0.0	0.021068028967597408
29500	0.9789487058146642	0.0	0.0210512941853358
29550	0.9789654371699432	0.0	0.02103456283005678
29600	0.9789821649368317	0.0	0.021017835063168344
29650	0.978998888955427	0.0	0.02100111104457303
29700	0.9790156090673281	0.0	0.020984390932671904
29750	0.9790323251156187	0.0	0.020967674884381338
29800	0.9790490369448652	0.0	0.020950963055134775
29850	0.9790657444011029	0.0	0.020934255598897056
29900	0.9790824473318289	0.0	0.02091755266817108
29950	0.9790991455859935	0.0	0.020900854414006464
30000	0.9791158390139902	0.0	0.02088416098600976
