41.00993609428406
40.50083541870117
38.84563183784485
37.2272162437439
38.67201232910156
41.15491199493408
39.81813049316406
39.627368688583374
39.16434454917908
36.51174855232239
40.01064085960388
38.864354848861694
39.45449662208557
37.47763466835022
37.030592918395996
37.74931216239929
38.59992575645447
38.39417314529419
36.78094935417175
38.75618600845337
37.882378578186035
32.141029596328735
33.849748849868774
30.7596333026886
33.96528601646423
34.64619326591492
35.25059533119202
32.759236097335815
33.31482911109924
34.883915185928345
32.98093605041504
32.21895623207092
30.65230631828308
31.66335940361023
34.185333013534546
34.59797692298889
35.17006874084473
33.29837417602539
33.772583961486816
32.1231689453125
35.281434297561646
31.42533040046692
33.50338554382324
33.107303857803345
35.51994490623474
34.074220418930054
31.123558521270752
34.407225370407104
