280.0	1.749974585	4.3583E-6
285.0	1.743662062	4.3583E-6
290.0	1.737961244	4.3583E-6
295.0	1.732781486	4.3583E-6
300.0	1.7280502	4.3583E-6
305.0	1.72370843	4.3583E-6
310.0	1.719707688	4.3583E-6
315.0	1.716007647	4.3583E-6
320.0	1.712574431	4.3583E-6
325.0	1.709379325	4.3583E-6
330.0	1.706397793	4.3583E-6
335.0	1.703608709	4.3583E-6
340.0	1.70099377	4.3583E-6
345.0	1.698537012	4.3583E-6
350.0	1.696224442	4.3583E-6
355.0	1.694043726	3.3349E-6
360.0	1.691983942	2.3115E-6
365.0	1.690035378	1.2881E-6
370.0	1.688189361	8.8923E-7
375.0	1.68643812	6.6903E-7
380.0	1.684774662	4.4883E-7
385.0	1.683192681	3.47595E-7
390.0	1.681686469	2.4636E-7
395.0	1.680250844	1.9737E-7
400.0	1.678881093	1.4838E-7
405.0	1.677572914	1.2158E-7
410.0	1.676322376	1.08627E-7
415.0	1.675125875	9.5674E-8
420.0	1.673980101	8.2721E-8
425.0	1.672882009	7.6386E-8
430.0	1.671828792	7.0051E-8
435.0	1.670817858	6.3716E-8
440.0	1.669846809	5.9474E-8
445.0	1.668913422	5.57553E-8
450.0	1.668015636	5.20365E-8
455.0	1.667151536	4.83178E-8
460.0	1.666319337	4.4599E-8
465.0	1.665517378	4.20309E-8
470.0	1.664744109	3.94628E-8
475.0	1.663998081	3.68946E-8
480.0	1.663277941	3.43265E-8
485.0	1.662582419	3.17584E-8
490.0	1.661910327	2.91903E-8
495.0	1.66126055	2.66221E-8
500.0	1.660632039	2.4054E-8
505.0	1.66002381	2.31474E-8
510.0	1.659434935	2.22407E-8
515.0	1.658864542	2.13341E-8
520.0	1.658311808	2.04275E-8
525.0	1.657775955	1.95208E-8
530.0	1.657256251	1.86142E-8
535.0	1.656752003	1.77076E-8
540.0	1.656262554	1.6801E-8
545.0	1.655787286	1.58943E-8
550.0	1.65532561	1.5609E-8
555.0	1.65487697	1.5479E-8
560.0	1.654440837	1.5349E-8
565.0	1.654016711	1.5219E-8
570.0	1.653604115	1.5089E-8
575.0	1.653202598	1.4959E-8
580.0	1.652811728	1.4829E-8
585.0	1.652431098	1.54547E-8
590.0	1.652060317	1.60805E-8
595.0	1.651699016	1.67062E-8
600.0	1.65134684	1.7332E-8
605.0	1.651003452	1.79577E-8
610.0	1.650668531	1.85835E-8
615.0	1.65034177	1.92092E-8
620.0	1.650022876	1.9835E-8
625.0	1.64971157	1.99949E-8
630.0	1.649407583	2.01547E-8
635.0	1.64911066	2.03146E-8
640.0	1.648820556	2.04745E-8
645.0	1.648537037	2.06344E-8
650.0	1.648259879	2.07942E-8
655.0	1.647988865	2.09541E-8
660.0	1.647723792	2.1114E-8
665.0	1.647464461	2.04313E-8
670.0	1.647210683	1.97485E-8
675.0	1.646962276	1.90658E-8
680.0	1.646719066	1.8383E-8
685.0	1.646480885	1.77003E-8
690.0	1.646247574	1.70175E-8
695.0	1.646018976	1.63348E-8
700.0	1.645794944	1.5652E-8
705.0	1.645575335	1.57638E-8
710.0	1.645360012	1.58756E-8
715.0	1.645148842	1.59874E-8
720.0	1.644941698	1.60992E-8
725.0	1.644738459	1.6211E-8
730.0	1.644539005	1.63228E-8
735.0	1.644343223	1.64346E-8
740.0	1.644151004	1.65464E-8
745.0	1.643962242	1.66582E-8
750.0	1.643776835	1.67701E-8
755.0	1.643594686	1.68819E-8
760.0	1.643415699	1.69937E-8
765.0	1.643239784	1.71055E-8
770.0	1.643066851	1.72173E-8
775.0	1.642896816	1.73291E-8
780.0	1.642729597	1.74409E-8
785.0	1.642565114	1.75527E-8
790.0	1.642403289	1.76645E-8
795.0	1.64224405	1.77763E-8
800.0	1.642087324	1.78881E-8
805.0	1.641933041	1.79999E-8
810.0	1.641781135	1.81117E-8
815.0	1.641631541	1.82235E-8
820.0	1.641484196	1.83353E-8
825.0	1.641339038	1.84471E-8
830.0	1.641196009	1.85589E-8
835.0	1.641055052	1.86707E-8
840.0	1.640916112	1.87826E-8
845.0	1.640779135	1.88944E-8
850.0	1.640644069	1.90062E-8
855.0	1.640510864	1.9118E-8
860.0	1.640379472	1.92298E-8
865.0	1.640249844	1.93416E-8
870.0	1.640121935	1.94534E-8
875.0	1.639995701	1.95652E-8
880.0	1.639871098	1.9677E-8
885.0	1.639748085	1.97888E-8
890.0	1.639626621	1.99006E-8
895.0	1.639506667	2.00124E-8
900.0	1.639388183	2.01242E-8
905.0	1.639271134	2.0236E-8
910.0	1.639155482	2.03478E-8
915.0	1.639041193	2.04596E-8
920.0	1.638928233	2.05714E-8
925.0	1.638816568	2.06832E-8
930.0	1.638706167	2.07951E-8
935.0	1.638596997	2.09069E-8
940.0	1.638489029	2.10187E-8
945.0	1.638382233	2.11305E-8
950.0	1.63827658	2.12423E-8
955.0	1.638172042	2.13541E-8
960.0	1.638068592	2.14659E-8
965.0	1.637966203	2.15777E-8
970.0	1.637864849	2.16895E-8
975.0	1.637764506	2.18013E-8
980.0	1.637665148	2.19131E-8
985.0	1.637566753	2.20249E-8
990.0	1.637469296	2.21367E-8
995.0	1.637372756	2.22485E-8
1000.0	1.637277109	2.23603E-8
1005.0	1.637182335	2.24721E-8
1010.0	1.637088413	2.25839E-8
1015.0	1.636995323	2.26957E-8
1020.0	1.636903043	2.28076E-8
1025.0	1.636811556	2.29194E-8
1030.0	1.636720843	2.30312E-8
1035.0	1.636630884	2.3143E-8
1040.0	1.636541662	2.32548E-8
1045.0	1.636453159	2.33666E-8
1050.0	1.636365359	2.34784E-8
1055.0	1.636278244	2.35902E-8
1060.0	1.636191799	2.3702E-8
1065.0	1.636106007	2.44966E-8
1070.0	1.636020853	2.52911E-8
1075.0	1.635936322	2.60857E-8
1080.0	1.6358524	2.68802E-8
1085.0	1.635769071	2.76748E-8
1090.0	1.635686321	2.84693E-8
1095.0	1.635604137	2.92639E-8
1100.0	1.635522506	3.00584E-8
1105.0	1.635441414	3.0853E-8
1110.0	1.635360849	3.16475E-8
1115.0	1.635280797	3.24421E-8
1120.0	1.635201247	3.32366E-8
1125.0	1.635122187	3.40312E-8
1130.0	1.635043605	3.48257E-8
1135.0	1.63496549	3.56203E-8
1140.0	1.63488783	3.64149E-8
1145.0	1.634810615	3.72094E-8
1150.0	1.634733833	3.8004E-8
1155.0	1.634657475	3.87985E-8
1160.0	1.63458153	3.95931E-8
1165.0	1.634505988	4.03876E-8
1170.0	1.63443084	4.11822E-8
1175.0	1.634356075	4.19767E-8
1180.0	1.634281685	4.27713E-8
1185.0	1.63420766	4.35658E-8
1190.0	1.634133992	4.43604E-8
1195.0	1.634060671	4.51549E-8
1200.0	1.633987689	4.59495E-8
1205.0	1.633915037	4.6744E-8
1210.0	1.633842708	4.75386E-8
1215.0	1.633770693	4.83331E-8
1220.0	1.633698984	4.91277E-8
1225.0	1.633627574	4.99223E-8
1230.0	1.633556455	5.07168E-8
1235.0	1.633485619	5.15114E-8
1240.0	1.63341506	5.23059E-8
1245.0	1.633344769	5.31005E-8
1250.0	1.633274741	5.3895E-8
1255.0	1.633204969	5.46896E-8
1260.0	1.633135445	5.54841E-8
1265.0	1.633066163	5.62787E-8
1270.0	1.632997116	5.70732E-8
1275.0	1.632928299	5.78678E-8
1280.0	1.632859705	5.86623E-8
1285.0	1.632791328	5.94569E-8
1290.0	1.632723162	6.02514E-8
1295.0	1.632655201	6.1046E-8
1300.0	1.63258744	6.18406E-8
1305.0	1.632519872	6.26351E-8
1310.0	1.632452493	6.34297E-8
1315.0	1.632385297	6.42242E-8
1320.0	1.632318278	6.50188E-8
1325.0	1.632251432	6.58133E-8
1330.0	1.632184753	6.66079E-8
1335.0	1.632118236	6.74024E-8
1340.0	1.632051877	6.8197E-8
1345.0	1.63198567	6.89915E-8
1350.0	1.631919611	6.97861E-8
1355.0	1.631853695	7.05806E-8
1360.0	1.631787918	7.13752E-8
1365.0	1.631722275	7.21697E-8
1370.0	1.631656761	7.29643E-8
1375.0	1.631591373	7.37589E-8
1380.0	1.631526105	7.45534E-8
1385.0	1.631460955	7.5348E-8
1390.0	1.631395918	7.61425E-8
1395.0	1.631330989	7.69371E-8
1400.0	1.631266165	7.77316E-8
1405.0	1.631201442	7.85262E-8
1410.0	1.631136816	7.93207E-8
1415.0	1.631072283	8.01153E-8
1420.0	1.63100784	8.09098E-8
1425.0	1.630943483	8.17044E-8
1430.0	1.630879209	8.24989E-8
1435.0	1.630815013	8.32935E-8
1440.0	1.630750893	8.4088E-8
1445.0	1.630686845	8.48826E-8
1450.0	1.630622866	8.56771E-8
1455.0	1.630558952	8.64717E-8
1460.0	1.6304951	8.72663E-8
1465.0	1.630431308	8.80608E-8
1470.0	1.630367572	8.88554E-8
1475.0	1.630303888	8.96499E-8
1480.0	1.630240255	9.04445E-8
1485.0	1.630176668	9.1239E-8
1490.0	1.630113125	9.20336E-8
1495.0	1.630049624	9.28281E-8
1500.0	1.629986161	9.36227E-8
1505.0	1.629922733	9.44172E-8
1510.0	1.629859338	9.52118E-8
1515.0	1.629795973	9.60063E-8
1520.0	1.629732636	9.68009E-8
1525.0	1.629669324	9.75954E-8
1530.0	1.629606034	9.839E-8
1535.0	1.629542763	1.07195E-7
1540.0	1.62947951	1.16001E-7
1545.0	1.629416272	1.24806E-7
1550.0	1.629353046	1.33612E-7
1555.0	1.62928983	1.42417E-7
1560.0	1.629226622	1.51223E-7
1565.0	1.629163419	1.60028E-7
1570.0	1.629100219	1.68834E-7
1575.0	1.62903702	1.77639E-7
1580.0	1.62897382	1.86445E-7
1585.0	1.628910616	1.9525E-7
1590.0	1.628847407	2.04055E-7
1595.0	1.62878419	2.12861E-7
1600.0	1.628720963	2.21666E-7
1605.0	1.628657724	2.30472E-7
1610.0	1.628594471	2.39277E-7
1615.0	1.628531202	2.48083E-7
1620.0	1.628467916	2.56888E-7
1625.0	1.628404609	2.65694E-7
1630.0	1.628341281	2.74499E-7
1635.0	1.62827793	2.83305E-7
1640.0	1.628214553	2.9211E-7
1645.0	1.628151148	3.00915E-7
1650.0	1.628087715	3.09721E-7
1655.0	1.628024251	3.18526E-7
1660.0	1.627960754	3.27332E-7
1665.0	1.627897223	3.36137E-7
1670.0	1.627833656	3.44943E-7
1675.0	1.627770051	3.53748E-7
1680.0	1.627706407	3.62554E-7
1685.0	1.627642722	3.71359E-7
1690.0	1.627578994	3.80165E-7
1695.0	1.627515222	3.8897E-7
1700.0	1.627451405	3.97775E-7
1705.0	1.62738754	4.06581E-7
1710.0	1.627323626	4.15386E-7
1715.0	1.627259662	4.24192E-7
1720.0	1.627195645	4.32997E-7
1725.0	1.627131576	4.41803E-7
1730.0	1.627067452	4.50608E-7
1735.0	1.627003271	4.59414E-7
1740.0	1.626939033	4.68219E-7
1745.0	1.626874736	4.77025E-7
1750.0	1.626810379	4.8583E-7
1755.0	1.62674596	4.94635E-7
1760.0	1.626681477	5.03441E-7
1765.0	1.62661693	5.12246E-7
1770.0	1.626552318	5.21052E-7
1775.0	1.626487638	5.29857E-7
1780.0	1.62642289	5.38663E-7
1785.0	1.626358072	5.47468E-7
1790.0	1.626293184	5.56274E-7
1795.0	1.626228223	5.65079E-7
1800.0	1.626163189	5.73885E-7
1805.0	1.62609808	5.8269E-7
1810.0	1.626032896	5.91495E-7
1815.0	1.625967635	6.00301E-7
1820.0	1.625902296	6.09106E-7
1825.0	1.625836877	6.17912E-7
1830.0	1.625771378	6.26717E-7
1835.0	1.625705798	6.35523E-7
1840.0	1.625640134	6.44328E-7
1845.0	1.625574388	6.53134E-7
1850.0	1.625508556	6.61939E-7
1855.0	1.625442638	6.70745E-7
1860.0	1.625376634	6.7955E-7
1865.0	1.625310541	6.88355E-7
1870.0	1.62524436	6.97161E-7
1875.0	1.625178088	7.05966E-7
1880.0	1.625111725	7.14772E-7
1885.0	1.62504527	7.23577E-7
1890.0	1.624978722	7.32383E-7
1895.0	1.62491208	7.41188E-7
1900.0	1.624845343	7.49994E-7
1905.0	1.624778509	7.58799E-7
1910.0	1.624711579	7.67605E-7
1915.0	1.62464455	7.7641E-7
1920.0	1.624577423	7.85215E-7
1925.0	1.624510196	7.94021E-7
1930.0	1.624442868	8.02826E-7
1935.0	1.624375439	8.11632E-7
1940.0	1.624307906	8.20437E-7
1945.0	1.624240271	8.29243E-7
1950.0	1.624172531	8.38048E-7
1955.0	1.624104686	8.46854E-7
1960.0	1.624036734	8.55659E-7
1965.0	1.623968676	8.64465E-7
1970.0	1.62390051	8.7327E-7
1975.0	1.623832235	9.09131E-7
1980.0	1.623763851	9.44992E-7
1985.0	1.623695357	9.80853E-7
1990.0	1.623626751	1.01671E-6
1995.0	1.623558034	1.05257E-6
2000.0	1.623489203	1.08844E-6
2005.0	1.623420259	1.1243E-6
2010.0	1.623351201	1.16016E-6
2015.0	1.623282028	1.19602E-6
2020.0	1.623212739	1.23188E-6
2025.0	1.623143333	1.26774E-6
2030.0	1.62307381	1.3036E-6
2035.0	1.623004168	1.33946E-6
2040.0	1.622934408	1.37532E-6
2045.0	1.622864527	1.41118E-6
2050.0	1.622794527	1.44705E-6
2055.0	1.622724405	1.48291E-6
2060.0	1.622654162	1.51877E-6
2065.0	1.622583795	1.55463E-6
2070.0	1.622513306	1.59049E-6
2075.0	1.622442692	1.62635E-6
2080.0	1.622371954	1.66221E-6
2085.0	1.622301091	1.69807E-6
2090.0	1.622230101	1.73393E-6
2095.0	1.622158984	1.76979E-6
2100.0	1.62208774	1.80566E-6
2105.0	1.622016368	1.84152E-6
2110.0	1.621944867	1.87738E-6
2115.0	1.621873237	1.91324E-6
2120.0	1.621801476	1.9491E-6
2125.0	1.621729584	1.98496E-6
2130.0	1.621657562	2.02082E-6
2135.0	1.621585407	2.05668E-6
2140.0	1.621513119	2.09254E-6
2145.0	1.621440698	2.1284E-6
2150.0	1.621368143	2.16427E-6
2155.0	1.621295453	2.20013E-6
2160.0	1.621222628	2.23599E-6
2165.0	1.621149667	2.27185E-6
2170.0	1.621076569	2.30771E-6
2175.0	1.621003335	2.34357E-6
2180.0	1.620929963	2.37943E-6
2185.0	1.620856452	2.41529E-6
2190.0	1.620782803	2.45115E-6
2195.0	1.620709014	2.48701E-6
2200.0	1.620635084	2.52288E-6
2205.0	1.620561015	2.55874E-6
2210.0	1.620486804	2.5946E-6
2215.0	1.620412451	2.63046E-6
2220.0	1.620337955	2.66632E-6
2225.0	1.620263317	2.70218E-6
2230.0	1.620188535	2.73804E-6
2235.0	1.620113609	2.7739E-6
2240.0	1.620038538	2.80976E-6
2245.0	1.619963322	2.84562E-6
2250.0	1.61988796	2.88149E-6
2255.0	1.619812452	2.91735E-6
2260.0	1.619736797	2.95321E-6
2265.0	1.619660994	2.98907E-6
2270.0	1.619585043	3.02493E-6
2275.0	1.619508944	3.06079E-6
2280.0	1.619432696	3.09665E-6
2285.0	1.619356298	3.13251E-6
2290.0	1.619279749	3.16837E-6
2295.0	1.619203051	3.20423E-6
2300.0	1.6191262	3.2401E-6
2305.0	1.619049199	3.27596E-6
2310.0	1.618972044	3.31182E-6
2315.0	1.618894737	3.34768E-6
2320.0	1.618817277	3.38354E-6
2325.0	1.618739663	3.4194E-6
2330.0	1.618661895	3.48858E-6
2335.0	1.618583971	3.55776E-6
2340.0	1.618505893	3.62694E-6
2345.0	1.618427658	3.69612E-6
2350.0	1.618349267	3.7653E-6
2355.0	1.61827072	3.83448E-6
2360.0	1.618192015	3.90366E-6
2365.0	1.618113152	3.97284E-6
2370.0	1.61803413	4.04202E-6
2375.0	1.61795495	4.1112E-6
2380.0	1.617875611	4.18038E-6
2385.0	1.617796111	4.24956E-6
2390.0	1.617716452	4.31874E-6
2395.0	1.617636631	4.38792E-6
2400.0	1.617556649	4.4571E-6
2405.0	1.617476506	4.52628E-6
2410.0	1.6173962	4.59546E-6
2415.0	1.617315732	4.66464E-6
2420.0	1.6172351	4.73382E-6
2425.0	1.617154305	4.803E-6
2430.0	1.617073345	4.87218E-6
2435.0	1.616992221	4.94136E-6
2440.0	1.616910932	5.01054E-6
2445.0	1.616829477	5.07972E-6
2450.0	1.616747857	5.1489E-6
2455.0	1.616666069	5.21808E-6
2460.0	1.616584115	5.28726E-6
2465.0	1.616501994	5.35644E-6
2470.0	1.616419704	5.42562E-6
2475.0	1.616337247	5.4948E-6
2480.0	1.61625462	5.56398E-6
2485.0	1.616171824	5.63316E-6
2490.0	1.616088859	5.70234E-6
2495.0	1.616005723	5.77152E-6
2500.0	1.615922417	5.8407E-6
