206.6	0.55495635	1.896950685
210.8950832	0.571932938	1.941818068
215.2794584	0.589608339	1.987213663
219.7549821	0.60800936	2.033145626
224.323549	0.627164294	2.079621183
228.9870936	0.647102988	2.126646552
233.7475903	0.667856915	2.174226839
238.6070547	0.689459251	2.22236592
243.5675442	0.711944952	2.271066309
248.6311593	0.735350826	2.320328996
253.8000437	0.75971561	2.370153264
259.0763859	0.785080037	2.420536481
264.4624199	0.8114869	2.471473867
269.9604262	0.838981101	2.522958226
275.5727325	0.867609689	2.574979644
281.3017151	0.897421878	2.627525163
287.1497997	0.928469037	2.680578402
293.1194622	0.960804653	2.734119157
299.2132302	0.994484254	2.788122947
305.4336838	1.02956528	2.842560529
311.7834567	1.066106902	2.897397373
318.2652374	1.104169764	2.952593099
324.8817702	1.143815651	3.00810088
331.6358565	1.185107059	3.063866826
338.5303559	1.228106649	3.119829349
345.5681877	1.272876584	3.175918523
352.7523315	1.319477727	3.232055462
360.0858291	1.367968679	3.28815174
367.5717855	1.418404666	3.34410887
375.2133702	1.470836247	3.399817883
383.0138186	1.525307859	3.455159048
390.9764334	1.581856193	3.510001759
399.1045859	1.640508433	3.564204659
407.4017175	1.701280362	3.617616024
415.8713413	1.764174403	3.670074466
424.5170432	1.829177624	3.721409981
433.3424837	1.896259789	3.771445391
442.3513996	1.965371527	3.819998173
451.5476051	2.036442708	3.866882688
460.9349939	2.109381107	3.911912791
470.5175406	2.184071461	3.954904758
480.2993023	2.260374986	3.995680494
490.2844207	2.338129426	4.034070897
500.4771234	2.417149684	4.069919306
510.8817259	2.497229049	4.103084889
521.5026335	2.578141025	4.133445866
532.3443431	2.659641711	4.160902432
543.4114449	2.741472687	4.185379279
554.7086248	2.823364301	4.206827611
566.2406659	2.905039264	4.225226597
578.0124508	2.986216425	4.240584194
590.0289637	3.066614609	4.252937345
602.2952923	3.145956382	4.262351546
614.8166301	3.223971643	4.268919826
627.5982785	3.300400935	4.272761194
640.6456494	3.374998387	4.274018636
653.9642668	3.447534234	4.272856742
667.5597698	3.517796871	4.269459065
681.4379148	3.585594409	4.264025298
695.6045776	3.650755759	4.256768374
710.0657563	3.713131231	4.247911566
724.8275738	3.772592701	4.237685667
739.8962801	3.82903338	4.226326315
755.2782553	3.882367236	4.214071514
770.980012	3.932528123	4.201159384
787.0081983	3.979468675	4.187826185
803.3696005	4.023159023	4.174304602
820.0711458	4.063585383	4.160822326
837.1199057	4.100748571	4.147600908
854.5230985	4.134662484	4.134854872
872.2880927	4.165352592	4.122791096
890.4224098	4.192854467	4.111608405
908.933728	4.217212388	4.101497387
927.8298847	4.238478024	4.09264038
947.1188805	4.25670924	4.085211616
966.8088824	4.271969008	4.079377507
986.9082269	4.284324457	4.075297023
1007.425424	4.293846045	4.073122156
1028.369161	4.300606873	4.072998451
1049.748305	4.304682124	4.075065566
1071.571907	4.306148635	4.079457857
1093.849209	4.305084586	4.086304958
1116.589641	4.301569314	4.095732354
1139.802833	4.29568323	4.10786192
1163.498612	4.287507836	4.122812412
1187.687011	4.277125833	4.140699908
1212.378272	4.264621305	4.161638179
1237.582849	4.250079971	4.185738982
1263.311413	4.233589485	4.213112269
1289.574857	4.215239777	4.243866297
1316.384302	4.195123412	4.278107649
1343.751098	4.173335957	4.31594114
1371.686833	4.149976327	4.357469634
1400.203333	4.1251471	4.402793744
1429.312674	4.098954782	4.45201145
1459.02718	4.071509992	4.50521762
1489.359431	4.042927558	4.562503458
1520.322271	4.013326509	4.623955894
1551.928808	3.98282993	4.689656942
1584.192425	3.951564699	4.759683033
1617.126783	3.919661074	4.834104373
1650.745825	3.887252144	4.912984342
1685.063785	3.854473148	4.996378961
1720.095194	3.821460673	5.084336467
1755.854884	3.788351756	5.176897014
1792.357996	3.755282909	5.27409252
1829.619984	3.722389102	5.375946679
1867.656625	3.689802741	5.482475146
1906.484023	3.657652669	5.593685892
1946.118619	3.626063222	5.709579721
1986.577193	3.595153389	5.830150942
2027.876875	3.565036077	5.955388153
2070.035151	3.535817516	6.085275139
2113.069871	3.507596825	6.219791833
2156.999256	3.480465716	6.358915309
2201.841905	3.454508374	6.502620797
2247.616804	3.429801473	6.650882665
2294.343334	3.406414331	6.803675364
2342.041279	3.384409189	6.960974308
2390.730835	3.363841589	7.12275667
2440.432615	3.344760835	7.289002094
2491.167664	3.327210516	7.459693309
2542.957462	3.311229072	7.634816643
2595.823938	3.296850386	7.814362446
2649.789474	3.284104385	7.998325414
2704.87692	3.273017641	8.186704841
2761.109598	3.263613955	8.37950478
2818.511318	3.255914921	8.576734147
2877.106384	3.249940467	8.778406756
2936.919604	3.245709351	8.984541313
2997.976303	3.243239637	9.195161359
3060.302332	3.242549129	9.410295184
3123.92408	3.243655763	9.629975713
3188.868484	3.24657798	9.854240366
3255.163041	3.251335045	10.08313091
3322.835819	3.257947356	10.31669329
3391.915472	3.266436707	10.55497745
3462.431247	3.276826533	10.79803719
3534.413001	3.289142129	11.04592995
3607.891209	3.303410846	11.29871664
3682.896983	3.31966227	11.55646147
3759.462079	3.337928378	11.81923179
3837.618916	3.358243691	12.0870979
3917.400583	3.380645398	12.36013287
3998.840861	3.405173482	12.63841243
4081.97423	3.431870828	12.92201475
4166.83589	3.460783329	13.21102031
4253.46177	3.491959976	13.50551178
4341.888547	3.525452952	13.8055738
4432.153661	3.561317717	14.11129293
4524.295329	3.599613081	14.4227574
4618.352565	3.640401289	14.74005707
4714.36519	3.683748088	15.06328322
4812.373858	3.729722802	15.39252845
4912.420063	3.778398396	15.72788653
5014.546166	3.829851545	16.06945226
5118.795406	3.884162701	16.41732132
5225.211921	3.941416148	16.77159017
5333.840769	4.001700072	17.13235585
5444.727941	4.065106616	17.4997159
5557.920388	4.131731937	17.87376815
5673.466033	4.201676264	18.25461062
5791.4138	4.275043949	18.64234135
5911.813626	4.351943522	19.03705823
6034.716488	4.432487734	19.43885884
6160.174423	4.516793608	19.8478403
6288.240549	4.604982477	20.2640991
6418.969089	4.697180023	20.68773091
6552.415392	4.79351631	21.11883038
6688.635959	4.894125816	21.55749099
6827.688466	4.999147453	22.00380483
6969.631786	5.108724584	22.45786243
7114.526018	5.223005036	22.91975249
7262.432509	5.342141103	23.38956176
7413.413883	5.46628954	23.86737472
7567.534063	5.595611549	24.35327343
7724.858305	5.730272759	24.84733729
7885.453218	5.870443191	25.34964275
8049.386798	6.016297215	25.86026314
8216.728453	6.168013491	26.37926837
8387.549035	6.325774905	26.9067247
8561.920869	6.489768483	27.44269449
8739.917783	6.660185299	27.98723591
8921.61514	6.837220357	28.5404027
9107.089869	7.021072469	29.10224392
9296.420502	7.21194411	29.67280364
9489.687198	7.410041254	30.25212071
9686.971786	7.615573193	30.84022846
9888.357796	7.828752345	31.43715448
10093.93049	8.049794028	32.0429203
10303.77692	8.278916222	32.65754118
10517.98592	8.516339315	33.28102582
10736.64818	8.762285817	33.91337614
10959.8563	9.016980062	34.55458703
11187.70477	9.280647882	35.20464612
11420.29007	9.553516264	35.86353357
11657.71067	9.835812981	36.53122188
11900.0671	10.12776621	37.20767567
12147.46196	10.42960411	37.89285155
12400.0	10.74155442	38.58669797
