247.97	0.86	2.08
249.34	0.86	2.10
250.72	0.87	2.12
252.11	0.87	2.14
253.51	0.88	2.16
254.92	0.88	2.17
256.33	0.89	2.19
257.75	0.89	2.21
259.18	0.90	2.23
260.61	0.90	2.25
262.06	0.91	2.26
263.51	0.92	2.28
264.97	0.92	2.30
266.44	0.93	2.32
267.92	0.93	2.33
269.40	0.94	2.35
270.90	0.95	2.37
272.40	0.95	2.39
273.91	0.96	2.41
275.42	0.97	2.42
276.95	0.98	2.44
278.49	0.98	2.46
280.03	0.99	2.48
281.58	1.00	2.49
283.14	1.01	2.51
284.71	1.01	2.53
286.29	1.02	2.55
287.88	1.03	2.56
289.47	1.04	2.58
291.08	1.05	2.60
292.69	1.06	2.62
294.31	1.07	2.63
295.94	1.07	2.65
297.58	1.08	2.67
299.23	1.09	2.68
300.89	1.10	2.70
302.56	1.11	2.72
304.23	1.12	2.74
305.92	1.13	2.75
307.62	1.14	2.77
309.32	1.15	2.79
311.04	1.16	2.81
312.76	1.17	2.82
314.49	1.18	2.84
316.24	1.19	2.86
317.99	1.20	2.87
319.75	1.21	2.89
321.52	1.22	2.91
323.31	1.23	2.93
325.10	1.25	2.94
326.90	1.26	2.96
328.71	1.27	2.98
330.53	1.28	2.99
332.36	1.29	3.01
334.21	1.30	3.03
336.06	1.31	3.05
337.92	1.33	3.06
339.79	1.34	3.08
341.68	1.35	3.10
343.57	1.36	3.11
345.48	1.38	3.13
347.39	1.39	3.15
349.32	1.40	3.16
351.25	1.42	3.18
353.20	1.43	3.20
355.16	1.44	3.21
357.12	1.46	3.23
359.10	1.47	3.25
361.09	1.48	3.26
363.09	1.50	3.28
365.11	1.51	3.30
367.13	1.53	3.31
369.17	1.54	3.33
371.21	1.55	3.34
373.27	1.57	3.36
375.34	1.58	3.38
377.42	1.60	3.39
379.51	1.61	3.41
381.61	1.63	3.42
383.73	1.64	3.44
385.85	1.66	3.46
387.99	1.67	3.47
390.14	1.69	3.49
392.31	1.71	3.50
394.48	1.72	3.52
396.67	1.74	3.53
398.86	1.76	3.55
401.08	1.77	3.57
403.30	1.79	3.58
405.53	1.80	3.60
407.78	1.82	3.61
410.04	1.84	3.63
412.31	1.86	3.64
414.60	1.87	3.66
416.90	1.89	3.67
419.21	1.91	3.68
421.53	1.93	3.70
423.87	1.94	3.71
426.22	1.96	3.73
428.58	1.98	3.74
430.95	2.00	3.76
433.34	2.02	3.77
435.74	2.03	3.78
438.16	2.05	3.80
440.59	2.07	3.81
443.03	2.09	3.82
445.48	2.11	3.84
447.95	2.13	3.85
450.44	2.15	3.86
452.93	2.17	3.88
455.44	2.19	3.89
457.97	2.21	3.90
460.51	2.23	3.92
463.06	2.25	3.93
465.62	2.27	3.94
468.20	2.29	3.95
470.80	2.31	3.96
473.41	2.33	3.98
476.03	2.35	3.99
478.67	2.37	4.00
481.32	2.39	4.01
483.99	2.41	4.02
486.67	2.43	4.03
489.37	2.45	4.04
492.08	2.47	4.05
494.81	2.49	4.07
497.55	2.51	4.08
500.31	2.53	4.09
503.08	2.55	4.10
505.87	2.58	4.11
508.68	2.60	4.12
511.49	2.62	4.12
514.33	2.64	4.13
517.18	2.66	4.14
520.05	2.68	4.15
522.93	2.70	4.16
525.83	2.72	4.17
528.74	2.75	4.18
531.67	2.77	4.19
534.62	2.79	4.19
537.58	2.81	4.20
540.56	2.83	4.21
543.56	2.85	4.22
546.57	2.88	4.22
549.60	2.90	4.23
552.64	2.92	4.24
555.71	2.94	4.24
558.79	2.96	4.25
561.88	2.98	4.26
565.00	3.01	4.26
568.13	3.03	4.27
571.28	3.05	4.27
574.44	3.07	4.28
577.63	3.09	4.28
580.83	3.11	4.29
584.05	3.14	4.29
587.29	3.16	4.30
590.54	3.18	4.30
593.81	3.20	4.31
597.10	3.22	4.31
600.41	3.24	4.31
603.74	3.26	4.32
607.09	3.28	4.32
610.45	3.30	4.32
613.84	3.33	4.33
617.24	3.35	4.33
620.66	3.37	4.33
624.10	3.39	4.34
627.56	3.41	4.34
631.04	3.43	4.34
634.53	3.45	4.34
638.05	3.47	4.34
641.59	3.49	4.34
645.14	3.51	4.35
648.72	3.53	4.35
652.31	3.55	4.35
655.93	3.57	4.35
659.56	3.59	4.35
663.22	3.61	4.35
666.89	3.62	4.35
670.59	3.64	4.35
674.31	3.66	4.35
678.04	3.68	4.35
681.80	3.70	4.35
685.58	3.72	4.35
689.38	3.73	4.35
693.20	3.75	4.35
697.04	3.77	4.35
700.91	3.79	4.35
704.79	3.80	4.35
708.70	3.82	4.35
712.63	3.84	4.34
716.57	3.86	4.34
720.55	3.87	4.34
724.54	3.89	4.34
728.56	3.90	4.34
732.59	3.92	4.34
736.65	3.94	4.34
740.74	3.95	4.33
744.84	3.97	4.33
748.97	3.98	4.33
753.12	4.00	4.33
757.29	4.01	4.33
761.49	4.03	4.32
765.71	4.04	4.32
769.96	4.05	4.32
774.22	4.07	4.32
778.51	4.08	4.32
782.83	4.09	4.31
787.17	4.11	4.31
791.53	4.12	4.31
795.92	4.13	4.31
800.33	4.15	4.30
804.76	4.16	4.30
809.22	4.17	4.30
813.71	4.18	4.30
818.22	4.19	4.29
822.75	4.20	4.29
827.31	4.21	4.29
831.90	4.23	4.29
836.51	4.24	4.28
841.15	4.25	4.28
845.81	4.26	4.28
850.50	4.27	4.28
855.21	4.28	4.27
859.95	4.28	4.27
864.72	4.29	4.27
869.51	4.30	4.27
874.33	4.31	4.27
879.17	4.32	4.26
884.05	4.33	4.26
888.95	4.34	4.26
893.87	4.34	4.26
898.83	4.35	4.26
903.81	4.36	4.25
908.82	4.37	4.25
913.85	4.37	4.25
918.92	4.38	4.25
924.01	4.39	4.25
929.13	4.39	4.25
934.28	4.40	4.25
939.46	4.40	4.25
944.67	4.41	4.24
949.90	4.41	4.24
955.17	4.42	4.24
960.46	4.42	4.24
965.78	4.43	4.24
971.14	4.43	4.24
976.52	4.44	4.24
981.93	4.44	4.24
987.37	4.45	4.24
992.85	4.45	4.24
998.35	4.45	4.24
1003.90	4.46	4.24
1009.40	4.46	4.24
1015.00	4.46	4.24
1020.70	4.47	4.25
1026.30	4.47	4.25
1032.00	4.47	4.25
1037.70	4.47	4.25
1043.50	4.48	4.25
1049.30	4.48	4.25
1055.10	4.48	4.26
1060.90	4.48	4.26
1066.80	4.48	4.26
1072.70	4.48	4.26
1078.70	4.48	4.26
1084.60	4.48	4.27
1090.70	4.48	4.27
1096.70	4.49	4.27
1102.80	4.49	4.28
1108.90	4.49	4.28
1115.00	4.49	4.28
1121.20	4.49	4.29
1127.40	4.48	4.29
1133.70	4.48	4.30
1140.00	4.48	4.30
1146.30	4.48	4.31
1152.60	4.48	4.31
1159.00	4.48	4.32
1165.40	4.48	4.32
1171.90	4.48	4.33
1178.40	4.48	4.33
1184.90	4.48	4.34
1191.50	4.47	4.35
1198.10	4.47	4.35
1204.70	4.47	4.36
1211.40	4.47	4.37
1218.10	4.47	4.37
1224.90	4.46	4.38
1231.70	4.46	4.39
1238.50	4.46	4.40
1245.40	4.45	4.41
1252.30	4.45	4.41
1259.20	4.45	4.42
1266.20	4.45	4.43
1273.20	4.44	4.44
1280.30	4.44	4.45
1287.40	4.44	4.46
1294.50	4.43	4.47
1301.70	4.43	4.48
1308.90	4.42	4.49
1316.10	4.42	4.50
1323.40	4.42	4.51
1330.80	4.41	4.52
1338.10	4.41	4.53
1345.60	4.40	4.54
1353.00	4.40	4.56
1360.50	4.40	4.57
1368.00	4.39	4.58
1375.60	4.39	4.59
1383.30	4.38	4.61
1390.90	4.38	4.62
1398.60	4.37	4.63
1406.40	4.37	4.64
1414.20	4.36	4.66
1422.00	4.36	4.67
1429.90	4.35	4.69
1437.80	4.35	4.70
1445.80	4.34	4.72
1453.80	4.34	4.73
1461.90	4.33	4.75
1470.00	4.33	4.76
1478.10	4.32	4.78
1486.30	4.32	4.79
1494.50	4.31	4.81
1502.80	4.30	4.83
1511.20	4.30	4.84
1519.50	4.29	4.86
1527.90	4.29	4.88
1536.40	4.28	4.90
1544.90	4.28	4.91
1553.50	4.27	4.93
1562.10	4.26	4.95
1570.80	4.26	4.97
1579.50	4.25	4.99
1588.20	4.25	5.01
1597.00	4.24	5.03
1605.90	4.23	5.05
1614.80	4.23	5.07
1623.70	4.22	5.09
1632.70	4.22	5.11
1641.80	4.21	5.13
1650.90	4.20	5.15
1660.00	4.20	5.17
1669.20	4.19	5.19
1678.50	4.18	5.22
1687.80	4.18	5.24
1697.10	4.17	5.26
1706.50	4.16	5.28
1716.00	4.16	5.31
1725.50	4.15	5.33
1735.10	4.15	5.36
1744.70	4.14	5.38
1754.40	4.13	5.40
1764.10	4.13	5.43
1773.90	4.12	5.45
1783.70	4.11	5.48
1793.60	4.11	5.50
1803.50	4.10	5.53
1813.50	4.09	5.56
1823.60	4.09	5.58
1833.70	4.08	5.61
1843.80	4.07	5.64
1854.00	4.07	5.66
1864.30	4.06	5.69
1874.70	4.05	5.72
1885.00	4.05	5.75
1895.50	4.04	5.77
1906.00	4.04	5.80
1916.60	4.03	5.83
1927.20	4.02	5.86
1937.90	4.02	5.89
1948.60	4.01	5.92
1959.40	4.00	5.95
1970.30	4.00	5.98
1981.20	3.99	6.01
1992.20	3.98	6.04
2003.20	3.98	6.07
2014.30	3.97	6.10
2025.50	3.96	6.14
2036.70	3.96	6.17
2048.00	3.95	6.20
2059.30	3.95	6.23
2070.70	3.94	6.27
2082.20	3.93	6.30
2093.80	3.93	6.33
2105.40	3.92	6.37
2117.00	3.91	6.40
2128.80	3.91	6.44
2140.60	3.90	6.47
2152.40	3.90	6.51
2164.40	3.89	6.54
2176.40	3.88	6.58
2188.40	3.88	6.61
2200.50	3.87	6.65
2212.70	3.87	6.69
2225.00	3.86	6.72
2237.30	3.85	6.76
2249.70	3.85	6.80
2262.20	3.84	6.83
2274.70	3.84	6.87
2287.40	3.83	6.91
2300.00	3.82	6.95
2312.80	3.82	6.99
2325.60	3.81	7.03
2338.50	3.81	7.07
2351.40	3.80	7.11
2364.50	3.80	7.15
2377.60	3.79	7.19
2390.80	3.79	7.23
2404.00	3.78	7.27
2417.30	3.77	7.31
2430.70	3.77	7.35
2444.20	3.76	7.40
2457.70	3.76	7.44
2471.40	3.75	7.48
2485.10	3.75	7.53
2498.80	3.74	7.57
2512.70	3.74	7.61
2526.60	3.73	7.66
2540.60	3.73	7.70
2554.70	3.72	7.75
2568.90	3.72	7.79
2583.10	3.71	7.84
2597.40	3.71	7.88
2611.80	3.70	7.93
2626.30	3.70	7.98
2640.80	3.69	8.02
2655.50	3.69	8.07
2670.20	3.68	8.12
2685.00	3.68	8.16
2699.90	3.67	8.21
2714.80	3.67	8.26
2729.90	3.67	8.31
2745.00	3.66	8.36
2760.20	3.66	8.41
2775.50	3.65	8.46
2790.90	3.65	8.51
2806.40	3.64	8.56
2821.90	3.64	8.61
2837.60	3.64	8.66
2853.30	3.63	8.71
2869.10	3.63	8.76
2885.00	3.62	8.82
2901.00	3.62	8.87
2917.10	3.62	8.92
2933.20	3.61	8.98
2949.50	3.61	9.03
2965.80	3.61	9.08
2982.30	3.60	9.14
2998.80	3.60	9.19
3015.40	3.60	9.25
3032.10	3.59	9.30
3049.00	3.59	9.36
3065.90	3.59	9.42
3082.80	3.58	9.47
3099.90	3.58	9.53
3117.10	3.58	9.59
3134.40	3.57	9.65
3151.80	3.57	9.70
3169.20	3.57	9.76
3186.80	3.57	9.82
3204.50	3.56	9.88
3222.20	3.56	9.94
3240.10	3.56	10.00
3258.00	3.56	10.06
3276.10	3.56	10.12
3294.20	3.55	10.19
3312.50	3.55	10.25
3330.90	3.55	10.31
3349.30	3.55	10.37
3367.90	3.55	10.44
3386.50	3.54	10.50
3405.30	3.54	10.56
3424.20	3.54	10.63
3443.20	3.54	10.69
3462.30	3.54	10.76
3481.40	3.54	10.82
3500.70	3.54	10.89
3520.10	3.54	10.95
3539.60	3.54	11.02
3559.30	3.53	11.09
3579.00	3.53	11.16
3598.80	3.53	11.22
3618.80	3.53	11.29
3638.80	3.53	11.36
3659.00	3.53	11.43
3679.30	3.53	11.50
3699.70	3.53	11.57
3720.20	3.53	11.64
3740.80	3.53	11.71
3761.50	3.53	11.78
3782.40	3.53	11.85
3803.30	3.53	11.93
3824.40	3.54	12.00
3845.60	3.54	12.07
3866.90	3.54	12.15
3888.40	3.54	12.22
3909.90	3.54	12.29
3931.60	3.54	12.37
3953.40	3.54	12.44
3975.30	3.55	12.52
3997.30	3.55	12.60
4019.50	3.55	12.67
4041.70	3.55	12.75
4064.10	3.55	12.83
4086.70	3.56	12.91
4109.30	3.56	12.98
4132.10	3.56	13.06
4155.00	3.56	13.14
4178.00	3.57	13.22
4201.20	3.57	13.30
4224.50	3.57	13.38
4247.90	3.58	13.47
4271.40	3.58	13.55
4295.10	3.58	13.63
4318.90	3.59	13.71
4342.80	3.59	13.80
4366.90	3.60	13.88
4391.10	3.60	13.96
4415.40	3.61	14.05
4439.90	3.61	14.13
4464.50	3.62	14.22
4489.30	3.62	14.31
4514.10	3.63	14.39
4539.20	3.63	14.48
4564.30	3.64	14.57
4589.60	3.64	14.66
4615.00	3.65	14.75
4640.60	3.66	14.83
4666.30	3.66	14.92
4692.20	3.67	15.01
4718.20	3.68	15.11
4744.40	3.68	15.20
4770.70	3.69	15.29
4797.10	3.70	15.38
4823.70	3.70	15.47
4850.40	3.71	15.57
4877.30	3.72	15.66
4904.30	3.73	15.76
4931.50	3.74	15.85
4958.80	3.75	15.95
4986.30	3.75	16.04
5014.00	3.76	16.14
5041.80	3.77	16.23
5069.70	3.78	16.33
5097.80	3.79	16.43
5126.00	3.80	16.53
5154.50	3.81	16.63
5183.00	3.82	16.73
5211.80	3.83	16.83
5240.60	3.84	16.93
5269.70	3.86	17.03
5298.90	3.87	17.13
5328.30	3.88	17.23
5357.80	3.89	17.34
5387.50	3.90	17.44
5417.30	3.92	17.54
5447.40	3.93	17.65
5477.60	3.94	17.75
5507.90	3.95	17.86
5538.40	3.97	17.97
5569.10	3.98	18.07
5600.00	4.00	18.18
5631.00	4.01	18.29
5662.20	4.02	18.40
5693.60	4.04	18.50
5725.20	4.05	18.61
5756.90	4.07	18.72
5788.80	4.08	18.83
5820.90	4.10	18.95
5853.20	4.12	19.06
5885.60	4.13	19.17
5918.20	4.15	19.28
5951.00	4.17	19.40
5984.00	4.18	19.51
6017.20	4.20	19.63
6050.50	4.22	19.74
6084.10	4.24	19.86
6117.80	4.26	19.97
6151.70	4.28	20.09
6185.80	4.29	20.21
6220.10	4.31	20.33
6254.50	4.33	20.44
6289.20	4.35	20.56
6324.10	4.37	20.68
6359.10	4.39	20.80
6394.40	4.42	20.93
6429.80	4.44	21.05
6465.40	4.46	21.17
6501.30	4.48	21.29
6537.30	4.50	21.42
6573.50	4.53	21.54
6610.00	4.55	21.67
6646.60	4.57	21.79
6683.40	4.60	21.92
6720.50	4.62	22.04
6757.70	4.65	22.17
6795.20	4.67	22.30
6832.80	4.70	22.43
6870.70	4.72	22.56
6908.80	4.75	22.69
6947.10	4.77	22.82
6985.60	4.80	22.95
7024.30	4.83	23.08
7063.20	4.85	23.21
7102.40	4.88	23.34
7141.70	4.91	23.48
7181.30	4.94	23.61
7221.10	4.97	23.75
7261.10	5.00	23.88
7301.40	5.03	24.02
7341.80	5.06	24.15
7382.50	5.09	24.29
7423.40	5.12	24.43
7464.60	5.15	24.57
7506.00	5.18	24.71
7547.60	5.22	24.85
7589.40	5.25	24.99
7631.50	5.28	25.13
7673.80	5.32	25.27
7716.30	5.35	25.41
7759.00	5.38	25.55
7802.00	5.42	25.70
7845.30	5.45	25.84
7888.80	5.49	25.99
7932.50	5.53	26.13
7976.50	5.56	26.28
8020.70	5.60	26.43
8065.10	5.64	26.57
8109.80	5.68	26.72
8154.80	5.71	26.87
8200.00	5.75	27.02
8245.40	5.79	27.17
8291.10	5.83	27.32
8337.10	5.87	27.47
8383.30	5.91	27.63
8429.70	5.96	27.78
8476.40	6.00	27.93
8523.40	6.04	28.09
8570.70	6.08	28.24
8618.20	6.13	28.40
8665.90	6.17	28.55
8714.00	6.22	28.71
8762.30	6.26	28.87
8810.80	6.31	29.02
8859.60	6.35	29.18
8908.80	6.40	29.34
8958.10	6.45	29.50
9007.80	6.49	29.66
9057.70	6.54	29.83
9107.90	6.59	29.99
9158.40	6.64	30.15
9209.10	6.69	30.31
9260.20	6.74	30.48
9311.50	6.79	30.64
9363.10	6.84	30.81
9415.00	6.90	30.97
9467.20	6.95	31.14
9519.60	7.00	31.31
9572.40	7.06	31.48
9625.50	7.11	31.65
9678.80	7.17	31.82
9732.50	7.22	31.99
9786.40	7.28	32.16
9840.60	7.34	32.33
9895.20	7.39	32.50
9950.00	7.45	32.67
10005.00	7.51	32.85
10061.00	7.57	33.02
10116.00	7.63	33.20
10172.00	7.69	33.37
10229.00	7.75	33.55
10286.00	7.81	33.73
10343.00	7.88	33.90
10400.00	7.94	34.08
10457.00	8.00	34.26
10515.00	8.07	34.44
10574.00	8.13	34.62
10632.00	8.20	34.80
10691.00	8.27	34.99
10750.00	8.33	35.17
10810.00	8.40	35.35
10870.00	8.47	35.54
10930.00	8.54	35.72
10991.00	8.61	35.91
11052.00	8.68	36.09
11113.00	8.75	36.28
11175.00	8.82	36.47
11237.00	8.90	36.65
11299.00	8.97	36.84
11361.00	9.04	37.03
11424.00	9.12	37.22
11488.00	9.19	37.41
11551.00	9.27	37.60
11615.00	9.35	37.80
11680.00	9.43	37.99
11744.00	9.51	38.18
11810.00	9.58	38.38
11875.00	9.66	38.57
11941.00	9.75	38.77
12007.00	9.83	38.96
12074.00	9.91	39.16
12140.00	9.99	39.36
12208.00	10.08	39.56
12275.00	10.16	39.75
12343.00	10.25	39.95
12412.00	10.33	40.15
12481.00	10.42	40.35
12550.00	10.51	40.56
12619.00	10.60	40.76
12689.00	10.69	40.96
12760.00	10.78	41.16
12830.00	10.87	41.37
12901.00	10.96	41.57
12973.00	11.06	41.78
13045.00	11.15	41.99
13117.00	11.24	42.19
13190.00	11.34	42.40
13263.00	11.44	42.61
13336.00	11.53	42.82
13410.00	11.63	43.03
13485.00	11.73	43.23
13559.00	11.83	43.45
13635.00	11.93	43.66
13710.00	12.03	43.87
13786.00	12.13	44.08
13863.00	12.24	44.29
13939.00	12.34	44.51
14017.00	12.45	44.72
14094.00	12.55	44.94
14172.00	12.66	45.15
14251.00	12.77	45.37
14330.00	12.88	45.59
14409.00	12.99	45.80
14489.00	13.10	46.02
14570.00	13.21	46.24
14650.00	13.32	46.46
14732.00	13.43	46.68
14813.00	13.55	46.90
14895.00	13.66	47.12
14978.00	13.78	47.34
15061.00	13.90	47.57
15144.00	14.01	47.79
15228.00	14.13	48.01
15313.00	14.25	48.24
15398.00	14.37	48.46
15483.00	14.50	48.69
15569.00	14.62	48.91
15655.00	14.74	49.14
15742.00	14.87	49.36
15829.00	14.99	49.59
15917.00	15.12	49.82
16005.00	15.25	50.05
16094.00	15.38	50.28
16183.00	15.51	50.51
16272.00	15.64	50.74
16363.00	15.77	50.97
16453.00	15.90	51.20
16545.00	16.03	51.43
16636.00	16.17	51.66
16728.00	16.30	51.90
16821.00	16.44	52.13
16914.00	16.58	52.37
17008.00	16.72	52.60
17102.00	16.86	52.83
17197.00	17.00	53.07
17292.00	17.14	53.31
17388.00	17.28	53.54
17485.00	17.43	53.78
17582.00	17.57	54.02
17679.00	17.72	54.26
17777.00	17.87	54.49
17876.00	18.01	54.73
17975.00	18.16	54.97
18074.00	18.31	55.21
18174.00	18.46	55.45
18275.00	18.62	55.70
18376.00	18.77	55.94
18478.00	18.92	56.18
18581.00	19.08	56.42
18684.00	19.24	56.66
18787.00	19.39	56.91
18891.00	19.55	57.15
18996.00	19.71	57.40
19101.00	19.87	57.64
19207.00	20.04	57.89
19314.00	20.20	58.13
19421.00	20.36	58.38
19528.00	20.53	58.62
19637.00	20.69	58.87
19745.00	20.86	59.12
19855.00	21.03	59.37
19965.00	21.20	59.61
20076.00	21.37	59.86
20187.00	21.54	60.11
20299.00	21.72	60.36
20411.00	21.89	60.61
20524.00	22.06	60.86
20638.00	22.24	61.11
20752.00	22.42	61.36
20867.00	22.60	61.61
20983.00	22.78	61.86
21099.00	22.96	62.12
21216.00	23.14	62.37
21334.00	23.32	62.62
21452.00	23.50	62.87
21571.00	23.69	63.13
21691.00	23.88	63.38
21811.00	24.06	63.63
21932.00	24.25	63.89
22053.00	24.44	64.14
22175.00	24.63	64.40
22298.00	24.82	64.65
22422.00	25.02	64.91
22546.00	25.21	65.17
22671.00	25.40	65.42
22797.00	25.60	65.68
22923.00	25.80	65.93
23050.00	26.00	66.19
23178.00	26.20	66.45
23306.00	26.40	66.71
23436.00	26.60	66.97
23566.00	26.80	67.22
23696.00	27.00	67.48
23827.00	27.21	67.74
23960.00	27.41	68.00
24092.00	27.62	68.26
24226.00	27.83	68.52
24360.00	28.04	68.78
24495.00	28.25	69.04
24631.00	28.46	69.30
24767.00	28.67	69.56
24905.00	28.89	69.82
25043.00	29.10	70.08
25181.00	29.32	70.34
25321.00	29.53	70.61
25461.00	29.75	70.87
25602.00	29.97	71.13
25744.00	30.19	71.39
25887.00	30.41	71.65
26031.00	30.64	71.92
26175.00	30.86	72.18
26320.00	31.08	72.44
26466.00	31.31	72.71
26612.00	31.54	72.97
26760.00	31.76	73.23
26908.00	31.99	73.50
27057.00	32.22	73.76
27207.00	32.45	74.02
27358.00	32.69	74.29
27510.00	32.92	74.55
27662.00	33.15	74.82
27816.00	33.39	75.08
27970.00	33.62	75.35
28125.00	33.86	75.61
28281.00	34.10	75.88
28437.00	34.34	76.15
28595.00	34.58	76.41
28753.00	34.82	76.68
28913.00	35.06	76.94
29073.00	35.31	77.21
29234.00	35.55	77.48
29396.00	35.80	77.74
29559.00	36.04	78.01
29723.00	36.29	78.28
29888.00	36.54	78.54
30053.00	36.79	78.81
30220.00	37.04	79.08
30387.00	37.29	79.34
30556.00	37.55	79.61
30725.00	37.80	79.88
30895.00	38.05	80.15
31067.00	38.31	80.42
31239.00	38.57	80.68
31412.00	38.83	80.95
31586.00	39.08	81.22
31761.00	39.34	81.49
31937.00	39.60	81.76
32114.00	39.87	82.03
32292.00	40.13	82.29
32471.00	40.39	82.56
32651.00	40.66	82.83
32832.00	40.92	83.10
33014.00	41.19	83.37
33197.00	41.46	83.64
33381.00	41.73	83.91
33566.00	42.00	84.18
33752.00	42.27	84.45
33939.00	42.54	84.72
34127.00	42.81	84.99
34316.00	43.08	85.26
34506.00	43.36	85.53
34698.00	43.63	85.80
34890.00	43.91	86.07
35083.00	44.19	86.34
35278.00	44.47	86.61
35473.00	44.74	86.88
35670.00	45.02	87.15
35868.00	45.31	87.42
36066.00	45.59	87.69
36266.00	45.87	87.97
36467.00	46.15	88.24
36669.00	46.44	88.51
36873.00	46.72	88.78
37077.00	47.01	89.05
37282.00	47.30	89.32
37489.00	47.58	89.60
37697.00	47.87	89.87
37906.00	48.16	90.14
38116.00	48.45	90.41
38327.00	48.75	90.68
38540.00	49.04	90.96
38753.00	49.33	91.23
38968.00	49.63	91.50
39184.00	49.92	91.77
39401.00	50.22	92.05
39619.00	50.51	92.32
39839.00	50.81	92.59
40060.00	51.11	92.87
40282.00	51.41	93.14
40505.00	51.71	93.41
40730.00	52.01	93.69
40955.00	52.31	93.96
41182.00	52.61	94.23
41411.00	52.92	94.51
41640.00	53.22	94.78
41871.00	53.53	95.06
42103.00	53.83	95.33
42336.00	54.14	95.61
42571.00	54.45	95.88
42807.00	54.76	96.16
43044.00	55.07	96.43
43283.00	55.38	96.71
43523.00	55.69	96.98
43764.00	56.00	97.26
44006.00	56.31	97.53
44250.00	56.62	97.81
44495.00	56.94	98.08
44742.00	57.25	98.36
44990.00	57.57	98.64
45239.00	57.89	98.91
45490.00	58.20	99.19
45742.00	58.52	99.47
45996.00	58.84	99.74
46251.00	59.16	100.02
46507.00	59.48	100.30
46765.00	59.80	100.58
47024.00	60.12	100.85
47285.00	60.44	101.13
47547.00	60.77	101.41
47810.00	61.09	101.69
48075.00	61.42	101.97
48342.00	61.74	102.24
48610.00	62.07	102.52
48879.00	62.40	102.80
49150.00	62.72	103.08
49422.00	63.05	103.36
49696.00	63.38	103.64
49972.00	63.71	103.92
50249.00	64.04	104.20
50527.00	64.38	104.48
50807.00	64.71	104.76
51089.00	65.04	105.04
51372.00	65.37	105.33
51657.00	65.71	105.61
51943.00	66.04	105.89
52231.00	66.38	106.17
52520.00	66.72	106.45
52811.00	67.05	106.74
53104.00	67.39	107.02
53398.00	67.73	107.30
53694.00	68.07	107.59
53992.00	68.41	107.87
54291.00	68.75	108.15
54592.00	69.09	108.44
54894.00	69.44	108.72
55199.00	69.78	109.01
55505.00	70.12	109.29
55812.00	70.47	109.58
56122.00	70.81	109.86
56433.00	71.16	110.15
56745.00	71.51	110.44
57060.00	71.85	110.72
57376.00	72.20	111.01
57694.00	72.55	111.30
58014.00	72.90	111.58
58335.00	73.25	111.87
58659.00	73.60	112.16
58984.00	73.95	112.45
59311.00	74.31	112.74
59639.00	74.66	113.03
59970.00	75.01	113.32
60302.00	75.37	113.61
60637.00	75.72	113.90
60973.00	76.08	114.19
61311.00	76.44	114.48
61650.00	76.79	114.77
61992.00	77.15	115.06
