280.0	1.749164316	7.9406E-6
285.0	1.749164316	7.9406E-6
290.0	1.749164316	7.9406E-6
295.0	1.749164316	7.9406E-6
300.0	1.749164316	7.9406E-6
305.0	1.749164316	7.9406E-6
310.0	1.749164316	7.9406E-6
315.0	1.746865234	6.6699E-6
320.0	1.744566152	5.3992E-6
325.0	1.74226707	4.5233E-6
330.0	1.739967988	3.6474E-6
335.0	1.737970969	2.8486E-6
340.0	1.736159085	2.358E-6
345.0	1.734347202	1.8673E-6
350.0	1.732535318	1.3767E-6
355.0	1.730808077	1.1338E-6
360.0	1.729348868	8.9099E-7
365.0	1.72788966	6.4814E-7
370.0	1.726430452	5.1336E-7
375.0	1.724971243	4.1598E-7
380.0	1.723738084	3.186E-7
385.0	1.722541724	2.7191E-7
390.0	1.721345364	2.2522E-7
395.0	1.720149004	1.8923E-7
400.0	1.719048922	1.5324E-7
405.0	1.718053142	1.3156E-7
410.0	1.717057361	1.2049E-7
415.0	1.716061581	1.0943E-7
420.0	1.715081409	9.8359E-8
425.0	1.714241716	9.2851E-8
430.0	1.713402023	8.7342E-8
435.0	1.71256233	8.1834E-8
440.0	1.711722636	7.7117E-8
445.0	1.710971855	7.2599E-8
450.0	1.71025565	6.808E-8
455.0	1.709539445	6.3562E-8
460.0	1.708823241	5.9043E-8
465.0	1.708140727	5.5658E-8
470.0	1.707523613	5.2272E-8
475.0	1.706906499	4.8887E-8
480.0	1.706289386	4.5501E-8
485.0	1.705672272	4.2116E-8
490.0	1.705132434	3.873E-8
495.0	1.704595817	3.5345E-8
500.0	1.7040592	3.1959E-8
505.0	1.703522582	3.0852E-8
510.0	1.703024301	2.9746E-8
515.0	1.702553781	2.8639E-8
520.0	1.702083261	2.7533E-8
525.0	1.701612741	2.6426E-8
530.0	1.70115318	2.532E-8
535.0	1.700737451	2.4213E-8
540.0	1.700321723	2.3107E-8
545.0	1.699905994	2.2E-8
550.0	1.699490266	2.3031E-8
555.0	1.699112096	2.4596E-8
560.0	1.698742171	2.6161E-8
565.0	1.698372246	2.7727E-8
570.0	1.69800232	2.9292E-8
575.0	1.697649369	3.0857E-8
580.0	1.697318022	3.2422E-8
585.0	1.696986675	3.3323E-8
590.0	1.696655328	3.4224E-8
595.0	1.696325944	3.5125E-8
600.0	1.696027308	3.6025E-8
605.0	1.695728673	3.6926E-8
610.0	1.695430038	3.7827E-8
615.0	1.695131403	3.8728E-8
620.0	1.694851743	3.9629E-8
625.0	1.694581014	3.8626E-8
630.0	1.694310284	3.7624E-8
635.0	1.694039555	3.6621E-8
640.0	1.693776006	3.5619E-8
645.0	1.693529212	3.4616E-8
650.0	1.693282419	3.3613E-8
655.0	1.693035625	3.2611E-8
660.0	1.692788831	3.1608E-8
665.0	1.692561018	3.1147E-8
670.0	1.692334855	3.0687E-8
675.0	1.692108692	3.0226E-8
680.0	1.691882529	2.9765E-8
685.0	1.691666011	2.9304E-8
690.0	1.691457709	2.8844E-8
695.0	1.691249408	2.8383E-8
700.0	1.691041106	2.7922E-8
705.0	1.690835288	2.8121E-8
710.0	1.690642511	2.8321E-8
715.0	1.690449734	2.852E-8
720.0	1.690256957	2.872E-8
725.0	1.69006418	2.8919E-8
730.0	1.689881965	2.9119E-8
735.0	1.68970273	2.9318E-8
740.0	1.689523495	2.9518E-8
745.0	1.689344259	2.9717E-8
750.0	1.689169764	2.9916E-8
755.0	1.689002378	3.0116E-8
760.0	1.688834993	3.0315E-8
765.0	1.688667607	3.0515E-8
770.0	1.688500429	3.0714E-8
775.0	1.688343442	3.0914E-8
780.0	1.688186455	3.1113E-8
785.0	1.688029468	3.1313E-8
790.0	1.68787248	3.1512E-8
795.0	1.687721347	3.1711E-8
800.0	1.687573508	3.1911E-8
805.0	1.687425668	3.211E-8
810.0	1.687277828	3.231E-8
815.0	1.687132085	3.2509E-8
820.0	1.686992309	3.2709E-8
825.0	1.686852533	3.2908E-8
830.0	1.686712757	3.3108E-8
835.0	1.686572982	3.3307E-8
840.0	1.686439473	3.3506E-8
845.0	1.68630682	3.3706E-8
850.0	1.686174166	3.3905E-8
855.0	1.686041513	3.4105E-8
860.0	1.685912009	3.4304E-8
865.0	1.685785655	3.4504E-8
870.0	1.685659301	3.4703E-8
875.0	1.685532947	3.4903E-8
880.0	1.685407263	3.5102E-8
885.0	1.685286488	3.5301E-8
890.0	1.685165712	3.5501E-8
895.0	1.685044937	3.57E-8
900.0	1.684924162	3.59E-8
905.0	1.684807046	3.6099E-8
910.0	1.684691216	3.6299E-8
915.0	1.684575386	3.6498E-8
920.0	1.684459555	3.6698E-8
925.0	1.684345304	3.6897E-8
930.0	1.684233858	3.7096E-8
935.0	1.684122413	3.7296E-8
940.0	1.684010967	3.7495E-8
945.0	1.683899522	3.7695E-8
950.0	1.683791888	3.7894E-8
955.0	1.683684332	3.8094E-8
960.0	1.683576776	3.8293E-8
965.0	1.68346922	3.8493E-8
970.0	1.683363734	3.8692E-8
975.0	1.683259626	3.8891E-8
980.0	1.683155519	3.9091E-8
985.0	1.683051412	3.929E-8
990.0	1.68294798	3.949E-8
995.0	1.682846943	3.9689E-8
1000.0	1.682745905	3.9889E-8
1005.0	1.682644867	4.0088E-8
1010.0	1.68254383	4.0288E-8
1015.0	1.68244497	4.0487E-8
1020.0	1.682346654	4.0686E-8
1025.0	1.682248338	4.0886E-8
1030.0	1.682150022	4.1085E-8
1035.0	1.682052666	4.1285E-8
1040.0	1.681956749	4.1484E-8
1045.0	1.681860832	4.1684E-8
1050.0	1.681764915	4.1883E-8
1055.0	1.681668998	4.2083E-8
1060.0	1.681575195	4.2282E-8
1065.0	1.681481392	4.712E-8
1070.0	1.681387589	5.1957E-8
1075.0	1.681293786	5.6795E-8
1080.0	1.681201075	6.1633E-8
1085.0	1.681109091	6.647E-8
1090.0	1.681017108	7.1308E-8
1095.0	1.680925124	7.6145E-8
1100.0	1.680833779	8.0983E-8
1105.0	1.680743392	8.5821E-8
1110.0	1.680653005	9.0658E-8
1115.0	1.680562618	9.5496E-8
1120.0	1.680472231	1.0033E-7
1125.0	1.680383271	1.0517E-7
1130.0	1.680294311	1.1001E-7
1135.0	1.680205351	1.1485E-7
1140.0	1.680116391	1.1968E-7
1145.0	1.680028173	1.2452E-7
1150.0	1.67994045	1.2936E-7
1155.0	1.679852726	1.342E-7
1160.0	1.679765003	1.3903E-7
1165.0	1.679677492	1.4387E-7
1170.0	1.679590832	1.4871E-7
1175.0	1.679504171	1.5355E-7
1180.0	1.679417511	1.5839E-7
1185.0	1.679330851	1.6322E-7
1190.0	1.679244915	1.6806E-7
1195.0	1.679159161	1.729E-7
1200.0	1.679073406	1.7774E-7
1205.0	1.678987652	1.8257E-7
1210.0	1.678902202	1.8741E-7
1215.0	1.678817209	1.9225E-7
1220.0	1.678732217	1.9709E-7
1225.0	1.678647224	2.0192E-7
1230.0	1.678562231	2.0676E-7
1235.0	1.678477868	2.116E-7
1240.0	1.678393505	2.1644E-7
1245.0	1.678309143	2.2127E-7
1250.0	1.67822478	2.2611E-7
1255.0	1.678140723	2.3095E-7
1260.0	1.678056869	2.3579E-7
1265.0	1.677973015	2.4063E-7
1270.0	1.677889162	2.4546E-7
1275.0	1.677805388	2.503E-7
1280.0	1.677721933	2.5514E-7
1285.0	1.677638478	2.5998E-7
1290.0	1.677555023	2.6481E-7
1295.0	1.677471568	2.6965E-7
1300.0	1.677388345	2.7449E-7
1305.0	1.677305181	2.7933E-7
1310.0	1.677222017	2.8416E-7
1315.0	1.677138853	2.89E-7
1320.0	1.677055809	2.9384E-7
1325.0	1.676972845	2.9868E-7
1330.0	1.676889881	3.0351E-7
1335.0	1.676806917	3.0835E-7
1340.0	1.676723977	3.1319E-7
1345.0	1.676641132	3.1803E-7
1350.0	1.676558287	3.2287E-7
1355.0	1.676475442	3.277E-7
1360.0	1.676392597	3.3254E-7
1365.0	1.676309782	3.3738E-7
1370.0	1.676226976	3.4222E-7
1375.0	1.676144169	3.4705E-7
1380.0	1.676061362	3.5189E-7
1385.0	1.67597854	3.5673E-7
1390.0	1.675895697	3.6157E-7
1395.0	1.675812853	3.664E-7
1400.0	1.67573001	3.7124E-7
1405.0	1.675647166	3.7608E-7
1410.0	1.675564216	3.8092E-7
1415.0	1.675481266	3.8575E-7
1420.0	1.675398316	3.9059E-7
1425.0	1.675315366	3.9543E-7
1430.0	1.675232313	4.0027E-7
1435.0	1.675149191	4.051E-7
1440.0	1.67506607	4.0994E-7
1445.0	1.674982949	4.1478E-7
1450.0	1.674899781	4.1962E-7
1455.0	1.674816428	4.2446E-7
1460.0	1.674733075	4.2929E-7
1465.0	1.674649721	4.3413E-7
1470.0	1.674566368	4.3897E-7
1475.0	1.674482784	4.4381E-7
1480.0	1.674399143	4.4864E-7
1485.0	1.674315501	4.5348E-7
1490.0	1.67423186	4.5832E-7
1495.0	1.674148082	4.6316E-7
1500.0	1.674064099	4.6799E-7
1505.0	1.673980116	4.7283E-7
1510.0	1.673896133	4.7767E-7
1515.0	1.67381215	4.8251E-7
1520.0	1.673727786	4.8734E-7
1525.0	1.673643422	4.9218E-7
1530.0	1.673559058	4.9702E-7
1535.0	1.673474694	5.2243E-7
1540.0	1.673389988	5.4784E-7
1545.0	1.673305198	5.7326E-7
1550.0	1.673220407	5.9867E-7
1555.0	1.673135617	6.2408E-7
1560.0	1.673050635	6.4949E-7
1565.0	1.672965364	6.7491E-7
1570.0	1.672880094	7.0032E-7
1575.0	1.672794824	7.2573E-7
1580.0	1.672709554	7.5114E-7
1585.0	1.672623763	7.7655E-7
1590.0	1.672537972	8.0197E-7
1595.0	1.67245218	8.2738E-7
1600.0	1.672366389	8.5279E-7
1605.0	1.672280262	8.782E-7
1610.0	1.67219391	9.0362E-7
1615.0	1.672107558	9.2903E-7
1620.0	1.672021207	9.5444E-7
1625.0	1.671934735	9.7985E-7
1630.0	1.671847786	1.0053E-6
1635.0	1.671760837	1.0307E-6
1640.0	1.671673888	1.0561E-6
1645.0	1.671586938	1.0815E-6
1650.0	1.671499483	1.1069E-6
1655.0	1.671411901	1.1323E-6
1660.0	1.671324318	1.1577E-6
1665.0	1.671236736	1.1832E-6
1670.0	1.671148888	1.2086E-6
1675.0	1.671060639	1.234E-6
1680.0	1.670972391	1.2594E-6
1685.0	1.670884142	1.2848E-6
1690.0	1.670795894	1.3102E-6
1695.0	1.670706947	1.3356E-6
1700.0	1.670618	1.361E-6
1705.0	1.670529053	1.3864E-6
1710.0	1.670440106	1.4119E-6
1715.0	1.670350722	1.4373E-6
1720.0	1.670261047	1.4627E-6
1725.0	1.670171371	1.4881E-6
1730.0	1.670081696	1.5135E-6
1735.0	1.669991872	1.5389E-6
1740.0	1.669901457	1.5643E-6
1745.0	1.669811041	1.5897E-6
1750.0	1.669720626	1.6152E-6
1755.0	1.66963021	1.6406E-6
1760.0	1.669539027	1.666E-6
1765.0	1.669447845	1.6914E-6
1770.0	1.669356662	1.7168E-6
1775.0	1.66926548	1.7422E-6
1780.0	1.66917381	1.7676E-6
1785.0	1.669081817	1.793E-6
1790.0	1.668989823	1.8185E-6
1795.0	1.668897829	1.8439E-6
1800.0	1.668805668	1.8693E-6
1805.0	1.668712838	1.8947E-6
1810.0	1.668620007	1.9201E-6
1815.0	1.668527177	1.9455E-6
1820.0	1.668434346	1.9709E-6
1825.0	1.668434346	1.9963E-6
1830.0	1.668434346	2.0218E-6
1835.0	1.667966058	2.0472E-6
1840.0	1.667966058	2.0726E-6
1845.0	1.667966058	2.098E-6
1850.0	1.667872366	2.1234E-6
1855.0	1.667778674	2.1488E-6
1860.0	1.667684982	2.1742E-6
1865.0	1.66759129	2.1996E-6
1870.0	1.667493259	2.2251E-6
1875.0	1.667399124	2.2505E-6
1880.0	1.667304989	2.2759E-6
1885.0	1.667210854	2.3013E-6
1890.0	1.667110504	2.3267E-6
1895.0	1.667015919	2.3521E-6
1900.0	1.666921333	2.3775E-6
1905.0	1.666826748	2.4029E-6
1910.0	1.666724012	2.4284E-6
1915.0	1.666628969	2.4538E-6
1920.0	1.666533926	2.4792E-6
1925.0	1.666438883	2.5046E-6
1930.0	1.66634384	2.53E-6
1935.0	1.666238189	2.5554E-6
1940.0	1.666142681	2.5808E-6
1945.0	1.666047173	2.6062E-6
1950.0	1.665951664	2.6317E-6
1955.0	1.665843496	2.6571E-6
1960.0	1.665747515	2.6825E-6
1965.0	1.665651534	2.7079E-6
1970.0	1.665555553	2.7333E-6
1975.0	1.665445482	2.9539E-6
1980.0	1.665349044	3.1745E-6
1985.0	1.665252606	3.3951E-6
1990.0	1.665156168	3.6156E-6
1995.0	1.665059729	3.8362E-6
2000.0	1.664945893	4.0568E-6
2005.0	1.664848969	4.2774E-6
2010.0	1.664752045	4.498E-6
2015.0	1.66465512	4.7186E-6
2020.0	1.664538585	4.9392E-6
2025.0	1.664441168	5.1598E-6
2030.0	1.664343751	5.3803E-6
2035.0	1.664246335	5.6009E-6
2040.0	1.664148918	5.8215E-6
2045.0	1.664029129	6.0421E-6
2050.0	1.663931213	6.2627E-6
2055.0	1.663833297	6.4833E-6
2060.0	1.66373538	6.7039E-6
2065.0	1.663612777	6.9245E-6
2070.0	1.663514355	7.145E-6
2075.0	1.663415933	7.3656E-6
2080.0	1.66331751	7.5862E-6
2085.0	1.663192039	7.8068E-6
2090.0	1.663093105	8.0274E-6
2095.0	1.66299417	8.248E-6
2100.0	1.662895236	8.4686E-6
2105.0	1.662796301	8.6892E-6
2110.0	1.662667391	8.9097E-6
2115.0	1.662567938	9.1303E-6
2120.0	1.662468485	9.3509E-6
2125.0	1.662369032	9.5715E-6
2130.0	1.662237145	9.7921E-6
2135.0	1.662137167	1.0013E-5
2140.0	1.662037189	1.0233E-5
2145.0	1.661937211	1.0454E-5
2150.0	1.661837233	1.0674E-5
2155.0	1.661701786	1.0895E-5
2160.0	1.661601277	1.1116E-5
2165.0	1.661500768	1.1336E-5
2170.0	1.661400259	1.1557E-5
2175.0	1.661261728	1.1777E-5
2180.0	1.661160682	1.1998E-5
2185.0	1.661059636	1.2219E-5
2190.0	1.660958591	1.2439E-5
2195.0	1.660818782	1.266E-5
2200.0	1.660717218	1.288E-5
2205.0	1.660615654	1.3101E-5
2210.0	1.660514089	1.3321E-5
2215.0	1.660412525	1.3542E-5
2220.0	1.660267176	1.3763E-5
2225.0	1.660165063	1.3983E-5
2230.0	1.66006295	1.4204E-5
2235.0	1.659960837	1.4424E-5
2240.0	1.659812252	1.4645E-5
2245.0	1.659709585	1.4866E-5
2250.0	1.659606917	1.5086E-5
2255.0	1.65950425	1.5307E-5
2260.0	1.659352381	1.5527E-5
2265.0	1.659249153	1.5748E-5
2270.0	1.659145926	1.5969E-5
2275.0	1.659042698	1.6189E-5
2280.0	1.65893947	1.641E-5
2285.0	1.658783704	1.663E-5
2290.0	1.65867991	1.6851E-5
2295.0	1.658576116	1.7071E-5
2300.0	1.658472322	1.7292E-5
2305.0	1.658313171	1.7513E-5
2310.0	1.658208806	1.7733E-5
2315.0	1.65810444	1.7954E-5
2320.0	1.658000074	1.8174E-5
2325.0	1.657895708	1.8395E-5
2330.0	1.657732548	1.9238E-5
2335.0	1.657627605	2.0081E-5
2340.0	1.657522661	2.0924E-5
2345.0	1.657417718	2.1768E-5
2350.0	1.657251072	2.2611E-5
2355.0	1.657145546	2.3454E-5
2360.0	1.657040019	2.4297E-5
2365.0	1.656934493	2.514E-5
2370.0	1.656764315	2.5983E-5
2375.0	1.6566582	2.6826E-5
2380.0	1.656552084	2.767E-5
2385.0	1.656445969	2.8513E-5
2390.0	1.656339853	2.9356E-5
2395.0	1.656165501	3.0199E-5
2400.0	1.656058792	3.1042E-5
2405.0	1.655952082	3.1885E-5
2410.0	1.655845372	3.2728E-5
2415.0	1.655670642	3.3572E-5
2420.0	1.655563359	3.4415E-5
2425.0	1.655456077	3.5258E-5
2430.0	1.655348795	3.6101E-5
2435.0	1.655167188	3.6944E-5
2440.0	1.6550593	3.7787E-5
2445.0	1.654951413	3.863E-5
2450.0	1.654843525	3.9474E-5
2455.0	1.654735638	4.0317E-5
2460.0	1.654549694	4.116E-5
2465.0	1.654441195	4.2003E-5
2470.0	1.654332697	4.2846E-5
2475.0	1.654224199	4.3689E-5
2480.0	1.654034474	4.4532E-5
2485.0	1.65392536	4.5376E-5
2490.0	1.653816245	4.6219E-5
2495.0	1.65370713	4.7062E-5
2500.0	1.653598016	4.7905E-5
