280	1.599991018	2.6866E-06
285	1.597599578	2.6866E-06
290	1.59535799	2.6866E-06
295	1.593253333	2.6866E-06
300	1.591274104	2.6866E-06
305	1.589410028	2.0079E-06
310	1.587651899	1.3292E-06
315	1.585991445	9.9764E-07
320	1.584421215	6.6608E-07
325	1.582934478	5.12923E-07
330	1.581525138	3.59766E-07
335	1.580187663	2.28218E-07
340	1.578917021	1.8311E-07
345	1.577708628	1.38002E-07
350	1.576558293	9.2894E-08
355	1.575462183	7.61283E-08
360	1.574416787	5.93627E-08
365	1.573418875	4.2597E-08
370	1.572465482	3.466E-08
375	1.571553872	3.14025E-08
380	1.570681523	2.8145E-08
385	1.569846102	2.4715E-08
390	1.569045454	2.1285E-08
395	1.568277578	1.9618E-08
400	1.56754062	1.7951E-08
405	1.566832856	1.6869E-08
410	1.566152684	1.7529E-08
415	1.565498611	1.8189E-08
420	1.564869247	1.8849E-08
425	1.564263291	1.90734E-08
430	1.563679531	1.92977E-08
435	1.563116833	1.95221E-08
440	1.562574133	1.94992E-08
445	1.562050437	1.94144E-08
450	1.561544811	1.93296E-08
455	1.561056378	1.92448E-08
460	1.560584316	1.916E-08
465	1.560127848	1.87645E-08
470	1.559686248	1.8369E-08
475	1.559258827	1.79735E-08
480	1.55884494	1.7578E-08
485	1.558443975	1.71825E-08
490	1.558055356	1.6787E-08
495	1.557678539	1.63915E-08
500	1.557313008	1.5996E-08
505	1.556958278	1.55844E-08
510	1.556613886	1.51727E-08
515	1.556279396	1.47611E-08
520	1.555954395	1.43495E-08
525	1.555638489	1.39378E-08
530	1.555331306	1.35262E-08
535	1.555032492	1.31146E-08
540	1.554741711	1.2703E-08
545	1.554458644	1.22913E-08
550	1.554182986	1.22984E-08
555	1.553914448	1.24102E-08
560	1.553652755	1.25219E-08
565	1.553397644	1.26337E-08
570	1.553148866	1.27455E-08
575	1.55290618	1.28572E-08
580	1.552669362	1.2969E-08
585	1.552438191	1.33294E-08
590	1.552212463	1.36897E-08
595	1.551991978	1.40501E-08
600	1.551776546	1.44105E-08
605	1.551565987	1.47709E-08
610	1.551360128	1.51312E-08
615	1.551158803	1.54916E-08
620	1.550961853	1.5852E-08
625	1.550769125	1.57153E-08
630	1.550580475	1.55785E-08
635	1.550395762	1.54418E-08
640	1.550214853	1.5305E-08
645	1.55003762	1.51683E-08
650	1.549863938	1.50315E-08
655	1.54969369	1.48948E-08
660	1.549526763	1.4758E-08
665	1.549363046	1.43094E-08
670	1.549202436	1.38608E-08
675	1.54904483	1.34121E-08
680	1.548890134	1.29635E-08
685	1.548738252	1.25149E-08
690	1.548589096	1.20663E-08
695	1.548442579	1.16176E-08
700	1.548298618	1.1169E-08
705	1.548157132	1.11547E-08
710	1.548018046	1.11403E-08
715	1.547881284	1.1126E-08
720	1.547746775	1.11117E-08
725	1.54761445	1.10973E-08
730	1.547484242	1.1083E-08
735	1.547356087	1.10687E-08
740	1.547229923	1.10543E-08
745	1.54710569	1.104E-08
750	1.546983331	1.10257E-08
755	1.546862789	1.10113E-08
760	1.54674401	1.0997E-08
765	1.546626943	1.09827E-08
770	1.546511537	1.09683E-08
775	1.546397744	1.0954E-08
780	1.546285516	1.09397E-08
785	1.546174808	1.09253E-08
790	1.546065577	1.0911E-08
795	1.545957778	1.08967E-08
800	1.545851372	1.08823E-08
805	1.545746318	1.0868E-08
810	1.545642577	1.08537E-08
815	1.545540113	1.08393E-08
820	1.545438889	1.0825E-08
825	1.54533887	1.08107E-08
830	1.545240021	1.07963E-08
835	1.54514231	1.0782E-08
840	1.545045706	1.07677E-08
845	1.544950176	1.07533E-08
850	1.54485569	1.0739E-08
855	1.544762221	1.07247E-08
860	1.544669739	1.07103E-08
865	1.544578216	1.0696E-08
870	1.544487627	1.06817E-08
875	1.544397946	1.06673E-08
880	1.544309146	1.0653E-08
885	1.544221204	1.06387E-08
890	1.544134096	1.06243E-08
895	1.5440478	1.061E-08
900	1.543962292	1.05957E-08
905	1.543877551	1.05813E-08
910	1.543793556	1.0567E-08
915	1.543710286	1.05527E-08
920	1.543627721	1.05383E-08
925	1.543545843	1.0524E-08
930	1.543464631	1.05097E-08
935	1.543384068	1.04953E-08
940	1.543304135	1.0481E-08
945	1.543224816	1.04667E-08
950	1.543146093	1.04523E-08
955	1.54306795	1.0438E-08
960	1.542990371	1.04237E-08
965	1.54291334	1.04093E-08
970	1.542836842	1.0395E-08
975	1.542760862	1.03807E-08
980	1.542685385	1.03663E-08
985	1.542610398	1.0352E-08
990	1.542535887	1.03377E-08
995	1.542461839	1.03233E-08
1000	1.54238824	1.0309E-08
1005	1.542315078	1.02947E-08
1010	1.54224234	1.02803E-08
1015	1.542170014	1.0266E-08
1020	1.542098089	1.02517E-08
1025	1.542026553	1.02373E-08
1030	1.541955395	1.0223E-08
1035	1.541884603	1.02087E-08
1040	1.541814168	1.01943E-08
1045	1.541744079	1.018E-08
1050	1.541674325	1.01657E-08
1055	1.541604897	1.01513E-08
1060	1.541535784	1.0137E-08
1065	1.541466979	1.11817E-08
1070	1.54139847	1.22264E-08
1075	1.54133025	1.32711E-08
1080	1.541262309	1.43159E-08
1085	1.541194639	1.53606E-08
1090	1.541127232	1.64053E-08
1095	1.541060079	1.745E-08
1100	1.540993171	1.84947E-08
1105	1.540926502	1.95394E-08
1110	1.540860064	2.05841E-08
1115	1.540793849	2.16288E-08
1120	1.540727849	2.26736E-08
1125	1.540662058	2.37183E-08
1130	1.540596469	2.4763E-08
1135	1.540531074	2.58077E-08
1140	1.540465867	2.68524E-08
1145	1.540400842	2.78971E-08
1150	1.540335991	2.89418E-08
1155	1.540271309	2.99865E-08
1160	1.54020679	3.10313E-08
1165	1.540142427	3.2076E-08
1170	1.540078214	3.31207E-08
1175	1.540014147	3.41654E-08
1180	1.539950218	3.52101E-08
1185	1.539886423	3.62548E-08
1190	1.539822757	3.72995E-08
1195	1.539759213	3.83442E-08
1200	1.539695786	3.9389E-08
1205	1.539632473	4.04337E-08
1210	1.539569266	4.14784E-08
1215	1.539506163	4.25231E-08
1220	1.539443157	4.35678E-08
1225	1.539380244	4.46125E-08
1230	1.53931742	4.56572E-08
1235	1.53925468	4.67019E-08
1240	1.53919202	4.77467E-08
1245	1.539129434	4.87914E-08
1250	1.53906692	4.98361E-08
1255	1.539004473	5.08808E-08
1260	1.538942088	5.19255E-08
1265	1.538879762	5.29702E-08
1270	1.53881749	5.40149E-08
1275	1.53875527	5.50596E-08
1280	1.538693097	5.61044E-08
1285	1.538630967	5.71491E-08
1290	1.538568877	5.81938E-08
1295	1.538506822	5.92385E-08
1300	1.538444801	6.02832E-08
1305	1.538382809	6.13279E-08
1310	1.538320842	6.23726E-08
1315	1.538258898	6.34174E-08
1320	1.538196973	6.44621E-08
1325	1.538135064	6.55068E-08
1330	1.538073168	6.65515E-08
1335	1.538011282	6.75962E-08
1340	1.537949402	6.86409E-08
1345	1.537887526	6.96856E-08
1350	1.537825651	7.07303E-08
1355	1.537763774	7.17751E-08
1360	1.537701891	7.28198E-08
1365	1.537640001	7.38645E-08
1370	1.537578101	7.49092E-08
1375	1.537516187	7.59539E-08
1380	1.537454257	7.69986E-08
1385	1.537392309	7.80433E-08
1390	1.53733034	7.9088E-08
1395	1.537268348	8.01328E-08
1400	1.537206329	8.11775E-08
1405	1.537144283	8.22222E-08
1410	1.537082205	8.32669E-08
1415	1.537020094	8.43116E-08
1420	1.536957948	8.53563E-08
1425	1.536895764	8.6401E-08
1430	1.53683354	8.74457E-08
1435	1.536771274	8.84905E-08
1440	1.536708964	8.95352E-08
1445	1.536646607	9.05799E-08
1450	1.536584201	9.16246E-08
1455	1.536521745	9.26693E-08
1460	1.536459236	9.3714E-08
1465	1.536396673	9.47587E-08
1470	1.536334052	9.58034E-08
1475	1.536271374	9.68482E-08
1480	1.536208634	9.78929E-08
1485	1.536145832	9.89376E-08
1490	1.536082966	9.99823E-08
1495	1.536020034	1.01027E-07
1500	1.535957034	1.02072E-07
1505	1.535893964	1.03116E-07
1510	1.535830823	1.04161E-07
1515	1.535767609	1.05206E-07
1520	1.535704319	1.06251E-07
1525	1.535640954	1.07295E-07
1530	1.53557751	1.0834E-07
1535	1.535513986	1.16461E-07
1540	1.53545038	1.24583E-07
1545	1.535386692	1.32704E-07
1550	1.535322919	1.40825E-07
1555	1.53525906	1.48947E-07
1560	1.535195114	1.57068E-07
1565	1.535131078	1.6519E-07
1570	1.535066952	1.73311E-07
1575	1.535002733	1.81432E-07
1580	1.534938422	1.89554E-07
1585	1.534874015	1.97675E-07
1590	1.534809512	2.05796E-07
1595	1.534744911	2.13918E-07
1600	1.534680211	2.22039E-07
1605	1.534615411	2.3016E-07
1610	1.534550509	2.38282E-07
1615	1.534485504	2.46403E-07
1620	1.534420394	2.54525E-07
1625	1.534355179	2.62646E-07
1630	1.534289857	2.70767E-07
1635	1.534224427	2.78889E-07
1640	1.534158887	2.8701E-07
1645	1.534093237	2.95131E-07
1650	1.534027476	3.03253E-07
1655	1.533961601	3.11374E-07
1660	1.533895612	3.19495E-07
1665	1.533829507	3.27617E-07
1670	1.533763287	3.35738E-07
1675	1.533696948	3.4386E-07
1680	1.533630491	3.51981E-07
1685	1.533563914	3.60102E-07
1690	1.533497217	3.68224E-07
1695	1.533430397	3.76345E-07
1700	1.533363454	3.84466E-07
1705	1.533296387	3.92588E-07
1710	1.533229195	4.00709E-07
1715	1.533161877	4.0883E-07
1720	1.533094431	4.16952E-07
1725	1.533026858	4.25073E-07
1730	1.532959155	4.33195E-07
1735	1.532891322	4.41316E-07
1740	1.532823357	4.49437E-07
1745	1.532755261	4.57559E-07
1750	1.532687031	4.6568E-07
1755	1.532618667	4.73801E-07
1760	1.532550169	4.81923E-07
1765	1.532481534	4.90044E-07
1770	1.532412762	4.98165E-07
1775	1.532343853	5.06287E-07
1780	1.532274805	5.14408E-07
1785	1.532205617	5.2253E-07
1790	1.532136289	5.30651E-07
1795	1.53206682	5.38772E-07
1800	1.531997208	5.46894E-07
1805	1.531927454	5.55015E-07
1810	1.531857555	5.63136E-07
1815	1.531787512	5.71258E-07
1820	1.531717323	5.79379E-07
1825	1.531646987	5.875E-07
1830	1.531576505	5.95622E-07
1835	1.531505874	6.03743E-07
1840	1.531435094	6.11865E-07
1845	1.531364165	6.19986E-07
1850	1.531293085	6.28107E-07
1855	1.531221854	6.36229E-07
1860	1.531150471	6.4435E-07
1865	1.531078935	6.52471E-07
1870	1.531007246	6.60593E-07
1875	1.530935402	6.68714E-07
1880	1.530863403	6.76835E-07
1885	1.530791248	6.84957E-07
1890	1.530718937	6.93078E-07
1895	1.530646469	7.012E-07
1900	1.530573842	7.09321E-07
1905	1.530501056	7.17442E-07
1910	1.530428112	7.25564E-07
1915	1.530355006	7.33685E-07
1920	1.53028174	7.41806E-07
1925	1.530208313	7.49928E-07
1930	1.530134723	7.58049E-07
1935	1.53006097	7.6617E-07
1940	1.529987053	7.74292E-07
1945	1.529912972	7.82413E-07
1950	1.529838725	7.90535E-07
1955	1.529764313	7.98656E-07
1960	1.529689735	8.06777E-07
1965	1.52961499	8.14899E-07
1970	1.529540076	8.2302E-07
1975	1.529464995	8.6678E-07
1980	1.529389744	9.10541E-07
1985	1.529314324	9.54301E-07
1990	1.529238733	9.98061E-07
1995	1.529162971	1.04182E-06
2000	1.529087038	1.08558E-06
2005	1.529010932	1.12934E-06
2010	1.528934654	1.1731E-06
2015	1.528858202	1.21686E-06
2020	1.528781575	1.26062E-06
2025	1.528704774	1.30438E-06
2030	1.528627798	1.34814E-06
2035	1.528550646	1.3919E-06
2040	1.528473317	1.43566E-06
2045	1.528395811	1.47942E-06
2050	1.528318127	1.52318E-06
2055	1.528240265	1.56694E-06
2060	1.528162223	1.61071E-06
2065	1.528084002	1.65447E-06
2070	1.528005601	1.69823E-06
2075	1.52792702	1.74199E-06
2080	1.527848256	1.78575E-06
2085	1.527769311	1.82951E-06
2090	1.527690184	1.87327E-06
2095	1.527610873	1.91703E-06
2100	1.527531379	1.96079E-06
2105	1.5274517	2.00455E-06
2110	1.527371837	2.04831E-06
2115	1.527291788	2.09207E-06
2120	1.527211553	2.13583E-06
2125	1.527131132	2.17959E-06
2130	1.527050524	2.22335E-06
2135	1.526969728	2.26711E-06
2140	1.526888744	2.31087E-06
2145	1.526807572	2.35463E-06
2150	1.52672621	2.39839E-06
2155	1.526644658	2.44215E-06
2160	1.526562916	2.48591E-06
2165	1.526480983	2.52967E-06
2170	1.526398858	2.57343E-06
2175	1.526316542	2.61719E-06
2180	1.526234033	2.66095E-06
2185	1.526151331	2.70471E-06
2190	1.526068436	2.74847E-06
2195	1.525985346	2.79223E-06
2200	1.525902061	2.83599E-06
2205	1.525818582	2.87975E-06
2210	1.525734907	2.92351E-06
2215	1.525651035	2.96727E-06
2220	1.525566967	3.01103E-06
2225	1.525482702	3.05479E-06
2230	1.525398238	3.09855E-06
2235	1.525313577	3.14231E-06
2240	1.525228716	3.18608E-06
2245	1.525143656	3.22984E-06
2250	1.525058396	3.2736E-06
2255	1.524972936	3.31736E-06
2260	1.524887275	3.36112E-06
2265	1.524801413	3.40488E-06
2270	1.524715348	3.44864E-06
2275	1.524629081	3.4924E-06
2280	1.524542612	3.53616E-06
2285	1.524455938	3.57992E-06
2290	1.524369061	3.62368E-06
2295	1.524281979	3.66744E-06
2300	1.524194692	3.7112E-06
2305	1.5241072	3.75496E-06
2310	1.524019502	3.79872E-06
2315	1.523931597	3.84248E-06
2320	1.523843485	3.88624E-06
2325	1.523755166	3.93E-06
2330	1.523666639	4.06434E-06
2335	1.523577903	4.19867E-06
2340	1.523488958	4.33301E-06
2345	1.523399804	4.46735E-06
2350	1.52331044	4.60169E-06
2355	1.523220865	4.73602E-06
2360	1.523131079	4.87036E-06
2365	1.523041082	5.0047E-06
2370	1.522950873	5.13903E-06
2375	1.522860451	5.27337E-06
2380	1.522769817	5.40771E-06
2385	1.522678969	5.54205E-06
2390	1.522587907	5.67638E-06
2395	1.52249663	5.81072E-06
2400	1.522405139	5.94506E-06
2405	1.522313432	6.07939E-06
2410	1.522221509	6.21373E-06
2415	1.52212937	6.34807E-06
2420	1.522037014	6.48241E-06
2425	1.52194444	6.61674E-06
2430	1.521851649	6.75108E-06
2435	1.521758639	6.88542E-06
2440	1.52166541	7.01975E-06
2445	1.521571962	7.15409E-06
2450	1.521478294	7.28843E-06
2455	1.521384406	7.42277E-06
2460	1.521290297	7.5571E-06
2465	1.521195967	7.69144E-06
2470	1.521101415	7.82578E-06
2475	1.52100664	7.96011E-06
2480	1.520911643	8.09445E-06
2485	1.520816423	8.22879E-06
2490	1.520720979	8.36313E-06
2495	1.52062531	8.49746E-06
2500	1.520529417	8.6318E-06
