280	1.672529109	3.5718E-06
285	1.669746123	3.5718E-06
290	1.667143177	3.5718E-06
295	1.664703953	3.5718E-06
300	1.662414059	3.5718E-06
305	1.660260742	3.5718E-06
310	1.658232659	3.5718E-06
315	1.656319685	3.5718E-06
320	1.654512748	3.5718E-06
325	1.6528037	2.90726E-06
330	1.651185197	2.24273E-06
335	1.649650601	1.64836E-06
340	1.648193898	1.33468E-06
345	1.646809627	1.02099E-06
350	1.645492815	7.0731E-07
355	1.644238925	5.67763E-07
360	1.64304381	4.28217E-07
365	1.641903671	2.8867E-07
370	1.640815019	2.1945E-07
375	1.63977465	1.73445E-07
380	1.63877961	1.2744E-07
385	1.637827176	1.02127E-07
390	1.636914831	7.6813E-08
395	1.636040248	6.17475E-08
400	1.635201268	4.6682E-08
405	1.63439589	3.9267E-08
410	1.633622255	3.5636E-08
415	1.632878633	3.2005E-08
420	1.632163412	2.8374E-08
425	1.631475091	2.73849E-08
430	1.630812267	2.63959E-08
435	1.630173631	2.54068E-08
440	1.629557956	2.44482E-08
445	1.628964094	2.34971E-08
450	1.62839097	2.25461E-08
455	1.627837575	2.1595E-08
460	1.62730296	2.0644E-08
465	1.626786235	1.96615E-08
470	1.626286562	1.8679E-08
475	1.625803152	1.76965E-08
480	1.625335261	1.6714E-08
485	1.624882189	1.57315E-08
490	1.624443274	1.4749E-08
495	1.624017891	1.37665E-08
500	1.62360545	1.2784E-08
505	1.623205393	1.23414E-08
510	1.622817191	1.18987E-08
515	1.622440344	1.14561E-08
520	1.622074377	1.10134E-08
525	1.621718842	1.05708E-08
530	1.621373311	1.01282E-08
535	1.62103738	9.68551E-09
540	1.620710663	9.24287E-09
545	1.620392795	8.80023E-09
550	1.620083429	8.99397E-09
555	1.619782234	9.34681E-09
560	1.619488894	9.69965E-09
565	1.619203109	1.00525E-08
570	1.618924594	1.04053E-08
575	1.618653076	1.07582E-08
580	1.618388295	1.1111E-08
585	1.618130003	1.17036E-08
590	1.617877963	1.22962E-08
595	1.617631948	1.28889E-08
600	1.617391742	1.34815E-08
605	1.617157139	1.40741E-08
610	1.616927939	1.46667E-08
615	1.616703956	1.52594E-08
620	1.616485006	1.5852E-08
625	1.616270916	1.57153E-08
630	1.61606152	1.55785E-08
635	1.615856659	1.54418E-08
640	1.61565618	1.5305E-08
645	1.615459936	1.51683E-08
650	1.615267787	1.50315E-08
655	1.615079598	1.48948E-08
660	1.614895239	1.4758E-08
665	1.614714585	1.45894E-08
670	1.614537517	1.44208E-08
675	1.61436392	1.42521E-08
680	1.614193683	1.40835E-08
685	1.614026701	1.39149E-08
690	1.61386287	1.37463E-08
695	1.613702093	1.35776E-08
700	1.613544274	1.3409E-08
705	1.613389322	1.35048E-08
710	1.613237149	1.36006E-08
715	1.613087671	1.36963E-08
720	1.612940806	1.37921E-08
725	1.612796475	1.38879E-08
730	1.612654603	1.39837E-08
735	1.612515115	1.40794E-08
740	1.612377941	1.41752E-08
745	1.612243014	1.4271E-08
750	1.612110267	1.43668E-08
755	1.611979636	1.44626E-08
760	1.611851061	1.45583E-08
765	1.611724481	1.46541E-08
770	1.61159984	1.47499E-08
775	1.611477082	1.48457E-08
780	1.611356153	1.49414E-08
785	1.611237002	1.50372E-08
790	1.611119578	1.5133E-08
795	1.611003834	1.52288E-08
800	1.610889721	1.53246E-08
805	1.610777194	1.54203E-08
810	1.61066621	1.55161E-08
815	1.610556726	1.56119E-08
820	1.6104487	1.57077E-08
825	1.610342093	1.58034E-08
830	1.610236865	1.58992E-08
835	1.61013298	1.5995E-08
840	1.6100304	1.60908E-08
845	1.609929091	1.61866E-08
850	1.609829019	1.62823E-08
855	1.609730149	1.63781E-08
860	1.60963245	1.64739E-08
865	1.60953589	1.65697E-08
870	1.60944044	1.66654E-08
875	1.609346069	1.67612E-08
880	1.609252749	1.6857E-08
885	1.609160453	1.69528E-08
890	1.609069153	1.70486E-08
895	1.608978823	1.71443E-08
900	1.608889437	1.72401E-08
905	1.608800971	1.73359E-08
910	1.608713401	1.74317E-08
915	1.608626704	1.75274E-08
920	1.608540856	1.76232E-08
925	1.608455836	1.7719E-08
930	1.608371621	1.78148E-08
935	1.608288192	1.79106E-08
940	1.608205527	1.80063E-08
945	1.608123608	1.81021E-08
950	1.608042414	1.81979E-08
955	1.607961927	1.82937E-08
960	1.607882128	1.83894E-08
965	1.607803001	1.84852E-08
970	1.607724527	1.8581E-08
975	1.607646689	1.86768E-08
980	1.607569472	1.87726E-08
985	1.607492858	1.88683E-08
990	1.607416834	1.89641E-08
995	1.607341382	1.90599E-08
1000	1.60726649	1.91557E-08
1005	1.607192141	1.92514E-08
1010	1.607118322	1.93472E-08
1015	1.60704502	1.9443E-08
1020	1.60697222	1.95388E-08
1025	1.60689991	1.96346E-08
1030	1.606828078	1.97303E-08
1035	1.606756709	1.98261E-08
1040	1.606685794	1.99219E-08
1045	1.606615319	2.00177E-08
1050	1.606545273	2.01134E-08
1055	1.606475644	2.02092E-08
1060	1.606406423	2.0305E-08
1065	1.606337597	2.24203E-08
1070	1.606269158	2.45355E-08
1075	1.606201093	2.66508E-08
1080	1.606133393	2.87661E-08
1085	1.606066049	3.08813E-08
1090	1.605999051	3.29966E-08
1095	1.605932389	3.51119E-08
1100	1.605866055	3.72271E-08
1105	1.605800039	3.93424E-08
1110	1.605734333	4.14577E-08
1115	1.605668929	4.35729E-08
1120	1.605603817	4.56882E-08
1125	1.60553899	4.78035E-08
1130	1.605474439	4.99187E-08
1135	1.605410158	5.2034E-08
1140	1.605346138	5.41493E-08
1145	1.605282372	5.62645E-08
1150	1.605218852	5.83798E-08
1155	1.605155572	6.04951E-08
1160	1.605092524	6.26103E-08
1165	1.605029702	6.47256E-08
1170	1.604967099	6.68409E-08
1175	1.604904708	6.89561E-08
1180	1.604842524	7.10714E-08
1185	1.604780538	7.31866E-08
1190	1.604718747	7.53019E-08
1195	1.604657143	7.74172E-08
1200	1.60459572	7.95324E-08
1205	1.604534473	8.16477E-08
1210	1.604473397	8.3763E-08
1215	1.604412485	8.58782E-08
1220	1.604351732	8.79935E-08
1225	1.604291133	9.01088E-08
1230	1.604230682	9.2224E-08
1235	1.604170376	9.43393E-08
1240	1.604110207	9.64546E-08
1245	1.604050172	9.85698E-08
1250	1.603990266	1.00685E-07
1255	1.603930485	1.028E-07
1260	1.603870822	1.04916E-07
1265	1.603811274	1.07031E-07
1270	1.603751837	1.09146E-07
1275	1.603692506	1.11261E-07
1280	1.603633276	1.13377E-07
1285	1.603574144	1.15492E-07
1290	1.603515106	1.17607E-07
1295	1.603456156	1.19722E-07
1300	1.603397293	1.21838E-07
1305	1.60333851	1.23953E-07
1310	1.603279806	1.26068E-07
1315	1.603221175	1.28184E-07
1320	1.603162614	1.30299E-07
1325	1.60310412	1.32414E-07
1330	1.603045689	1.34529E-07
1335	1.602987318	1.36645E-07
1340	1.602929003	1.3876E-07
1345	1.60287074	1.40875E-07
1350	1.602812527	1.4299E-07
1355	1.60275436	1.45106E-07
1360	1.602696236	1.47221E-07
1365	1.602638152	1.49336E-07
1370	1.602580104	1.51451E-07
1375	1.602522091	1.53567E-07
1380	1.602464108	1.55682E-07
1385	1.602406153	1.57797E-07
1390	1.602348223	1.59913E-07
1395	1.602290315	1.62028E-07
1400	1.602232426	1.64143E-07
1405	1.602174554	1.66258E-07
1410	1.602116696	1.68374E-07
1415	1.602058849	1.70489E-07
1420	1.602001011	1.72604E-07
1425	1.601943179	1.74719E-07
1430	1.60188535	1.76835E-07
1435	1.601827523	1.7895E-07
1440	1.601769694	1.81065E-07
1445	1.601711862	1.8318E-07
1450	1.601654024	1.85296E-07
1455	1.601596177	1.87411E-07
1460	1.601538319	1.89526E-07
1465	1.601480449	1.91642E-07
1470	1.601422564	1.93757E-07
1475	1.601364661	1.95872E-07
1480	1.601306739	1.97987E-07
1485	1.601248795	2.00103E-07
1490	1.601190827	2.02218E-07
1495	1.601132834	2.04333E-07
1500	1.601074814	2.06448E-07
1505	1.601016763	2.08564E-07
1510	1.600958681	2.10679E-07
1515	1.600900566	2.12794E-07
1520	1.600842415	2.14909E-07
1525	1.600784226	2.17025E-07
1530	1.600725999	2.1914E-07
1535	1.60066773	2.32551E-07
1540	1.600609419	2.45962E-07
1545	1.600551063	2.59373E-07
1550	1.600492661	2.72784E-07
1555	1.600434211	2.86195E-07
1560	1.600375712	2.99605E-07
1565	1.600317161	3.13016E-07
1570	1.600258557	3.26427E-07
1575	1.600199898	3.39838E-07
1580	1.600141183	3.53249E-07
1585	1.600082411	3.6666E-07
1590	1.600023579	3.80071E-07
1595	1.599964686	3.93482E-07
1600	1.599905731	4.06893E-07
1605	1.599846713	4.20304E-07
1610	1.599787628	4.33715E-07
1615	1.599728477	4.47125E-07
1620	1.599669258	4.60536E-07
1625	1.599609969	4.73947E-07
1630	1.59955061	4.87358E-07
1635	1.599491178	5.00769E-07
1640	1.599431672	5.1418E-07
1645	1.599372091	5.27591E-07
1650	1.599312433	5.41002E-07
1655	1.599252698	5.54413E-07
1660	1.599192884	5.67824E-07
1665	1.599132989	5.81235E-07
1670	1.599073013	5.94645E-07
1675	1.599012954	6.08056E-07
1680	1.598952812	6.21467E-07
1685	1.598892584	6.34878E-07
1690	1.598832269	6.48289E-07
1695	1.598771867	6.617E-07
1700	1.598711376	6.75111E-07
1705	1.598650795	6.88522E-07
1710	1.598590123	7.01933E-07
1715	1.598529359	7.15344E-07
1720	1.598468501	7.28755E-07
1725	1.598407549	7.42165E-07
1730	1.598346501	7.55576E-07
1735	1.598285357	7.68987E-07
1740	1.598224115	7.82398E-07
1745	1.598162774	7.95809E-07
1750	1.598101334	8.0922E-07
1755	1.598039793	8.22631E-07
1760	1.597978149	8.36042E-07
1765	1.597916403	8.49453E-07
1770	1.597854553	8.62864E-07
1775	1.597792598	8.76275E-07
1780	1.597730538	8.89685E-07
1785	1.59766837	9.03096E-07
1790	1.597606095	9.16507E-07
1795	1.597543711	9.29918E-07
1800	1.597481217	9.43329E-07
1805	1.597418613	9.5674E-07
1810	1.597355897	9.70151E-07
1815	1.597293069	9.83562E-07
1820	1.597230128	9.96973E-07
1825	1.597167072	1.01038E-06
1830	1.597103901	1.02379E-06
1835	1.597040614	1.03721E-06
1840	1.596977211	1.05062E-06
1845	1.596913689	1.06403E-06
1850	1.596850049	1.07744E-06
1855	1.59678629	1.09085E-06
1860	1.59672241	1.10426E-06
1865	1.596658409	1.11767E-06
1870	1.596594287	1.13108E-06
1875	1.596530041	1.14449E-06
1880	1.596465672	1.1579E-06
1885	1.596401179	1.17131E-06
1890	1.596336561	1.18473E-06
1895	1.596271817	1.19814E-06
1900	1.596206946	1.21155E-06
1905	1.596141947	1.22496E-06
1910	1.596076821	1.23837E-06
1915	1.596011565	1.25178E-06
1920	1.59594618	1.26519E-06
1925	1.595880664	1.2786E-06
1930	1.595815017	1.29201E-06
1935	1.595749238	1.30542E-06
1940	1.595683326	1.31883E-06
1945	1.595617281	1.33225E-06
1950	1.595551102	1.34566E-06
1955	1.595484788	1.35907E-06
1960	1.595418338	1.37248E-06
1965	1.595351752	1.38589E-06
1970	1.595285029	1.3993E-06
1975	1.595218168	1.44978E-06
1980	1.595151169	1.50025E-06
1985	1.595084031	1.55073E-06
1990	1.595016753	1.60121E-06
1995	1.594949335	1.65169E-06
2000	1.594881776	1.70216E-06
2005	1.594814075	1.75264E-06
2010	1.594746232	1.80312E-06
2015	1.594678246	1.8536E-06
2020	1.594610116	1.90407E-06
2025	1.594541841	1.95455E-06
2030	1.594473422	2.00503E-06
2035	1.594404857	2.05551E-06
2040	1.594336146	2.10598E-06
2045	1.594267288	2.15646E-06
2050	1.594198283	2.20694E-06
2055	1.594129129	2.25742E-06
2060	1.594059827	2.30789E-06
2065	1.593990375	2.35837E-06
2070	1.593920773	2.40885E-06
2075	1.593851021	2.45933E-06
2080	1.593781117	2.5098E-06
2085	1.593711062	2.56028E-06
2090	1.593640854	2.61076E-06
2095	1.593570494	2.66124E-06
2100	1.593499979	2.71171E-06
2105	1.593429311	2.76219E-06
2110	1.593358488	2.81267E-06
2115	1.593287509	2.86315E-06
2120	1.593216375	2.91362E-06
2125	1.593145084	2.9641E-06
2130	1.593073636	3.01458E-06
2135	1.59300203	3.06506E-06
2140	1.592930266	3.11553E-06
2145	1.592858344	3.16601E-06
2150	1.592786262	3.21649E-06
2155	1.59271402	3.26697E-06
2160	1.592641617	3.31744E-06
2165	1.592569054	3.36792E-06
2170	1.592496329	3.4184E-06
2175	1.592423442	3.46888E-06
2180	1.592350392	3.51935E-06
2185	1.592277179	3.56983E-06
2190	1.592203803	3.62031E-06
2195	1.592130262	3.67079E-06
2200	1.592056556	3.72126E-06
2205	1.591982685	3.77174E-06
2210	1.591908647	3.82222E-06
2215	1.591834444	3.8727E-06
2220	1.591760073	3.92317E-06
2225	1.591685535	3.97365E-06
2230	1.591610829	4.02413E-06
2235	1.591535954	4.07461E-06
2240	1.59146091	4.12508E-06
2245	1.591385697	4.17556E-06
2250	1.591310313	4.22604E-06
2255	1.591234759	4.27652E-06
2260	1.591159034	4.32699E-06
2265	1.591083137	4.37747E-06
2270	1.591007067	4.42795E-06
2275	1.590930825	4.47843E-06
2280	1.59085441	4.5289E-06
2285	1.590777821	4.57938E-06
2290	1.590701057	4.62986E-06
2295	1.590624119	4.68034E-06
2300	1.590547006	4.73081E-06
2305	1.590469717	4.78129E-06
2310	1.590392251	4.83177E-06
2315	1.590314609	4.88225E-06
2320	1.59023679	4.93272E-06
2325	1.590158792	4.9832E-06
2330	1.590080617	5.12227E-06
2335	1.590002263	5.26134E-06
2340	1.589923729	5.40041E-06
2345	1.589845015	5.53949E-06
2350	1.589766122	5.67856E-06
2355	1.589687047	5.81763E-06
2360	1.589607792	5.9567E-06
2365	1.589528354	6.09577E-06
2370	1.589448734	6.23484E-06
2375	1.589368932	6.37391E-06
2380	1.589288946	6.51299E-06
2385	1.589208777	6.65206E-06
2390	1.589128423	6.79113E-06
2395	1.589047885	6.9302E-06
2400	1.588967161	7.06927E-06
2405	1.588886252	7.20834E-06
2410	1.588805157	7.34741E-06
2415	1.588723875	7.48649E-06
2420	1.588642406	7.62556E-06
2425	1.588560749	7.76463E-06
2430	1.588478904	7.9037E-06
2435	1.588396871	8.04277E-06
2440	1.588314649	8.18184E-06
2445	1.588232237	8.32091E-06
2450	1.588149635	8.45999E-06
2455	1.588066842	8.59906E-06
2460	1.587983859	8.73813E-06
2465	1.587900684	8.8772E-06
2470	1.587817317	9.01627E-06
2475	1.587733758	9.15534E-06
2480	1.587650006	9.29441E-06
2485	1.587566061	9.43349E-06
2490	1.587481922	9.57256E-06
2495	1.587397588	9.71163E-06
2500	1.58731306	9.8507E-06
