280	0	0	0.000282136	0	0.00373599	0	0.008061189	0.00494193	0
285	0	0	4.997E-05	0	0.00373599	0	0.008461492	0.005388533	0
290	0	0	0.000233772	0.002126136	0.00373599	0	0.009014911	0.006906063	0
295	0	0.132328436	0.000531659	0.002468414	0.004189327	0	0.00956833	0.008423593	0
300	0	0.143045351	0.000829547	0.002810691	0.007959153	0	0.010121749	0.013064927	0
305	0	0.153331131	0.001127434	0.003152969	0.012847878	0.028265603	0.010675168	0.018455982	0
310	0.012748106	0.157843411	0.001425321	0.003495247	0.023254268	0.047306534	0.011332215	0.03035683	0
315	0.01610806	0.162355691	0.003370323	0.003428719	0.038922492	0.080145076	0.012499214	0.043319825	0
320	0.019468015	0.166867971	0.005991365	0.00282429	0.073085889	0.116455846	0.013666213	0.056282818	0
325	0.022827968	0.171380252	0.008612406	0.002219861	0.13239044	0.155761346	0.014833212	0.069311023	0
330	0.024352197	0.175842479	0.011233447	0.001615432	0.200952992	0.194916412	0.016000211	0.082378633	0
335	0.0249066	0.180244088	0.013854489	0.001011003	0.282593429	0.238670945	0.017590959	0.095446236	0
340	0.0249066	0.184645683	0.018394019	0.000659169	0.354168057	0.275790811	0.023335254	0.109287851	0
345	0.0249066	0.189047292	0.024052912	0.001520175	0.420257032	0.301213622	0.029079549	0.123607643	0
350	0.024957351	0.193448901	0.029711805	0.002381181	0.478289902	0.329700917	0.034823842	0.137927428	0
355	0.036020804	0.198931724	0.035370696	0.003242187	0.529682875	0.360039145	0.040568139	0.158754691	0
360	0.047084257	0.205122814	0.041029591	0.009549094	0.583249569	0.384987026	0.047309104	0.180789158	0
365	0.076084793	0.211313903	0.046688486	0.016190447	0.620707989	0.404421806	0.05446643	0.205156833	0
370	0.11092364	0.220552832	0.052347377	0.031365693	0.655696154	0.423856616	0.061623756	0.230261147	0
375	0.147099569	0.231805071	0.058283273	0.081424236	0.68458873	0.444908977	0.068781078	0.258279711	0
380	0.184453532	0.246870458	0.064901374	0.124357119	0.713547409	0.465145707	0.077153161	0.286501616	0
385	0.21887891	0.264148623	0.071519479	0.165711358	0.745216727	0.485673606	0.085968047	0.31448555	0
390	0.250979632	0.283100098	0.078137577	0.205142766	0.777179062	0.507331729	0.094782926	0.3413032	0
395	0.280688852	0.301750928	0.084755681	0.240315542	0.809998035	0.527566314	0.110385843	0.367454082	0
400	0.306819946	0.322989434	0.091373779	0.271923631	0.839134336	0.547456563	0.126304835	0.391893625	0
405	0.331343383	0.338065863	0.097991884	0.29894194	0.862849891	0.566627741	0.140378252	0.41492945	0
410	0.353767157	0.352348238	0.103733681	0.323661089	0.883482277	0.585027277	0.153638482	0.436030209	0
415	0.373676419	0.366630644	0.108744979	0.345876187	0.902011335	0.60261637	0.167872861	0.456654638	0
420	0.391776383	0.380913019	0.113756284	0.36568144	0.918886781	0.619150043	0.183680892	0.476917833	0
425	0.409512579	0.396093428	0.118767582	0.383771211	0.933880985	0.63710928	0.199732095	0.496921271	0
430	0.427114725	0.411307603	0.123948939	0.401184291	0.946834862	0.655418336	0.216348246	0.516649783	0
435	0.444716871	0.424323887	0.129234344	0.4185974	0.958722293	0.673600495	0.233542696	0.536120296	0
440	0.462322444	0.436163396	0.134519741	0.434890896	0.968696833	0.689914346	0.251442492	0.554346025	0
445	0.479937762	0.448002905	0.140285432	0.45069018	0.977440834	0.706228137	0.272041619	0.572571695	0
450	0.49755308	0.459842384	0.148629129	0.466344237	0.982622147	0.722459614	0.297726691	0.590564609	0
455	0.513393879	0.471880108	0.156972826	0.484719634	0.9878034	0.738553524	0.329151988	0.608519077	0
460	0.529135942	0.48412329	0.165756479	0.502239943	0.992984653	0.753779233	0.362385541	0.626030266	0
465	0.543968797	0.495321125	0.174814329	0.51903224	0.995758712	0.768993378	0.409698069	0.643170774	0
470	0.557456553	0.506339908	0.183825687	0.536005676	0.996660829	0.784114301	0.450973153	0.660029352	0
475	0.570944369	0.516270399	0.19273147	0.55211246	0.993382037	0.798888505	0.482003868	0.675951302	0
480	0.583597183	0.526080072	0.205328941	0.568796754	0.988706768	0.812781572	0.508774698	0.691873312	0
485	0.594986558	0.535323083	0.222666815	0.58667028	0.98161602	0.82629621	0.530446231	0.707006335	0
490	0.606375933	0.544566035	0.244868353	0.602720261	0.97317791	0.839076042	0.545932651	0.721780539	0
495	0.617765307	0.553809047	0.286465734	0.618915439	0.964422107	0.851546526	0.561419129	0.736554742	0
500	0.627874017	0.562934637	0.349446326	0.634525061	0.953030229	0.863459408	0.576497734	0.751479506	0
505	0.637837589	0.572012305	0.461046517	0.647969961	0.94089967	0.874690115	0.589735031	0.766418695	0
510	0.647801101	0.580820262	0.600770116	0.665541887	0.926722884	0.885259569	0.602972388	0.781350315	0
515	0.657764673	0.589223444	0.657348871	0.691363096	0.911957264	0.894958615	0.615899026	0.796234488	0
520	0.667034388	0.597594321	0.713927567	0.711345792	0.895549536	0.903494716	0.625822961	0.811118662	0
525	0.67625761	0.605637372	0.738113284	0.725664198	0.877530932	0.912030816	0.635746896	0.825843215	0
530	0.685480833	0.613680482	0.748744667	0.739666641	0.859044433	0.919006228	0.645670891	0.840287387	0
535	0.694704056	0.621549666	0.757445455	0.753288329	0.835854828	0.925782681	0.655482948	0.85473156	0
540	0.703208685	0.629276037	0.766422272	0.765159309	0.814766169	0.932559133	0.665049195	0.868382812	0
545	0.711580992	0.637002468	0.775863588	0.775882959	0.792738497	0.938901842	0.674615443	0.881478727	0
550	0.719953358	0.644643128	0.785349607	0.785733163	0.770448327	0.945187986	0.684088647	0.894574702	0
555	0.728325725	0.65225929	0.795507789	0.794791043	0.749105215	0.95147413	0.69246465	0.905371845	0
560	0.73652029	0.659873128	0.80566597	0.803554475	0.729046583	0.958283544	0.700840592	0.9145239	0.00875794
565	0.744100809	0.667075813	0.814881146	0.811236739	0.708636403	0.965372682	0.709216595	0.923676014	0.011295329
570	0.751681328	0.674258947	0.824079752	0.818919063	0.688329041	0.97246176	0.717226624	0.932828069	0.013832717
575	0.758949816	0.681337595	0.8352229	0.826268196	0.669013739	0.97839433	0.724644959	0.941498041	0.016370479
580	0.765124083	0.688416243	0.847313404	0.833197355	0.649471223	0.983702123	0.732063293	0.949513972	0.018990146
585	0.771298349	0.69549489	0.859403968	0.840126514	0.631962717	0.989009917	0.739481628	0.957387269	0.021609815
590	0.777472615	0.702450573	0.871494472	0.846811891	0.615080476	0.99431777	0.746899962	0.963087082	0.024229482
595	0.783656836	0.709263384	0.881979942	0.853186846	0.598892629	0.995256484	0.753566921	0.968786836	0.026878443
600	0.790015936	0.716076195	0.891601801	0.859561861	0.583605707	0.994119585	0.760145485	0.973731458	0.02964622
605	0.796375036	0.722925842	0.899076164	0.865936875	0.569709778	0.986645103	0.76672411	0.977233052	0.032413997
610	0.804261804	0.729818583	0.906550586	0.872325897	0.556057513	0.95867449	0.773302674	0.980734646	0.035181772
615	0.812556028	0.736711383	0.914024949	0.878968537	0.542727053	0.930703878	0.780043244	0.98423624	0.037955988
620	0.819396257	0.743550897	0.920640111	0.885611236	0.52976352	0.902733266	0.786815405	0.987737775	0.040740222
625	0.826236427	0.750327408	0.926814854	0.892490625	0.517182052	0.874762654	0.793587565	0.990196407	0.043524455
630	0.833113134	0.75710386	0.932989597	0.899975836	0.503494859	0.846792042	0.800359726	0.991992712	0.046308689
635	0.840011179	0.763698518	0.93916434	0.907461047	0.489170372	0.81882143	0.806969345	0.993789017	0.049102541
640	0.846900165	0.770076036	0.94444859	0.91484499	0.47388342	0.790850818	0.813332736	0.995585322	0.051903233
645	0.852460027	0.776453614	0.949412525	0.920196354	0.457321614	0.762880206	0.819696069	0.997381628	0.054703925
650	0.858019948	0.78282392	0.954376459	0.925547659	0.439065337	0.734909594	0.826059461	0.998450637	0.057504617
655	0.86357981	0.789151609	0.959340394	0.930899024	0.418110311	0.706939042	0.832376599	0.996391833	0.060318109
660	0.869139731	0.795479357	0.963511586	0.936295569	0.396846056	0.67896843	0.838310421	0.994206429	0.063135259
665	0.874661982	0.801734865	0.96585542	0.941774964	0.374723494	0.650997818	0.844244182	0.988011837	0.065952405
670	0.8798998	0.807735264	0.968199193	0.94725436	0.350406379	0.623027205	0.850177944	0.978855133	0.068769552
675	0.885137618	0.813735604	0.970543027	0.952733755	0.323546678	0.595056593	0.856111705	0.965081811	0.071618676
680	0.890375376	0.8197335	0.973277271	0.957984924	0.297138512	0.567085981	0.861587644	0.945296764	0.074468739
685	0.895379066	0.825659871	0.978842199	0.963117957	0.271980852	0.539115369	0.866424501	0.92008698	0.077318802
690	0.899395406	0.831586301	0.984407067	0.968142271	0.247018799	0.511144757	0.871261299	0.895111024	0.080258362
695	0.903411746	0.837512672	0.9881621	0.972829938	0.220896721	0.483174175	0.876098096	0.867599249	0.083651587
700	0.907428145	0.843403637	0.991381049	0.976349711	0.194430739	0.455203563	0.880934894	0.838386118	0.087044813
705	0.911444485	0.849271119	0.994600058	0.979259491	0.168936282	0.427232951	0.885771692	0.802378893	0.090438038
710	0.916487634	0.85513854	0.996050477	0.982169211	0.146225005	0.399262339	0.890821517	0.757732689	0.093943439
715	0.921567082	0.860928357	0.995608389	0.98507899	0.125870615	0.371291727	0.895920217	0.670522332	0.097649455
720	0.926538587	0.866584897	0.995166302	0.98798877	0.109045096	0.343321115	0.901018918	0.512374103	0.101355463
725	0.930880725	0.872241378	0.996872723	0.990415871	0.093929194	0.315350533	0.906117558	0.273164749	0.105061471
730	0.935222864	0.877897918	0.999275625	0.992190897	0.080401085	0.28737992	0.911271751	0.12797226	0.108822085
735	0.939259827	0.883450508	0.998261094	0.993965864	0.068776354	0.259409308	0.91740787	0.06352324	0.11262688
740	0.943082929	0.888823032	0.997246504	0.995740831	0.057404507	0.231438696	0.92354399	0.033640999	0.116431676
745	0.946905971	0.894195557	0.996400833	0.997515857	0.048066538	0.203468099	0.929680109	0.014812004	0.120236464
750	0.950729072	0.899568081	0.995448828	0.998660266	0.038161583	0.175497487	0.935566127	0.010233583	0.124261573
755	0.954552174	0.904697955	0.989342809	0.998626173	0.026705498	0.14752689	0.939744771	0.005655162	0.128361329
760	0.958411813	0.909709275	0.98323679	0.998592019	0.019646239	0.119556278	0.943923473	0.002392486	0.132461086
765	0.962343574	0.914720595	0.981949866	0.998557925	0.017696636	0.091585666	0.948102117	0.00207459	0.136589378
770	0.966275334	0.919731855	0.982867777	0.998523831	0.015747033	0.074486695	0.952280819	0.001756694	0.140938833
775	0.96920079	0.924702764	0.979731679	0.997168183	0.013797431	0.058466785	0.956459463	0.001438798	0.145288274
780	0.971771717	0.929659903	0.974423409	0.9942469	0.011847829	0.042809226	0.960638165	0.001275425	0.149637714
785	0.974342644	0.934617043	0.969115198	0.991325676	0.009898228	0.036198273	0.964816809	0.00111719	0.154288158
790	0.976913631	0.939574182	0.963005185	0.988404393	0.007948625	0.029587323	0.968995452	0.000958955	0.159001186
795	0.979101837	0.94421041	0.956124246	0.98548317	0.006963318	0.022976371	0.972798049	0	0.163714215
800	0.981155097	0.94851017	0.949243248	0.981545269	0.006321957	0.018726287	0.976332426	0	0.168303207
805	0.983208358	0.952809989	0.929231763	0.976264	0.005680596	0.016174624	0.979866803	0	0.172787249
810	0.985261619	0.957109809	0.899309635	0.97098279	0.005039235	0.013622962	0.983401179	0	0.177271277
815	0.98731488	0.961409628	0.811534107	0.96570152	0.004397873	0.011071299	0.986935556	0	0.18177855
820	0.989368081	0.965300679	0.703573465	0.960067809	0.00368363	0.008519636	0.990469933	0	0.186544895
825	0.991421342	0.969068706	0.554182947	0.95353508	0.002945671	0.007282305	0.992831051	0	0.191311255
830	0.993474603	0.972836673	0.381424576	0.947002351	0.002207712	0.006509549	0.995125413	0	0.1960776
835	0.995527864	0.9766047	0.245009825	0.939877808	0.001469752	0.005736795	0.997419834	0	0.200843945
840	0.997497737	0.980038524	0.152298257	0.931272924	0.000731793	0.00496404	0.999714255	0	0.205656707
845	0.997759998	0.982870638	0.089452825	0.92266804	0.000368506	0.004191285	0.994770825	0	0.210472882
850	0.998022199	0.985702753	0.05306283	0.912862003	0.000268381	0.00376793	0.986929178	0	0.215289056
855	0.998284459	0.988534868	0.03430954	0.903033555	0.000168255	0.003521326	0.978962481	0	0.220495924
860	0.99854672	0.991366982	0.025639461	0.891270638	6.81301E-05	0.003274722	0.960820079	0	0.225789621
865	0.99880898	0.99324733	0.019269424	0.879186809	0	0.003028119	0.88608408	0	0.231092393
870	0.998646677	0.994517028	0.012899387	0.865327179	0	0.002781515	0.805454671	0	0.236563221
875	0.996222019	0.995786667	0.009978434	0.851643085	0	0.00268013	0.689257383	0	0.242034033
880	0.993797362	0.997056365	0.009477319	0.838169277	0	0.00268013	0.560765624	0	0.247474417
885	0.991372705	0.998326004	0.008976203	0.825003147	0	0.00268013	0.436542451	0	0.252671629
890	0.988948047	0.999595642	0.007788641	0.812332511	0	0.00268013	0.318643332	0	0.257868856
895	0.985691011	0.998838425	0.005867381	0.798500001	0	0.00268013	0.162040159	0	0.26306659
900	0.98214674	0.997374952	0.003946122	0.783456504	0	0.002716562	0.084085412	0	0.268266857
905	0.978602409	0.995911539	0.002024862	0.767056823	0	0.00277116	0.054984011	0	0.273467124
910	0.972430706	0.994448066	0.000103603	0.750437081	0	0.002825758	0.036506396	0	0.278742939
915	0.965928793	0.992984593	0	0.733537853	0	0.002880356	0.018561382	0	0.284130096
920	0.959084868	0.989613593	0	0.715976596	0	0.002934953	0.010641498	0	0.289517254
925	0.952073812	0.985291898	0	0.69691205	0	0.002989551	0.003661224	0	0.294983804
930	0.944724083	0.980970204	0	0.677654386	0	0.003044148	0.003077475	0	0.300495535
935	0.936002016	0.97664851	0	0.658562958	0	0.003098746	0.002493727	0	0.306007296
940	0.927125156	0.969762623	0	0.638807178	0	0.003153344	0.001909978	0	0.311627477
945	0.915966213	0.962013423	0	0.616722703	0	0.003207942	0.00161494	0	0.317263842
950	0.90480727	0.953687787	0	0.592764556	0	0.003262539	0.001417659	0	0.322919518
955	0.893648386	0.943238497	0	0.566348732	0	0.003317137	0.001220377	0	0.328742802
960	0.880313396	0.932309687	0	0.538879752	0	0.003371735	0.001023096	0	0.334566057
965	0.865581572	0.918450058	0	0.511783004	0	0.003426332	0.000825814	0	0.340294868
970	0.850849748	0.903012216	0	0.484402657	0	0.00348093	0.000772115	0	0.345837772
975	0.834570169	0.885727525	0	0.457024395	0	0.003535528	0.000788554	0	0.351380676
980	0.818011045	0.865906894	0	0.428475827	0	0.003590125	0.000804994	0	0.35710451
985	0.801213801	0.843953311	0	0.400375098	0	0.003597941	0.000821433	0	0.362964839
990	0.783900797	0.821357906	0	0.373375982	0	0.003597941	0.000837873	0	0.368825197
995	0.76656723	0.794911087	0	0.343675733	0	0.003597941	0.000844508	0	0.37465772
1000	0.747893989	0.767746866	0	0.316098303	0	0.003597941	0.000844508	0	0.380489588
1005	0.729220748	0.742888689	0	0.289368033	0	0.003597941	0.000844508	0	0.386288792
1010	0.711176753	0.695045829	0	0.262902081	0	0.003597941	0.000844508	0	0.392035216
1015	0.693383694	0.657823384	0	0.236436099	0	0.003597941	0.000844508	0	0.39778161
1020	0.674336076	0.621075869	0	0.211405814	0	0.003597941	0.000844508	0	0.403775662
1025	0.653514564	0.579335451	0	0.188940465	0	0.003597941	0.000844508	0	0.409836084
1030	0.631827056	0.535129726	0	0.166544929	0	0.003597941	0.000844508	0	0.416061163
1035	0.608493447	0.487745017	0	0.14327243	0	0.003597941	0.000844508	0	0.422569245
1040	0.58465302	0.447834969	0	0.123585261	0	0.003597941	0.000844508	0	0.429077357
1045	0.560317397	0.402564526	0	0.106819838	0	0.003597941	0.000844508	0	0.435174227
1050	0.534560323	0.357889146	0	0.091541335	0	0.003597941	0.000844508	0	0.441248208
1055	0.508094311	0.320512593	0	0.077348724	0	0.003597941	0.000844508	0	0.447288603
1060	0.483602732	0.283841819	0	0.066212796	0	0.003597941	0.000844508	0	0.453267634
1065	0.459517658	0.254020333	0	0.055430893	0	0.003597941	0.000844508	0	0.459246665
1070	0.434794366	0.227762178	0	0.047013968	0	0.003597941	0.000823972	0	0.465225697
1075	0.409994185	0.204205975	0	0.039104253	0	0.003597941	0.000768507	0	0.471204728
1080	0.384799451	0.184676692	0	0.031406149	0	0	0.000713042	0	0.477183759
1085	0.359834969	0.165834472	0	0.027117755	0	0	0.000657578	0	0.483271867
1090	0.335374057	0.148737028	0	0.022829359	0	0	0.000602113	0	0.489383817
1095	0.311091751	0.132999912	0	0.018540965	0	0	0.000546648	0	0.49551177
1100	0.287006676	0.118426703	0	0.01425257	0	0	0.000491183	0	0.501694262
1105	0.263878196	0.105668627	0	0.012005761	0	0	0.000435718	0	0.507876813
1110	0.241295934	0.09383592	0	0.009964249	0	0	0.000380254	0	0.514295697
1115	0.218813509	0.083065093	0	0.007922738	0	0	0.000324789	0	0.520771444
1120	0.196356431	0.072527125	0	0.006416454	0	0	0.000269324	0	0.52780515
1125	0.174139321	0.063449964	0	0.005162195	0	0	0.000213859	0	0.535280108
1130	0.152206272	0.054866835	0	0.003907936	0	0	0.000158395	0	0.542352676
1135	0.132296711	0.046733472	0	0.002653677	0	0	0.00010293	0	0.548996449
1140	0.112520583	0.040262051	0	0.00230848	0	0	4.7465E-05	0	0.555598497
1145	0.095319115	0.033790626	0	0.002099084	0	0	0	0	0.562065899
1150	0.078117654	0.027319202	0	0.001889689	0	0	0	0	0.568533301
1155	0.063013852	0.022721292	0	0	0	0	0	0	0.575033903
1160	0.049858849	0.018149097	0	0	0	0	0	0	0.581542015
1165	0.039186999	0.013576901	0	0	0	0	0	0	0.587889135
1170	0.028937858	0.009415682	0	0	0	0	5.30569E-06	0	0.593990266
1175	0.020121017	0.006223032	0	0	0	0	8.23755E-05	0	0.600091398
1180	0.012245046	0.003030381	0	0	0	0	0.000159445	0	0.606105864
1185	0.009408492	0.002001145	0	0	0	0	0.000236515	0	0.612118125
1190	0.006851824	0.002210526	0	0	0	0	0.000313585	0	0.617989302
1195	0.004933454	0.002419908	0	0	0	0	0	0	0.623631299
1200	0.003309159	0	0	0	0	0	0	0	0.629273295
1205	0	0	0	0	0	0	0	0	0.635034204
1210	0	0	0	0	0	0	0	0	0.640827298
1215	0	0	0	0	0	0	0	0	0.64660871
1220	0	0	0	0	0	0	0	0	0.651828706
1225	0	0	0	0	0	0	0	0	0.657048762
1230	0	0	0	0	0	0	0	0	0.662269652
1235	0	0	0	0	0	0	0	0	0.667501092
1240	0	0	0	0	0	0	0	0	0.672732532
1245	0	0	0	0	0	0	0	0	0.677978754
1250	0	0	0	0	0	0	0	0	0.683257401
1255	0	0	0	0	0	0	0	0	0.688536048
1260	0	0	0	0	0	0	0	0	0.693713725
1265	0	0	0	0	0	0	0	0	0.698722005
1270	0	0	0	0	0	0	0	0	0.703730345
1275	0	0	0	0	0	0	0	0	0.708902836
1280	0	0	0	0	0	0	0	0	0.714289963
1285	0	0	0	0	0	0	0	0	0.71967715
1290	0	0	0	0	0	0	0	0	0.725070119
1295	0	0	0	0	0	0	0	0	0.730466008
1300	0	0	0	0	0	0	0	0	0.735861897
1305	0	0	0	0	0	0	0	0	0.740930498
1310	0	0	0	0	0	0	0	0	0.745875895
1315	0	0	0	0	0	0	0	0	0.750821233
1320	0	0	0	0	0	0	0	0	0.755630732
1325	0	0	0	0	0	0	0	0	0.760354638
1330	0	0	0	0	0	0	0	0	0.765078545
1335	0	0	0	0	0	0	0	0	0.769925535
1340	0	0	0	0	0	0	0	0	0.774895489
1345	0	0	0	0	0	0	0	0	0.779865444
1350	0	0	0	0	0	0	0	0	0.78491956
1355	0	0	0	0	0	0	0	0	0.790107012
1360	0	0	0	0	0	0	0	0	0.795294464
1365	0	0	0	0	0	0	0	0	0.800467372
1370	0	0	0	0	0	0	0	0	0.80562222
1375	0	0	0	0	0	0	0	0	0.810777128
1380	0	0	0	0	0	0	0	0	0.815863192
1385	0	0	0	0	0	0	0	0	0.82088238
1390	0	0	0	0	0	0	0	0	0.825901568
1395	0	0	0	0	0	0	0	0	0.830926716
1400	0	0	0	0	0	0	0	0	0.835961103
1405	0	0	0	0	0	0	0	0	0.840995431
1410	0	0	0	0	0	0	0	0	0.846133351
1415	0	0	0	0	0	0	0	0	0.851395905
1420	0	0	0	0	0	0	0	0	0.856658518
1425	0	0	0	0	0	0	0	0	0.86194247
1430	0	0	0	0	0	0	0	0	0.867236137
1435	0	0	0	0	0	0	0	0	0.872529864
1440	0	0	0	0	0	0	0	0	0.87849319
1445	0	0	0	0	0	0	0	0	0.884514928
1450	0	0	0	0	0	0	0	0	0.890487194
1455	0	0	0	0	0	0	0	0	0.896357
1460	0	0	0	0	0	0	0	0	0.902226865
1465	0	0	0	0	0	0	0	0	0.907978475
1470	0	0	0	0	0	0	0	0	0.913686931
1475	0	0	0	0	0	0	0	0	0.919438481
1480	0	0	0	0	0	0	0	0	0.925458193
1485	0	0	0	0	0	0	0	0	0.931477904
1490	0	0	0	0	0	0	0	0	0.937468469
1495	0	0	0	0	0	0	0	0	0.943447471
1500	0	0	0	0	0	0	0	0	0.949426532
1505	0	0	0	0	0	0	0	0	0.955405533
1510	0	0	0	0	0	0	0	0	0.961384594
1515	0	0	0	0	0	0	0	0	0.967334509
1520	0	0	0	0	0	0	0	0	0.973280311
1525	0	0	0	0	0	0	0	0	0.979118645
1530	0	0	0	0	0	0	0	0	0.984683931
1535	0	0	0	0	0	0	0	0	0.990249217
1540	0	0	0	0	0	0	0	0	0.994496942
1545	0	0	0	0	0	0	0	0	0.99621588
1550	0	0	0	0	0	0	0	0	0.997934818
1555	0	0	0	0	0	0	0	0	0.999653816
1560	0	0	0	0	0	0	0	0	0.994178593
1565	0	0	0	0	0	0	0	0	0.987733901
1570	0	0	0	0	0	0	0	0	0.976117551
1575	0	0	0	0	0	0	0	0	0.956736684
1580	0	0	0	0	0	0	0	0	0.929080784
1585	0	0	0	0	0	0	0	0	0.900930762
1590	0	0	0	0	0	0	0	0	0.868643343
1595	0	0	0	0	0	0	0	0	0.833187103
1600	0	0	0	0	0	0	0	0	0.798028111
1605	0	0	0	0	0	0	0	0	0.764041424
1610	0	0	0	0	0	0	0	0	0.73089993
1615	0	0	0	0	0	0	0	0	0.699687541
1620	0	0	0	0	0	0	0	0	0.672571957
1625	0	0	0	0	0	0	0	0	0.650669396
1630	0	0	0	0	0	0	0	0	0.631141484
1635	0	0	0	0	0	0	0	0	0.614890873
1640	0	0	0	0	0	0	0	0	0.598218501
1645	0	0	0	0	0	0	0	0	0.582762122
1650	0	0	0	0	0	0	0	0	0.567738771
1655	0	0	0	0	0	0	0	0	0.552984357
1660	0	0	0	0	0	0	0	0	0.538730741
1665	0	0	0	0	0	0	0	0	0.524940133
1670	0	0	0	0	0	0	0	0	0.51167959
1675	0	0	0	0	0	0	0	0	0.498325884
1680	0	0	0	0	0	0	0	0	0.485122055
1685	0	0	0	0	0	0	0	0	0.472232461
1690	0	0	0	0	0	0	0	0	0.459463507
1695	0	0	0	0	0	0	0	0	0.446901619
1700	0	0	0	0	0	0	0	0	0.433974564
1705	0	0	0	0	0	0	0	0	0.420272321
1710	0	0	0	0	0	0	0	0	0.407011777
1715	0	0	0	0	0	0	0	0	0.394321084
1720	0	0	0	0	0	0	0	0	0.381896317
1725	0	0	0	0	0	0	0	0	0.369625062
1730	0	0	0	0	0	0	0	0	0.356863558
1735	0	0	0	0	0	0	0	0	0.343948662
1740	0	0	0	0	0	0	0	0	0.330988199
1745	0	0	0	0	0	0	0	0	0.318222225
1750	0	0	0	0	0	0	0	0	0.305456281
1755	0	0	0	0	0	0	0	0	0.292582452
1760	0	0	0	0	0	0	0	0	0.27957505
1765	0	0	0	0	0	0	0	0	0.266685426
1770	0	0	0	0	0	0	0	0	0.253632933
1775	0	0	0	0	0	0	0	0	0.240270481
1780	0	0	0	0	0	0	0	0	0.226219133
1785	0	0	0	0	0	0	0	0	0.210813671
1790	0	0	0	0	0	0	0	0	0.196275935
1795	0	0	0	0	0	0	0	0	0.183200434
1800	0	0	0	0	0	0	0	0	0.171023503
1805	0	0	0	0	0	0	0	0	0.159168676
1810	0	0	0	0	0	0	0	0	0.147392184
1815	0	0	0	0	0	0	0	0	0.136592269
1820	0	0	0	0	0	0	0	0	0.126237646
1825	0	0	0	0	0	0	0	0	0.11647597
1830	0	0	0	0	0	0	0	0	0.107867599
1835	0	0	0	0	0	0	0	0	0.099796966
1840	0	0	0	0	0	0	0	0	0.091999285
1845	0	0	0	0	0	0	0	0	0.084281109
1850	0	0	0	0	0	0	0	0	0.077613682
1855	0	0	0	0	0	0	0	0	0.071410529
1860	0	0	0	0	0	0	0	0	0.065410972
1865	0	0	0	0	0	0	0	0	0.059971359
1870	0	0	0	0	0	0	0	0	0.054531746
1875	0	0	0	0	0	0	0	0	0.049599197
1880	0	0	0	0	0	0	0	0	0.045743316
1885	0	0	0	0	0	0	0	0	0.04188744
1890	0	0	0	0	0	0	0	0	0.038031563
1895	0	0	0	0	0	0	0	0	0.035144437
1900	0	0	0	0	0	0	0	0	0.032421801
1905	0	0	0	0	0	0	0	0	0.029699164
1910	0	0	0	0	0	0	0	0	0.027031321
1915	0	0	0	0	0	0	0	0	0.025556905
1920	0	0	0	0	0	0	0	0	0.024082487
1925	0	0	0	0	0	0	0	0	0.02260807
1930	0	0	0	0	0	0	0	0	0.021160554
1935	0	0	0	0	0	0	0	0	0.019801138
1940	0	0	0	0	0	0	0	0	0.01844172
1945	0	0	0	0	0	0	0	0	0.017082304
1950	0	0	0	0	0	0	0	0	0.015715919
1955	0	0	0	0	0	0	0	0	0.014340074
1960	0	0	0	0	0	0	0	0	0.012964228
1965	0	0	0	0	0	0	0	0	0.011588383
1970	0	0	0	0	0	0	0	0	0.010232716
1975	0	0	0	0	0	0	0	0	0.008889728
1980	0	0	0	0	0	0	0	0	0.00754674
1985	0	0	0	0	0	0	0	0	0.006203752
1990	0	0	0	0	0	0	0	0	0.004878382
1995	0	0	0	0	0	0	0	0	0.0035573
2000	0	0	0	0	0	0	0	0	0
