0.0	0.0	0.0	0.0
279.0	0.0	0.0	0.0
280.0	2.5361E-26	0.082	4.7309E-23
280.5	1.0917E-24	0.099	1.2307E-21
281.0	6.1253E-24	0.15	5.6895E-21
281.5	2.7479E-22	0.212	1.5662E-19
282.0	2.8346E-21	0.267	1.1946E-18
282.5	1.3271E-20	0.303	4.5436E-18
283.0	6.7646E-20	0.325	1.8452E-17
283.5	1.4614E-19	0.323	3.536E-17
284.0	4.9838E-18	0.299	7.267E-16
284.5	2.1624E-17	0.25024	2.4856E-15
285.0	8.9998E-17	0.17589	8.0142E-15
285.5	6.4424E-16	0.155	4.2613E-14
286.0	2.3503E-15	0.242	1.3684E-13
286.5	1.8458E-14	0.333	8.3823E-13
287.0	7.2547E-14	0.362	2.7367E-12
287.5	3.6618E-13	0.339	1.0903E-11
288.0	2.8061E-12	0.311	6.2337E-11
288.5	9.0651E-12	0.325	1.7162E-10
289.0	3.4978E-11	0.392	5.6265E-10
289.5	1.5368E-10	0.479	2.0749E-9
290.0	5.1454E-10	0.563	6.0168E-9
290.5	1.3303E-9	0.606	1.3783E-8
291.0	3.8965E-9	0.618	3.5052E-8
291.5	1.4425E-8	0.598	1.0913E-7
292.0	4.0789E-8	0.567	2.683E-7
292.5	7.0414E-8	0.529	4.2685E-7
293.0	1.576E-7	0.538	8.6466E-7
293.5	4.7095E-7	0.549	2.2707E-6
294.0	9.4558E-7	0.533	4.1744E-6
294.5	1.5965E-6	0.52	6.5911E-6
295.0	3.2246E-6	0.527	1.229E-5
295.5	8.0206E-6	0.559	2.7826E-5
296.0	1.4737E-5	0.573	4.7904E-5
296.5	2.3312E-5	0.521	7.1345E-5
297.0	3.3187E-5	0.478	9.68E-5
297.5	6.7912E-5	0.529	1.8608E-4
298.0	1.1127E-4	0.528	2.8988E-4
298.5	1.427E-4	0.468	3.5789E-4
299.0	2.0323E-4	0.472	4.9211E-4
299.5	3.7386E-4	0.501	8.6068E-4
300.0	4.5631E-4	0.45794	0.0010205
300.5	5.7207E-4	0.433	0.001245
301.0	9.1926E-4	0.463	0.00193
301.5	0.0013201	0.47756	0.0026914
302.0	0.001457	0.449	0.0029209
302.5	0.002191	0.508	0.004284
303.0	0.0037332	0.612	0.0070945
303.5	0.0048044	0.646	0.0089795
304.0	0.0050973	0.621	0.0094701
304.5	0.0064675	0.626	0.011953
305.0	0.0089336	0.642	0.016463
305.5	0.010186	0.611	0.018719
306.0	0.01015	0.565	0.018577
306.5	0.011568	0.575	0.021108
307.0	0.015246	0.605	0.027849
307.5	0.019468	0.631	0.035635
308.0	0.020753	0.645	0.037837
308.5	0.02275	0.6405	0.04143
309.0	0.022298	0.58	0.040534
309.5	0.023672	0.5	0.043306
310.0	0.027826	0.533	0.050939
310.5	0.035879	0.652	0.06554
311.0	0.045392	0.762	0.082922
311.5	0.046156	0.744	0.08408
312.0	0.050898	0.70615	0.093376
312.5	0.053766	0.676	0.098984
313.0	0.058323	0.694	0.10733
313.5	0.058999	0.724	0.10757
314.0	0.065266	0.717	0.11969
314.5	0.070476	0.676	0.1306
315.0	0.073686	0.6845	0.13625
315.5	0.064833	0.632	0.11838
316.0	0.067088	0.587	0.12348
316.5	0.081118	0.649	0.15036
317.0	0.09302	0.739	0.17158
317.5	0.099712	0.80189	0.18245
318.0	0.095815	0.72361	0.17594
318.5	0.10005	0.68	0.18591
319.0	0.10971	0.7058	0.2047
319.5	0.10693	0.73318	0.19589
320.0	0.11277	0.775	0.20527
320.5	0.13305	0.826	0.24525
321.0	0.13414	0.76546	0.25024
321.5	0.12817	0.719	0.23843
322.0	0.122	0.73513	0.22203
322.5	0.1197	0.71152	0.21709
323.0	0.11623	0.649	0.21226
323.5	0.13393	0.68138	0.24861
324.0	0.14852	0.7405	0.27537
324.5	0.15467	0.788	0.28321
325.0	0.15504	0.82918	0.27894
325.5	0.17936	0.91377	0.32436
326.0	0.20868	0.99835	0.3812
326.5	0.22162	1.0166	0.40722
327.0	0.21834	1.0047	0.39806
327.5	0.21285	0.98679	0.38465
328.0	0.19773	0.95681	0.35116
328.5	0.20675	0.934	0.37164
329.0	0.23297	1.0046	0.42235
329.5	0.25864	1.0958	0.46878
330.0	0.26192	1.1098	0.47139
330.5	0.24103	1.0429	0.428
331.0	0.22835	0.991	0.40262
331.5	0.23635	0.99396	0.41806
332.0	0.24508	0.99277	0.43623
332.5	0.24655	0.98003	0.43919
333.0	0.24263	0.96394	0.42944
333.5	0.23265	0.937	0.40724
334.0	0.23823	0.95557	0.41497
334.5	0.25434	0.98862	0.44509
335.0	0.26477	1.0097	0.46388
335.5	0.25894	0.97453	0.45313
336.0	0.23813	0.88979	0.41519
336.5	0.22099	0.829	0.38214
337.0	0.21767	0.818	0.3738
337.5	0.23434	0.87732	0.40051
338.0	0.25321	0.92529	0.43411
338.5	0.26549	0.95783	0.45527
339.0	0.27096	0.96863	0.46355
339.5	0.27847	0.989	0.47446
340.0	0.29659	1.0544	0.5018
340.5	0.29674	1.0463	0.50071
341.0	0.27932	0.971	0.47139
341.5	0.27853	0.959	0.46935
342.0	0.29121	0.9957	0.48934
342.5	0.30296	1.0277	0.50767
343.0	0.30857	1.0417	0.51489
343.5	0.29246	0.98301	0.48609
344.0	0.25352	0.85416	0.41843
344.5	0.24439	0.813	0.40307
345.0	0.27854	0.91583	0.45898
345.5	0.29761	0.97021	0.48932
346.0	0.29132	0.94269	0.47778
346.5	0.29747	0.95594	0.48657
347.0	0.30318	0.96954	0.49404
347.5	0.29351	0.93318	0.47674
348.0	0.29306	0.92472	0.47511
348.5	0.29884	0.93721	0.48336
349.0	0.28864	0.899	0.46564
349.5	0.2972	0.91969	0.47805
350.0	0.32913	1.0122	0.52798
350.5	0.35471	1.0849	0.56741
351.0	0.34603	1.0534	0.55172
351.5	0.33388	1.0129	0.53022
352.0	0.32674	0.98383	0.51791
352.5	0.30954	0.926	0.48962
353.0	0.32975	0.98012	0.5204
353.5	0.36351	1.0752	0.57228
354.0	0.38523	1.1346	0.60498
354.5	0.39043	1.144	0.61156
355.0	0.3914	1.1406	0.6114
355.5	0.37878	1.0964	0.59028
356.0	0.35627	1.025	0.55387
356.5	0.33495	0.95914	0.51942
357.0	0.29527	0.842	0.45673
357.5	0.2995	0.85015	0.46215
358.0	0.27936	0.78916	0.43006
358.5	0.25998	0.731	0.39926
359.0	0.3065	0.85805	0.46953
359.5	0.37013	1.0321	0.56549
360.0	0.3924	1.089	0.59817
360.5	0.37167	1.0265	0.56531
361.0	0.34278	0.9415	0.52024
361.5	0.33647	0.918	0.50956
362.0	0.3535	0.958	0.5342
362.5	0.38804	1.045	0.5851
363.0	0.40005	1.071	0.60191
363.5	0.38994	1.038	0.58541
364.0	0.40472	1.0716	0.60628
364.5	0.40179	1.059	0.60058
365.0	0.4181	1.097	0.62359
365.5	0.4611	1.2041	0.68628
366.0	0.49508	1.286	0.73532
366.5	0.49694	1.2843	0.73658
367.0	0.48869	1.2577	0.72285
367.5	0.48041	1.2317	0.70914
368.0	0.45319	1.157	0.66759
368.5	0.45106	1.1459	0.6631
369.0	0.47244	1.1944	0.69315
369.5	0.50856	1.2795	0.74469
370.0	0.51666	1.2934	0.75507
370.5	0.46798	1.166	0.68261
371.0	0.47628	1.1811	0.69338
371.5	0.49587	1.2249	0.72051
372.0	0.46506	1.1444	0.67444
372.5	0.44389	1.0876	0.64253
373.0	0.42833	1.0445	0.61886
373.5	0.38682	0.939	0.55786
374.0	0.38651	0.93442	0.5564
374.5	0.38435	0.925	0.55227
375.0	0.41087	0.985	0.5893
375.5	0.45514	1.0874	0.65162
376.0	0.47218	1.124	0.6748
376.5	0.46538	1.104	0.6639
377.0	0.50014	1.1813	0.71225
377.5	0.5589	1.3149	0.79455
378.0	0.60314	1.4144	0.85595
378.5	0.58892	1.3765	0.83418
379.0	0.52616	1.226	0.74389
379.5	0.47255	1.098	0.66683
380.0	0.49751	1.152	0.70077
380.5	0.53396	1.231	0.75075
381.0	0.54424	1.249	0.76383
381.5	0.49135	1.1224	0.68837
382.0	0.41958	0.95426	0.58678
382.5	0.36361	0.82313	0.50762
383.0	0.32648	0.73603	0.45499
383.5	0.31658	0.71095	0.44049
384.0	0.36689	0.821	0.50968
384.5	0.44239	0.9862	0.61359
385.0	0.48638	1.0802	0.67355
385.5	0.46549	1.0296	0.64363
386.0	0.44984	0.99113	0.621
386.5	0.46848	1.0279	0.6457
387.0	0.47343	1.0354	0.65147
387.5	0.46731	1.0186	0.64204
388.0	0.4635	1.0067	0.63582
388.5	0.46096	0.99743	0.63136
389.0	0.50121	1.081	0.68543
389.5	0.55637	1.1958	0.7597
390.0	0.58457	1.2519	0.79699
390.5	0.59038	1.2601	0.80371
391.0	0.62634	1.3322	0.85138
391.5	0.63617	1.349	0.86344
392.0	0.58656	1.24	0.79493
392.5	0.48961	1.0312	0.66257
393.0	0.35502	0.745	0.47975
393.5	0.28272	0.5912	0.38152
394.0	0.3678	0.76675	0.49567
394.5	0.50811	1.0557	0.68385
395.0	0.60096	1.245	0.80772
395.5	0.64101	1.3245	0.86038
396.0	0.56443	1.1626	0.75655
396.5	0.41101	0.8433	0.55017
397.0	0.31882	0.652	0.42619
397.5	0.47151	0.96142	0.62945
398.0	0.63944	1.301	0.85249
398.5	0.75622	1.5342	1.0069
399.0	0.80408	1.6245	1.0693
399.5	0.8298	1.6717	1.1021
400.0	0.83989	1.6885	1.1141
401.0	0.87691	1.752	1.1603
402.0	0.91387	1.814	1.2061
403.0	0.88211	1.74	1.1613
404.0	0.89849	1.763	1.1801
405.0	0.87849	1.715	1.1511
406.0	0.85878	1.666	1.1227
407.0	0.84545	1.63	1.1026
408.0	0.88488	1.699	1.1514
409.0	0.94717	1.809	1.2299
410.0	0.8091	1.537	1.0485
411.0	0.9077	1.715	1.1738
412.0	0.96686	1.816	1.2478
413.0	0.92951	1.7392	1.1971
414.0	0.92134	1.7144	1.1842
415.0	0.95569	1.7688	1.2258
416.0	0.98628	1.815	1.2624
417.0	0.96392	1.766	1.2312
418.0	0.92392	1.685	1.1777
419.0	0.96354	1.749	1.2258
420.0	0.88467	1.599	1.1232
421.0	1.0067	1.811	1.2757
422.0	0.99499	1.782	1.2583
423.0	0.96531	1.721	1.2184
424.0	0.96182	1.708	1.2117
425.0	0.99312	1.755	1.2488
426.0	0.96667	1.699	1.2135
427.0	0.9355	1.638	1.1724
428.0	0.94625	1.651	1.1839
429.0	0.87766	1.523	1.0963
430.0	0.70134	1.212	0.87462
431.0	0.63779	1.099	0.79394
432.0	1.0628	1.822	1.3207
433.0	0.9905	1.6913	1.2288
434.0	0.91653	1.56	1.1352
435.0	1.007	1.709	1.2452
436.0	1.1061	1.868	1.3659
437.0	1.1306	1.9	1.3943
438.0	0.99368	1.663	1.2238
439.0	0.95753	1.601	1.1775
440.0	1.0993	1.83	1.3499
441.0	1.0859	1.799	1.3313
442.0	1.164	1.922	1.425
443.0	1.1823	1.949	1.4453
444.0	1.1537	1.8941	1.4084
445.0	1.1992	1.965	1.4619
446.0	1.0766	1.7557	1.3108
447.0	1.2257	1.99	1.4903
448.0	1.2422	2.014	1.5081
449.0	1.2409	2.001	1.5045
450.0	1.2881	2.069	1.5595
452.0	1.2822	2.047	1.6173
453.0	1.1854	1.8864	1.5482
454.0	1.273	2.018	1.4297
455.0	1.2655	2.001	1.5335
456.0	1.3088	2.063	1.5224
457.0	1.3213	2.077	1.5724
458.0	1.2946	2.032	1.5854
459.0	1.2859	2.012	1.5514
460.0	1.2791	1.9973	1.5391
461.0	1.3255	2.0639	1.5291
462.0	1.3392	2.078	1.5827
463.0	1.3452	2.084	1.5975
464.0	1.3055	2.015	1.6031
465.0	1.2905	1.984	1.5544
466.0	1.319	2.021	1.535
467.0	1.2616	1.931	1.5673
468.0	1.3178	2.012	1.4973
469.0	1.3247	2.018	1.5619
470.0	1.2749	1.939	1.5682
471.0	1.2975	1.969	1.5077
472.0	1.3661	2.07	1.5331
473.0	1.3144	1.9882	1.6126
474.0	1.3304	2.012	1.5499
475.0	1.3755	2.08	1.5671
476.0	1.3299	2.012	1.6185
477.0	1.3392	2.025	1.5631
478.0	1.3839	2.086	1.5724
479.0	1.3586	2.04	1.623
480.0	1.3825	2.068	1.5916
481.0	1.3836	2.061	1.6181
482.0	1.3899	2.0623	1.6177
483.0	1.3742	2.031	1.6236
484.0	1.3492	1.989	1.6038
485.0	1.3457	1.979	1.5734
486.0	1.0918	1.601	1.5683
487.0	1.2235	1.789	1.2716
488.0	1.3252	1.935	1.4241
489.0	1.2492	1.8224	1.5413
490.0	1.3968	2.032	1.4519
491.0	1.3435	1.949	1.6224
492.0	1.2818	1.856	1.5595
493.0	1.3719	1.983	1.4869
494.0	1.3402	1.9339	1.5903
495.0	1.4238	2.051	1.5525
496.0	1.3548	1.949	1.6485
497.0	1.3788	1.98	1.5676
498.0	1.3421	1.924	1.5944
499.0	1.3429	1.923	1.5509
500.0	1.3391	1.916	1.5507
501.0	1.299	1.858	1.5451
502.0	1.2991	1.86	1.4978
503.0	1.3597	1.949	1.4966
504.0	1.2682	1.833	1.5653
505.0	1.3598	1.9472	1.4587
506.0	1.4153	2.025	1.5635
507.0	1.3548	1.9354	1.6264
508.0	1.321	1.88	1.556
509.0	1.385	1.965	1.5165
510.0	1.3497	1.91	1.5893
511.0	1.3753	1.941	1.5481
512.0	1.4125	1.989	1.5769
513.0	1.3277	1.866	1.6186
514.0	1.3003	1.824	1.5206
515.0	1.3385	1.875	1.4885
516.0	1.3514	1.891	1.5314
517.0	1.1017	1.539	1.5455
518.0	1.2605	1.759	1.2594
519.0	1.2222	1.704	1.4403
520.0	1.3349	1.86	1.3957
521.0	1.3452	1.873	1.5236
522.0	1.376	1.915	1.5346
523.0	1.2976	1.804	1.569
524.0	1.3962	1.941	1.4789
525.0	1.3859	1.928	1.5905
526.0	1.3479	1.874	1.5781
527.0	1.1795	1.641	1.5341
528.0	1.3508	1.88	1.3417
529.0	1.4142	1.969	1.5357
530.0	1.3598	1.892	1.6071
531.0	1.4348	1.995	1.5446
532.0	1.4094	1.958	1.6292
533.0	1.259	1.747	1.5998
534.0	1.3491	1.869	1.4286
535.0	1.3701	1.895	1.5302
536.0	1.4292	1.974	1.5535
537.0	1.3229	1.824	1.6199
538.0	1.3896	1.913	1.4989
539.0	1.3558	1.864	1.5738
540.0	1.3096	1.8	1.5352
541.0	1.2595	1.734	1.4825
542.0	1.3714	1.888	1.4251
543.0	1.3493	1.851	1.5511
544.0	1.3971	1.919	1.5256
545.0	1.3657	1.874	1.5792
546.0	1.3536	1.8609	1.5435
547.0	1.3717	1.882	1.5291
548.0	1.3331	1.826	1.549
549.0	1.3752	1.88	1.5049
550.0	1.3648	1.863	1.552
551.0	1.3639	1.859	1.5399
552.0	1.3923	1.896	1.5382
553.0	1.3533	1.842	1.5697
554.0	1.3802	1.878	1.525
555.0	1.3883	1.889	1.5549
556.0	1.3651	1.857	1.5634
557.0	1.3321	1.812	1.5366
558.0	1.3613	1.853	1.4988
559.0	1.2885	1.755	1.531
560.0	1.3118	1.786	1.4483
561.0	1.3885	1.89	1.474
562.0	1.3225	1.801	1.5595
563.0	1.3731	1.871	1.4847
564.0	1.3466	1.836	1.5408
565.0	1.3555	1.849	1.5106
566.0	1.2823	1.75	1.5201
567.0	1.3673	1.868	1.4374
568.0	1.3554	1.859	1.532
569.0	1.3228	1.831	1.518
570.0	1.324	1.828	1.4807
571.0	1.281	1.762	1.4816
572.0	1.3534	1.872	1.4331
573.0	1.3595	1.881	1.5134
574.0	1.3527	1.873	1.5198
575.0	1.3225	1.834	1.5119
576.0	1.3118	1.818	1.4777
577.0	1.3452	1.862	1.4654
578.0	1.304	1.799	1.5023
579.0	1.323	1.816	1.456
580.0	1.3455	1.834	1.477
581.0	1.3518	1.833	1.502
582.0	1.3729	1.852	1.5089
583.0	1.3872	1.863	1.532
584.0	1.3845	1.854	1.5479
585.0	1.3737	1.836	1.5448
586.0	1.3409	1.792	1.5324
587.0	1.3708	1.838	1.4953
588.0	1.3403	1.821	1.5281
589.0	1.1582	1.624	1.4934
590.0	1.2316	1.7218	1.2894
591.0	1.3171	1.809	1.3709
592.0	1.29	1.788	1.4662
593.0	1.3086	1.792	1.4354
594.0	1.3029	1.789	1.4561
595.0	1.287	1.778	1.4491
596.0	1.326	1.796	1.4308
597.0	1.3303	1.806	1.4745
598.0	1.3142	1.772	1.4788
599.0	1.3145	1.764	1.4607
600.0	1.3278	1.77	1.4606
601.0	1.3123	1.742	1.4753
602.0	1.2928	1.715	1.4579
603.0	1.3205	1.749	1.436
604.0	1.3439	1.779	1.4664
605.0	1.3418	1.773	1.4921
606.0	1.3353	1.758	1.4895
607.0	1.3434	1.762	1.4822
608.0	1.3392	1.751	1.4911
609.0	1.3292	1.734	1.4862
610.0	1.3237	1.724	1.4749
611.0	1.317	1.712	1.4686
612.0	1.337	1.736	1.4611
613.0	1.3182	1.71	1.4831
614.0	1.2783	1.655	1.4621
615.0	1.3254	1.712	1.4176
616.0	1.2906	1.664	1.4697
617.0	1.2744	1.641	1.431
618.0	1.3228	1.702	1.4128
619.0	1.3292	1.709	1.4664
620.0	1.3299	1.711	1.4733
621.0	1.3359	1.724	1.4739
622.0	1.2882	1.6784	1.4802
623.0	1.2793	1.682	1.4269
624.0	1.2751	1.667	1.4165
625.0	1.2667	1.644	1.4118
626.0	1.2655	1.64	1.4026
627.0	1.3022	1.693	1.4012
628.0	1.2328	1.693	1.4417
629.0	1.2758	1.687	1.3631
630.0	1.2589	1.665	1.4114
631.0	1.2799	1.659	1.3924
632.0	1.2327	1.5901	1.4161
633.0	1.311	1.674	1.3638
634.0	1.2907	1.637	1.4508
635.0	1.3065	1.652	1.4284
636.0	1.2768	1.6093	1.4458
637.0	1.3204	1.661	1.4128
638.0	1.3292	1.665	1.461
639.0	1.3238	1.653	1.4707
640.0	1.2962	1.613	1.4646
641.0	1.297	1.61	1.434
642.0	1.2995	1.609	1.4348
643.0	1.313	1.625	1.4376
644.0	1.3074	1.614	1.4525
645.0	1.317	1.627	1.4462
646.0	1.2797	1.591	1.4567
647.0	1.2744	1.606	1.415
648.0	1.2625	1.602	1.4086
649.0	1.2234	1.551	1.3952
650.0	1.2299	1.526	1.3519
651.0	1.3071	1.613	1.3594
652.0	1.2558	1.591	1.4447
653.0	1.295	1.598	1.3871
654.0	1.2807	1.575	1.4311
655.0	1.222	1.523	1.4153
656.0	1.0727	1.3233	1.3499
657.0	1.1218	1.384	1.1851
658.0	1.254	1.539	1.2393
659.0	1.2586	1.542	1.3855
660.0	1.2668	1.558	1.3905
661.0	1.2618	1.566	1.3992
662.0	1.2518	1.571	1.3933
663.0	1.2539	1.563	1.3819
664.0	1.2647	1.554	1.3844
665.0	1.2871	1.567	1.3967
666.0	1.286	1.555	1.4214
667.0	1.2767	1.5354	1.4203
668.0	1.281	1.5348	1.4102
669.0	1.3032	1.558	1.415
670.0	1.2853	1.534	1.4394
671.0	1.2829	1.529	1.4196
672.0	1.2651	1.506	1.4169
673.0	1.276	1.517	1.3972
674.0	1.2742	1.513	1.4094
675.0	1.2639	1.499	1.4074
676.0	1.2786	1.515	1.3958
677.0	1.2669	1.5	1.412
678.0	1.2737	1.507	1.3991
679.0	1.2629	1.493	1.4066
680.0	1.265	1.494	1.3947
681.0	1.2601	1.487	1.3969
682.0	1.2662	1.493	1.3915
683.0	1.2526	1.476	1.3981
684.0	1.2445	1.466	1.383
685.0	1.2454	1.465	1.3739
686.0	1.2174	1.433	1.3748
687.0	0.88285	1.472	1.3438
688.0	1.0195	1.476	0.96824
689.0	1.026	1.478	1.1206
690.0	1.0746	1.479	1.1278
691.0	1.1201	1.468	1.1821
692.0	1.1516	1.454	1.2333
693.0	1.1446	1.458	1.2689
694.0	1.1318	1.457	1.2609
695.0	1.1538	1.435	1.2464
696.0	1.1513	1.442	1.2714
697.0	1.2151	1.438	1.2684
698.0	1.1961	1.417	1.3403
699.0	1.1721	1.434	1.3192
700.0	1.1636	1.422	1.2918
701.0	1.1489	1.4131	1.2823
702.0	1.15	1.3987	1.2659
703.0	1.1567	1.4095	1.2674
704.0	1.1864	1.4187	1.2747
705.0	1.1989	1.433	1.3078
706.0	1.1925	1.4138	1.3214
707.0	1.1875	1.404	1.3144
708.0	1.1839	1.399	1.309
709.0	1.188	1.39	1.3048
710.0	1.1954	1.404	1.3095
711.0	1.1934	1.397	1.3175
712.0	1.1856	1.3818	1.3155
713.0	1.1719	1.3702	1.3071
714.0	1.1823	1.3819	1.2918
715.0	1.1428	1.3502	1.3029
716.0	1.1548	1.3694	1.2587
717.0	1.0081	1.365	1.2716
718.0	0.93873	1.357	1.1071
719.0	0.84274	1.301	1.0296
720.0	0.8994	1.3487	0.92318
721.0	0.98967	1.348	0.9855
722.0	1.1281	1.36	1.0861
723.0	1.0423	1.351	1.2407
724.0	0.96305	1.3607	1.1444
725.0	0.94741	1.3465	1.0555
726.0	0.98638	1.3429	1.038
727.0	0.98988	1.3444	1.0813
728.0	0.94968	1.337	1.085
729.0	0.95503	1.2796	1.04
730.0	1.0294	1.3357	1.0466
731.0	0.97702	1.3104	1.1285
732.0	1.052	1.3333	1.0703
733.0	1.0901	1.3108	1.1534
734.0	1.1261	1.339	1.1962
735.0	1.1101	1.3271	1.2357
736.0	1.0994	1.31	1.2178
737.0	1.0978	1.312	1.2059
738.0	1.1184	1.3	1.2039
739.0	1.0855	1.2646	1.2269
740.0	1.1119	1.283	1.1905
741.0	1.1078	1.2707	1.2195
742.0	1.1084	1.2649	1.2148
743.0	1.1316	1.2892	1.2153
744.0	1.1408	1.2955	1.2405
745.0	1.1404	1.292	1.2503
746.0	1.1381	1.2892	1.2497
747.0	1.1389	1.289	1.247
748.0	1.1323	1.2808	1.2477
749.0	1.1286	1.276	1.2401
750.0	1.1273	1.274	1.2357
751.0	1.1224	1.268	1.2341
752.0	1.1265	1.272	1.2286
753.0	1.121	1.265	1.233
754.0	1.1353	1.2809	1.2266
755.0	1.1321	1.2771	1.242
756.0	1.1185	1.261	1.2383
757.0	1.1176	1.2598	1.2232
758.0	1.1246	1.268	1.2221
759.0	1.0932	1.25	1.2295
760.0	0.24716	1.259	1.1945
761.0	0.14328	1.2487	0.26604
762.0	0.63491	1.246	0.15396
763.0	0.35217	1.2543	0.68766
764.0	0.49885	1.2566	0.37952
765.0	0.63377	1.2452	0.53878
766.0	0.7508	1.2	0.68601
767.0	0.89574	1.212	0.81461
768.0	1.0222	1.231	0.97417
769.0	1.0347	1.2142	1.1138
770.0	1.0646	1.2146	1.1278
771.0	1.0716	1.2073	1.1608
772.0	1.0802	1.212	1.1686
773.0	1.0797	1.21	1.1778
774.0	1.08	1.209	1.1771
775.0	1.0801	1.208	1.1771
776.0	1.0827	1.2102	1.1771
777.0	1.0764	1.2028	1.1798
778.0	1.0754	1.2014	1.1727
779.0	1.0803	1.2067	1.1713
780.0	1.0687	1.193	1.1765
781.0	1.0662	1.1898	1.1636
782.0	1.0714	1.195	1.1607
783.0	1.0672	1.1896	1.1662
784.0	1.0602	1.181	1.1614
785.0	1.0649	1.1874	1.1536
786.0	1.0656	1.189	1.1586
787.0	1.053	1.1877	1.1592
788.0	1.0399	1.18	1.145
789.0	1.0359	1.1812	1.1305
790.0	1.0045	1.1704	1.1257
791.0	1.0179	1.1632	1.091
792.0	1.0084	1.15	1.1058
793.0	1.0015	1.1449	1.0953
794.0	1.0101	1.126	1.0875
795.0	1.0066	1.128	1.0972
796.0	0.98985	1.1427	1.0932
797.0	1.0057	1.158	1.0742
798.0	1.0245	1.1501	1.0913
799.0	1.0048	1.135	1.1121
800.0	0.98859	1.1248	1.0905
801.0	0.99978	1.1427	1.0725
802.0	1.0011	1.1422	1.0843
803.0	0.98288	1.1241	1.0856
804.0	0.99452	1.1342	1.0657
805.0	0.9727	1.1001	1.0782
806.0	1.0122	1.1309	1.0545
807.0	1.0018	1.123	1.0974
808.0	0.99844	1.1162	1.0859
809.0	0.97353	1.098	1.0821
810.0	0.97488	1.11	1.0548
811.0	0.97273	1.1143	1.0559
812.0	0.94882	1.116	1.0533
813.0	0.93236	1.118	1.0268
814.0	0.83681	1.1174	1.0086
815.0	0.82927	1.1091	0.90356
816.0	0.77171	1.105	0.89523
817.0	0.78984	1.1083	0.83216
818.0	0.76299	1.0861	0.85183
819.0	0.83844	1.0738	0.82259
820.0	0.79899	1.074	0.90519
821.0	0.92292	1.076	0.86188
822.0	0.88081	1.056	0.99764
823.0	0.62576	1.076	0.95157
824.0	0.86619	1.0715	0.67271
825.0	0.89752	1.0699	0.93506
826.0	0.8653	1.0759	0.96935
827.0	0.91178	1.0762	0.93381
828.0	0.7887	1.0749	0.98465
829.0	0.86135	1.062	0.84979
830.0	0.8493	1.0563	0.9293
831.0	0.85666	1.056	0.91601
832.0	0.82961	1.055	0.92392
833.0	0.88622	1.0327	0.89426
834.0	0.86608	1.0459	0.9565
835.0	0.92917	1.0476	0.93412
836.0	0.90135	1.0597	1.0032
837.0	0.93493	1.0511	0.97234
838.0	0.92585	1.0549	1.0092
839.0	0.92783	1.04	0.99901
840.0	0.94124	1.05	1.0013
841.0	0.93626	1.052	1.0157
842.0	0.92411	1.0287	1.0101
843.0	0.93171	1.0271	0.99703
844.0	0.91434	1.014	1.0053
845.0	0.94226	1.036	0.98631
846.0	0.94447	1.037	1.0165
847.0	0.91947	1.006	1.0187
848.0	0.9201	1.011	0.9917
849.0	0.91447	1.005	0.99217
850.0	0.829	0.91	0.98596
851.0	0.90454	0.998	0.89372
852.0	0.89942	0.99	0.97493
853.0	0.8954	0.981	0.96927
854.0	0.79	0.869	0.96486
855.0	0.84746	0.927	0.85112
856.0	0.90343	0.99017	0.913
857.0	0.92059	1.0056	0.97317
858.0	0.92094	1.007	0.99166
859.0	0.92081	1.005	0.99196
860.0	0.91764	1.0	0.99171
861.0	0.91648	0.999	0.98816
862.0	0.92367	1.006	0.98679
863.0	0.92934	1.012	0.99449
864.0	0.90956	0.99006	1.0005
865.0	0.89487	0.97354	0.97916
866.0	0.78882	0.858	0.96324
867.0	0.85066	0.925	0.849
868.0	0.8914	0.969	0.91546
869.0	0.88252	0.959	0.9592
870.0	0.89933	0.977	0.94956
871.0	0.88671	0.96317	0.96755
872.0	0.89887	0.976	0.95387
873.0	0.88999	0.96614	0.96686
874.0	0.87451	0.94913	0.95721
875.0	0.86204	0.93562	0.94042
876.0	0.88625	0.962	0.92687
877.0	0.88948	0.965	0.95277
878.0	0.88607	0.962	0.95615
879.0	0.87144	0.94571	0.95237
880.0	0.87434	0.94856	0.93656
881.0	0.84563	0.91963	0.93957
882.0	0.86787	0.94408	0.90861
883.0	0.86494	0.9393	0.93245
884.0	0.86859	0.94352	0.92927
885.0	0.87913	0.95469	0.93305
886.0	0.84515	0.92558	0.94423
887.0	0.84799	0.923	0.90752
888.0	0.85899	0.94066	0.91062
889.0	0.87041	0.94367	0.92228
890.0	0.86078	0.94236	0.93455
891.0	0.86255	0.93928	0.92393
892.0	0.84688	0.93259	0.92584
893.0	0.81412	0.918	0.90881
894.0	0.79413	0.924	0.87327
895.0	0.75956	0.926	0.8513
896.0	0.71265	0.93425	0.81357
897.0	0.6231	0.92686	0.76253
898.0	0.67137	0.92378	0.66566
899.0	0.51461	0.91396	0.7178
900.0	0.69429	0.91378	0.54871
901.0	0.56162	0.89834	0.7426
902.0	0.625	0.8772	0.59933
903.0	0.64483	0.92233	0.66791
904.0	0.78862	0.921	0.68889
905.0	0.76337	0.918	0.84457
906.0	0.72502	0.9078	0.81709
907.0	0.59833	0.9145	0.77558
908.0	0.61091	0.90143	0.63854
909.0	0.65912	0.88552	0.65217
910.0	0.58553	0.89496	0.70431
911.0	0.6258	0.8973	0.62467
912.0	0.64508	0.89016	0.66808
913.0	0.58906	0.9002	0.68893
914.0	0.5874	0.8982	0.62834
915.0	0.6355	0.8883	0.62649
916.0	0.54099	0.8947	0.67836
917.0	0.6835	0.8886	0.57646
918.0	0.55612	0.8881	0.73017
919.0	0.69161	0.8921	0.59271
920.0	0.69657	0.8854	0.73877
921.0	0.73004	0.8703	0.74414
922.0	0.65584	0.8628	0.78049
923.0	0.69698	0.83335	0.70026
924.0	0.67571	0.86957	0.74504
925.0	0.66621	0.87642	0.7215
926.0	0.65875	0.84561	0.7111
927.0	0.73684	0.87809	0.70331
928.0	0.55363	0.8711	0.78742
929.0	0.51792	0.86954	0.58968
930.0	0.40679	0.86866	0.55127
931.0	0.3854	0.87078	0.4321
932.0	0.28386	0.86514	0.40921
933.0	0.23459	0.86958	0.30086
934.0	0.13604	0.86709	0.24841
935.0	0.2369	0.85601	0.1438
936.0	0.15267	0.85222	0.25084
937.0	0.15453	0.85368	0.16142
938.0	0.18962	0.85936	0.16338
939.0	0.37591	0.85676	0.20058
940.0	0.44411	0.84	0.39887
941.0	0.35071	0.83153	0.47181
942.0	0.38192	0.80616	0.37195
943.0	0.26289	0.83814	0.40532
944.0	0.26987	0.81854	0.27834
945.0	0.34729	0.82441	0.28579
946.0	0.18409	0.83138	0.36821
947.0	0.3501	0.82809	0.19461
948.0	0.25911	0.83137	0.37112
949.0	0.46514	0.83303	0.27423
950.0	0.13944	0.82867	0.49396
951.0	0.45563	0.82019	0.14726
952.0	0.25418	0.82402	0.48378
953.0	0.32442	0.8205	0.26891
954.0	0.39988	0.812	0.34362
955.0	0.32204	0.769	0.42411
956.0	0.30996	0.802	0.34117
957.0	0.25591	0.80583	0.32821
958.0	0.43453	0.81147	0.27067
959.0	0.35294	0.81483	0.46101
960.0	0.39685	0.80627	0.37385
961.0	0.43481	0.79982	0.42066
962.0	0.41664	0.80173	0.4612
963.0	0.47585	0.79761	0.44174
964.0	0.43242	0.78808	0.50503
965.0	0.47469	0.79579	0.4586
966.0	0.47377	0.78598	0.50374
967.0	0.47353	0.79503	0.50275
968.0	0.61301	0.78526	0.5024
969.0	0.6448	0.78789	0.6521
970.0	0.59689	0.7914	0.68622
971.0	0.67059	0.78186	0.63461
972.0	0.64629	0.78785	0.71397
973.0	0.57081	0.78149	0.68765
974.0	0.5417	0.76882	0.60648
975.0	0.55536	0.77348	0.57529
976.0	0.53872	0.78054	0.58987
977.0	0.60084	0.77208	0.57191
978.0	0.57903	0.778	0.63864
979.0	0.60046	0.7665	0.61509
980.0	0.56941	0.77512	0.63815
981.0	0.67058	0.773	0.60468
982.0	0.65102	0.77879	0.71338
983.0	0.62915	0.77541	0.69218
984.0	0.6929	0.76881	0.66865
985.0	0.64734	0.77081	0.73732
986.0	0.70553	0.7662	0.68817
987.0	0.69489	0.76606	0.75083
988.0	0.69059	0.76368	0.73928
989.0	0.70391	0.755	0.73462
990.0	0.68843	0.75694	0.74906
991.0	0.70833	0.76161	0.73227
992.0	0.70597	0.75714	0.75358
993.0	0.69325	0.75639	0.75102
994.0	0.70891	0.75851	0.73728
995.0	0.70673	0.75392	0.7541
996.0	0.70409	0.75347	0.75176
997.0	0.69555	0.743	0.74884
998.0	0.69481	0.743	0.73971
999.0	0.69455	0.742	0.73887
1000.0	0.69159	0.74255	0.73857
1001.0	0.70013	0.74741	0.73532
1002.0	0.68498	0.74677	0.74442
1003.0	0.69086	0.73836	0.72805
1004.0	0.68056	0.73133	0.73442
1005.0	0.6414	0.68365	0.72336
1006.0	0.67047	0.7177	0.68174
1007.0	0.68463	0.73093	0.71252
1008.0	0.68407	0.73339	0.72753
1009.0	0.67742	0.72934	0.72685
1010.0	0.67695	0.73055	0.71972
1011.0	0.68034	0.72562	0.71914
1012.0	0.67667	0.72496	0.72278
1013.0	0.67556	0.7196	0.71877
1014.0	0.67848	0.72265	0.71761
1015.0	0.66676	0.71062	0.72068
1016.0	0.66976	0.71419	0.70817
1017.0	0.66237	0.70659	0.71129
1018.0	0.67263	0.71566	0.70337
1019.0	0.6488	0.69606	0.71422
1020.0	0.65839	0.70127	0.68878
1021.0	0.66107	0.703	0.69896
1022.0	0.6498	0.693	0.70175
1023.0	0.6549	0.699	0.6897
1024.0	0.65077	0.70057	0.69508
1025.0	0.65727	0.69918	0.69058
1026.0	0.65625	0.69943	0.69753
1027.0	0.65318	0.69594	0.69636
1028.0	0.65398	0.69722	0.69305
1029.0	0.64687	0.69	0.69385
1030.0	0.65092	0.69208	0.68628
1031.0	0.64799	0.68985	0.69055
1032.0	0.64852	0.6896	0.68736
1033.0	0.63751	0.678	0.68787
1034.0	0.64136	0.68181	0.67613
1035.0	0.64348	0.684	0.68015
1036.0	0.64323	0.68431	0.68234
1037.0	0.63664	0.67731	0.68202
1038.0	0.63361	0.674	0.67497
1039.0	0.63802	0.679	0.67172
1040.0	0.63366	0.6744	0.67636
1041.0	0.63379	0.6749	0.6717
1042.0	0.63406	0.67516	0.67176
1043.0	0.62773	0.6686	0.672
1044.0	0.63067	0.67199	0.66525
1045.0	0.62712	0.66846	0.66833
1046.0	0.61078	0.65131	0.66452
1047.0	0.62008	0.66155	0.64714
1048.0	0.62559	0.66781	0.65694
1049.0	0.62206	0.66491	0.66274
1050.0	0.61802	0.66117	0.65896
1051.0	0.61862	0.66182	0.65463
1052.0	0.61487	0.65848	0.65521
1053.0	0.61302	0.65698	0.65118
1054.0	0.61048	0.65474	0.64919
1055.0	0.61242	0.65753	0.64646
1056.0	0.61055	0.65629	0.64847
1057.0	0.6091	0.6554	0.64641
1058.0	0.60286	0.64937	0.64482
1059.0	0.58453	0.63046	0.63818
1060.0	0.60073	0.64831	0.61875
1061.0	0.58694	0.63387	0.63585
1062.0	0.59782	0.64651	0.62121
1063.0	0.58815	0.63669	0.63266
1064.0	0.59722	0.64621	0.62239
1065.0	0.59461	0.64533	0.63196
1066.0	0.5833	0.63139	0.62913
1067.0	0.58637	0.63517	0.61713
1068.0	0.58561	0.63591	0.62032
1069.0	0.55428	0.60084	0.61944
1070.0	0.57178	0.62165	0.58626
1071.0	0.58304	0.62821	0.60469
1072.0	0.58194	0.63131	0.61661
1073.0	0.57086	0.61796	0.61536
1074.0	0.5878	0.63063	0.60363
1075.0	0.56054	0.61768	0.62158
1076.0	0.58141	0.62468	0.59252
1077.0	0.57175	0.62426	0.61471
1078.0	0.57076	0.62531	0.60434
1079.0	0.5721	0.61203	0.60321
1080.0	0.56519	0.6225	0.60474
1081.0	0.54973	0.60726	0.59722
1082.0	0.55773	0.60249	0.58083
1083.0	0.56603	0.609	0.5894
1084.0	0.54775	0.61392	0.59814
1085.0	0.56163	0.61181	0.57852
1086.0	0.52496	0.6157	0.5933
1087.0	0.53685	0.59145	0.5541
1088.0	0.56159	0.60728	0.56697
1089.0	0.54856	0.60908	0.59317
1090.0	0.52656	0.60442	0.57919
1091.0	0.55722	0.60799	0.55573
1092.0	0.55048	0.59692	0.58835
1093.0	0.48417	0.59221	0.58124
1094.0	0.5112	0.56065	0.51058
1095.0	0.49363	0.58252	0.53965
1096.0	0.47731	0.586	0.52067
1097.0	0.54805	0.591	0.50323
1098.0	0.47709	0.587	0.57852
1099.0	0.48161	0.58216	0.50291
1100.0	0.46113	0.6	0.50772
1101.0	0.47169	0.599	0.48577
1102.0	0.44513	0.58202	0.49696
1103.0	0.44291	0.595	0.46883
1104.0	0.44412	0.593	0.46637
1105.0	0.48065	0.591	0.46765
1106.0	0.3784	0.59	0.50644
1107.0	0.45866	0.586	0.39792
1108.0	0.39517	0.5865	0.48304
1109.0	0.39249	0.5855	0.41565
1110.0	0.45496	0.587	0.41278
1111.0	0.31572	0.5825	0.47899
1112.0	0.3933	0.58342	0.33154
1113.0	0.25599	0.578	0.41357
1114.0	0.28576	0.584	0.2685
1115.0	0.23833	0.582	0.29985
1116.0	0.19223	0.575	0.24987
1117.0	0.076164	0.583	0.20136
1118.0	0.20763	0.57222	0.079618
1119.0	0.10821	0.57151	0.21753
1120.0	0.13562	0.5685	0.11317
1121.0	0.17753	0.572	0.14189
1122.0	0.078159	0.575	0.18586
1123.0	0.12255	0.574	0.081686
1124.0	0.10397	0.5725	0.12817
1125.0	0.13794	0.57012	0.1087
1126.0	0.049394	0.553	0.14428
1127.0	0.15032	0.56179	0.051589
1128.0	0.094946	0.56829	0.15725
1129.0	0.10133	0.56837	0.099224
1130.0	0.067568	0.56401	0.10591
1131.0	0.28201	0.568	0.070574
1132.0	0.22359	0.57	0.2956
1133.0	0.14661	0.56186	0.23411
1134.0	0.039988	0.56346	0.15331
1135.0	0.014819	0.5625	0.04174
1136.0	0.1232	0.56481	0.015462
1137.0	0.27472	0.55197	0.12876
1138.0	0.19428	0.544	0.28785
1139.0	0.28484	0.553	0.20329
1140.0	0.24447	0.55573	0.2985
1141.0	0.18486	0.54303	0.25599
1142.0	0.21481	0.55531	0.19337
1143.0	0.29758	0.5496	0.22479
1144.0	0.10843	0.54501	0.31183
1145.0	0.13976	0.55001	0.11326
1146.0	0.15085	0.55407	0.14604
1147.0	0.056715	0.55408	0.15764
1148.0	0.25898	0.55032	0.059176
1149.0	0.20894	0.54788	0.27113
1150.0	0.11648	0.54623	0.21854
1151.0	0.19453	0.54531	0.12164
1152.0	0.23666	0.5417	0.2034
1153.0	0.22762	0.54308	0.24762
1154.0	0.13643	0.54651	0.23812
1155.0	0.29903	0.54731	0.14248
1156.0	0.26837	0.54022	0.31316
1157.0	0.3004	0.5437	0.2809
1158.0	0.2977	0.54334	0.31458
1159.0	0.32163	0.53548	0.31171
1160.0	0.27371	0.52928	0.33693
1161.0	0.33167	0.51899	0.28648
1162.0	0.33412	0.53336	0.34753
1163.0	0.44644	0.53708	0.35002
1164.0	0.38332	0.52684	0.46857
1165.0	0.3708	0.53482	0.40188
1166.0	0.35781	0.52227	0.3886
1167.0	0.39105	0.52984	0.37494
1168.0	0.40018	0.53415	0.40996
1169.0	0.40348	0.5164	0.41954
1170.0	0.43731	0.52875	0.4231
1171.0	0.4275	0.53074	0.45873
1172.0	0.4337	0.53063	0.44831
1173.0	0.43522	0.52686	0.45483
1174.0	0.32193	0.5276	0.45642
1175.0	0.43142	0.51852	0.33692
1176.0	0.45447	0.51036	0.4524
1177.0	0.4504	0.52296	0.47679
1178.0	0.34391	0.51703	0.47235
1179.0	0.46114	0.51504	0.36
1180.0	0.42052	0.52199	0.48371
1181.0	0.43423	0.51843	0.44069
1182.0	0.30903	0.51743	0.45514
1183.0	0.41853	0.48821	0.32318
1184.0	0.40083	0.51098	0.4387
1185.0	0.38908	0.51605	0.41985
1186.0	0.45518	0.51519	0.40741
1187.0	0.43494	0.51455	0.47715
1188.0	0.32039	0.51012	0.45575
1189.0	0.39685	0.48402	0.33504
1190.0	0.44124	0.50583	0.41569
1191.0	0.42638	0.51354	0.46239
1192.0	0.45171	0.51175	0.4466
1193.0	0.4337	0.51064	0.47336
1194.0	0.44751	0.51127	0.45434
1195.0	0.42671	0.50592	0.4689
1196.0	0.41188	0.50561	0.44696
1197.0	0.45527	0.50286	0.43131
1198.0	0.41426	0.49217	0.47715
1199.0	0.34869	0.47434	0.43392
1200.0	0.42789	0.50005	0.36489
1201.0	0.41735	0.50579	0.44825
1202.0	0.41743	0.50705	0.43708
1203.0	0.41441	0.48836	0.43717
1204.0	0.34645	0.48696	0.43409
1205.0	0.41714	0.50195	0.36247
1206.0	0.45872	0.49869	0.43692
1207.0	0.41044	0.50143	0.48086
1208.0	0.41379	0.48962	0.42986
1209.0	0.39548	0.46636	0.43346
1210.0	0.43267	0.49225	0.41428
1211.0	0.40319	0.47909	0.45336
1212.0	0.40572	0.49064	0.42232
1213.0	0.44804	0.4919	0.42489
1214.0	0.41443	0.48932	0.46956
1215.0	0.40851	0.49044	0.43407
1216.0	0.44509	0.48878	0.4278
1217.0	0.43457	0.48764	0.4664
1218.0	0.43842	0.48599	0.45528
1219.0	0.42639	0.48234	0.45934
1220.0	0.43724	0.48433	0.44663
1221.0	0.44413	0.48343	0.45805
1222.0	0.43096	0.48133	0.46531
1223.0	0.424	0.476	0.45139
1224.0	0.42788	0.48224	0.44406
1225.0	0.44141	0.47925	0.44808
1226.0	0.44696	0.48026	0.46236
1227.0	0.4136	0.46841	0.46819
1228.0	0.44544	0.47443	0.43304
1229.0	0.44608	0.47725	0.46658
1230.0	0.43928	0.47502	0.46721
1231.0	0.45067	0.47425	0.46003
1232.0	0.44525	0.46896	0.47203
1233.0	0.43359	0.47118	0.46633
1234.0	0.44893	0.46946	0.45397
1235.0	0.44409	0.46644	0.47016
1236.0	0.44795	0.46863	0.46504
1237.0	0.44259	0.4679	0.46908
1238.0	0.44694	0.46748	0.46339
1239.0	0.44194	0.46235	0.46797
1240.0	0.44011	0.45968	0.46272
1241.0	0.4413	0.46439	0.46077
1242.0	0.44179	0.46169	0.46197
1243.0	0.43712	0.45655	0.46247
1244.0	0.43499	0.45535	0.45754
1245.0	0.43622	0.456	0.45528
1246.0	0.43902	0.45875	0.45655
1247.0	0.43715	0.45775	0.45945
1248.0	0.43828	0.46076	0.45746
1249.0	0.4393	0.46013	0.4586
1250.0	0.43684	0.4586	0.45966
1251.0	0.4326	0.45638	0.45705
1252.0	0.43106	0.45195	0.45258
1253.0	0.42803	0.45371	0.45097
1254.0	0.42416	0.45358	0.44773
1255.0	0.43088	0.45304	0.44363
1256.0	0.42096	0.45192	0.4507
1257.0	0.4163	0.4488	0.44023
1258.0	0.42549	0.45116	0.43532
1259.0	0.40868	0.44797	0.44496
1260.0	0.41235	0.45018	0.42725
1261.0	0.39371	0.44925	0.4311
1262.0	0.37867	0.44252	0.41146
1263.0	0.383	0.44825	0.39567
1264.0	0.35568	0.44198	0.40019
1265.0	0.37871	0.44267	0.37148
1266.0	0.36881	0.44615	0.3957
1267.0	0.37159	0.43912	0.38527
1268.0	0.35475	0.43594	0.38822
1269.0	0.23656	0.44042	0.37051
1270.0	0.37087	0.44212	0.24652
1271.0	0.39062	0.4429	0.38744
1272.0	0.39114	0.4413	0.40825
1273.0	0.38874	0.44084	0.40879
1274.0	0.38864	0.43807	0.40625
1275.0	0.39455	0.44072	0.40614
1276.0	0.39895	0.44192	0.41233
1277.0	0.40191	0.44188	0.41693
1278.0	0.40916	0.44074	0.42001
1279.0	0.40626	0.43795	0.42763
1280.0	0.40387	0.43543	0.42456
1281.0	0.39554	0.42267	0.42204
1282.0	0.35695	0.37589	0.41335
1283.0	0.38978	0.41159	0.37305
1284.0	0.40268	0.42667	0.40733
1285.0	0.40577	0.42909	0.42078
1286.0	0.40878	0.42878	0.42399
1287.0	0.40405	0.43036	0.42714
1288.0	0.40192	0.42684	0.42213
1289.0	0.39194	0.42755	0.41989
1290.0	0.39522	0.41851	0.40936
1291.0	0.40004	0.42159	0.41285
1292.0	0.37946	0.42278	0.41786
1293.0	0.39506	0.42261	0.39618
1294.0	0.38709	0.41615	0.41257
1295.0	0.38801	0.41944	0.40421
1296.0	0.37322	0.41979	0.40514
1297.0	0.35583	0.41718	0.38957
1298.0	0.37536	0.41263	0.3713
1299.0	0.39127	0.41701	0.39183
1300.0	0.33855	0.41537	0.40852
1301.0	0.34728	0.41404	0.35312
1302.0	0.37539	0.40955	0.36228
1303.0	0.33197	0.40768	0.39181
1304.0	0.28849	0.40632	0.34621
1305.0	0.36783	0.41028	0.30062
1306.0	0.36853	0.41039	0.38382
1307.0	0.29362	0.40958	0.38453
1308.0	0.33277	0.40873	0.30594
1309.0	0.36822	0.40907	0.34696
1310.0	0.28908	0.40714	0.38413
1311.0	0.32012	0.40611	0.30114
1312.0	0.31986	0.40315	0.33366
1313.0	0.30089	0.39084	0.33337
1314.0	0.2769	0.40271	0.31352
1315.0	0.27447	0.39162	0.28833
1316.0	0.31113	0.39421	0.28581
1317.0	0.29969	0.40116	0.32419
1318.0	0.31984	0.39547	0.31217
1319.0	0.25803	0.40093	0.33328
1320.0	0.24864	0.39875	0.26855
1321.0	0.28684	0.39545	0.25872
1322.0	0.29023	0.39538	0.29866
1323.0	0.22386	0.39502	0.30217
1324.0	0.25231	0.39516	0.23279
1325.0	0.30943	0.39369	0.26249
1326.0	0.26956	0.39229	0.32224
1327.0	0.25593	0.38877	0.28051
1328.0	0.22555	0.39062	0.26625
1329.0	0.17097	0.3795	0.2345
1330.0	0.22052	0.38548	0.17759
1331.0	0.13951	0.38765	0.22923
1332.0	0.14046	0.3785	0.1448
1333.0	0.19545	0.38699	0.14579
1334.0	0.16302	0.38684	0.20304
1335.0	0.22244	0.38563	0.16925
1336.0	0.1767	0.38231	0.23117
1337.0	0.15852	0.38285	0.18348
1338.0	0.17151	0.38094	0.16454
1339.0	0.17033	0.3757	0.17804
1340.0	0.16216	0.37439	0.17681
1341.0	0.16419	0.38168	0.16831
1342.0	0.17149	0.3802	0.17039
1343.0	0.12259	0.37977	0.17798
1344.0	0.073018	0.37986	0.12711
1345.0	0.10521	0.37953	0.075645
1346.0	0.056189	0.37554	0.10904
1347.0	0.058058	0.3776	0.058186
1348.0	0.0045862	0.37664	0.060119
1349.0	0.015617	0.3755	0.0047451
1350.0	0.015488	0.37081	0.016159
1351.0	0.0044759	0.37167	0.016025
1352.0	0.0014661	0.37533	0.0046298
1353.0	9.2918E-5	0.37401	0.0015164
1354.0	2.8051E-4	0.37294	9.6096E-5
1355.0	3.4847E-6	0.36827	2.9009E-4
1356.0	4.6489E-5	0.36876	3.6034E-6
1357.0	6.9429E-5	0.36439	4.807E-5
1358.0	4.0575E-6	0.36997	7.1786E-5
1359.0	7.104E-7	0.36903	4.1948E-6
1360.0	2.0706E-6	0.36464	7.3439E-7
1361.0	4.6566E-9	0.37027	2.1404E-6
1362.0	1.7489E-11	0.36936	4.8133E-9
1363.0	3.054E-6	0.36185	1.8076E-11
1364.0	1.315E-6	0.36683	3.1563E-6
1365.0	8.7833E-12	0.36629	1.3589E-6
1366.0	1.2379E-5	0.36592	9.0764E-12
1367.0	4.8161E-6	0.36242	1.2791E-5
1368.0	1.4311E-13	0.36557	4.9764E-6
1369.0	5.0008E-7	0.35886	1.481E-13
1370.0	2.8266E-7	0.35912	5.1667E-7
1371.0	1.9101E-8	0.35949	2.92E-7
1372.0	2.6623E-6	0.36313	1.9731E-8
1373.0	4.2991E-5	0.36294	2.7498E-6
1374.0	1.735E-4	0.36291	4.4401E-5
1375.0	3.1309E-4	0.35749	1.7917E-4
1376.0	2.4935E-4	0.3535	3.2332E-4
1377.0	1.1883E-4	0.3579	2.5748E-4
1378.0	0.0010741	0.35652	1.227E-4
1379.0	5.0533E-5	0.36035	0.0011089
1380.0	7.9042E-5	0.35682	5.2164E-5
1381.0	2.2978E-6	0.35784	8.1587E-5
1382.0	2.4874E-6	0.35274	2.3716E-6
1383.0	4.2653E-8	0.35376	2.5672E-6
1384.0	5.9782E-7	0.35594	4.4017E-8
1385.0	2.0255E-6	0.35242	6.1689E-7
1386.0	2.4441E-6	0.35493	2.0899E-6
1387.0	1.9288E-4	0.35136	2.5215E-6
1388.0	3.9037E-6	0.35277	1.9896E-4
1389.0	5.6338E-4	0.35406	4.0262E-6
1390.0	4.7836E-4	0.34736	5.8098E-4
1391.0	3.3345E-4	0.35242	4.9328E-4
1392.0	2.3065E-5	0.35179	3.4384E-4
1393.0	1.1238E-4	0.35008	2.3782E-5
1394.0	7.3268E-5	0.3476	1.1586E-4
1395.0	6.5137E-7	0.34754	7.5526E-5
1396.0	6.1338E-9	0.34943	6.7136E-7
1397.0	4.7605E-5	0.34932	6.3215E-9
1398.0	0.0012329	0.34952	4.9057E-5
1399.0	7.8835E-4	0.34886	0.0012704
1400.0	3.1513E-9	0.33896	8.1226E-4
1401.0	1.0219E-8	0.33929	3.2466E-9
1402.0	0.0017817	0.34411	1.0528E-8
1403.0	0.0023108	0.34014	0.0018353
1404.0	7.1755E-4	0.34106	0.00238
1405.0	3.5395E-7	0.34012	7.3892E-4
1406.0	0.0019861	0.34164	3.6444E-7
1407.0	1.6957E-4	0.34085	0.0020448
1408.0	0.0016023	0.34007	1.7457E-4
1409.0	6.0159E-4	0.34118	0.0016493
1410.0	4.5332E-4	0.34046	6.1919E-4
1411.0	0.0020544	0.33767	4.6653E-4
1412.0	0.002565	0.3292	0.0021142
1413.0	0.02269	0.3329	0.0026396
1414.0	3.5359E-4	0.33704	0.023353
1415.0	1.7854E-4	0.33707	3.6378E-4
1416.0	0.034561	0.33503	1.8366E-4
1417.0	0.011431	0.33748	0.035565
1418.0	0.013182	0.33773	0.011759
1419.0	0.0020851	0.33391	0.013559
1420.0	0.0080437	0.3327	0.0021442
1421.0	0.0089117	0.33594	0.0082718
1422.0	0.045023	0.32875	0.0091637
1423.0	0.0089676	0.32884	0.046314
1424.0	0.016511	0.32772	0.0092198
1425.0	0.025142	0.33256	0.016975
1426.0	0.027032	0.32306	0.02585
1427.0	0.04818	0.32745	0.027792
1428.0	0.004436	0.33036	0.049546
1429.0	0.036985	0.32347	0.0045588
1430.0	0.059912	0.32277	0.03802
1431.0	0.048792	0.32421	0.061601
1432.0	0.0024524	0.33114	0.050156
1433.0	0.03487	0.33067	0.0025194
1434.0	0.020403	0.32509	0.035834
1435.0	0.020847	0.32731	0.020962
1436.0	0.037326	0.32662	0.021416
1437.0	0.029085	0.32786	0.038351
1438.0	0.012913	0.32601	0.02988
1439.0	0.049672	0.32856	0.013263
1440.0	0.038547	0.31269	0.051039
1441.0	0.030959	0.31695	0.039601
1442.0	0.035356	0.31584	0.0318
1443.0	0.043868	0.3178	0.036317
1444.0	0.060143	0.31911	0.045063
1445.0	0.048434	0.31929	0.061791
1446.0	0.022492	0.32135	0.049751
1447.0	0.035265	0.3176	0.023095
1448.0	0.11254	0.32096	0.036215
1449.0	0.099374	0.32026	0.11569
1450.0	0.026699	0.31774	0.10213
1451.0	0.01098	0.31367	0.027412
1452.0	0.060718	0.31355	0.011271
1453.0	0.079803	0.31539	0.062361
1454.0	0.13384	0.31282	0.081978
1455.0	0.064409	0.3121	0.13759
1456.0	0.086158	0.30956	0.06615
1457.0	0.11386	0.31241	0.088509
1458.0	0.13273	0.31612	0.117
1459.0	0.1586	0.31746	0.13643
1460.0	0.083161	0.31367	0.16307
1461.0	0.087886	0.31308	0.085421
1462.0	0.12708	0.31018	0.090276
1463.0	0.042106	0.30823	0.1306
1464.0	0.1477	0.3082	0.043225
1465.0	0.090911	0.31158	0.15184
1466.0	0.063498	0.30696	0.093383
1467.0	0.035128	0.31322	0.065197
1468.0	0.074928	0.3075	0.036054
1469.0	0.092344	0.31201	0.076942
1470.0	0.048397	0.3101	0.094845
1471.0	0.017394	0.30414	0.049678
1472.0	0.045566	0.30581	0.017848
1473.0	0.068368	0.30552	0.046771
1474.0	0.094765	0.29705	0.070198
1475.0	0.17954	0.30349	0.097339
1476.0	0.066987	0.30369	0.18463
1477.0	0.067916	0.3025	0.068778
1478.0	0.061825	0.30228	0.069736
1479.0	0.1168	0.30461	0.06348
1480.0	0.059063	0.30626	0.12001
1481.0	0.11221	0.30179	0.060637
1482.0	0.056967	0.30462	0.11529
1483.0	0.14454	0.29813	0.05849
1484.0	0.13375	0.30172	0.14859
1485.0	0.12168	0.30607	0.13747
1486.0	0.12008	0.30168	0.12503
1487.0	0.059042	0.29989	0.1234
1488.0	0.091654	0.26525	0.060629
1489.0	0.18443	0.2991	0.09418
1490.0	0.16993	0.30093	0.18973
1491.0	0.19222	0.30175	0.17478
1492.0	0.15986	0.29773	0.19778
1493.0	0.17651	0.302	0.16441
1494.0	0.19794	0.3019	0.18157
1495.0	0.17745	0.30074	0.20367
1496.0	0.16385	0.2914	0.18253
1497.0	0.22198	0.29684	0.16852
1498.0	0.18437	0.29946	0.2285
1499.0	0.21141	0.29528	0.18968
1500.0	0.24339	0.30077	0.21759
1501.0	0.25782	0.2999	0.25061
1502.0	0.22688	0.29743	0.26552
1503.0	0.17972	0.2692	0.23356
1504.0	0.15586	0.28319	0.18493
1505.0	0.17885	0.27149	0.16029
1506.0	0.25026	0.28367	0.18402
1507.0	0.24779	0.29376	0.25773
1508.0	0.23606	0.29028	0.25514
1509.0	0.18169	0.28805	0.24302
1510.0	0.26269	0.29394	0.1869
1511.0	0.2571	0.29446	0.27052
1512.0	0.25315	0.28845	0.26474
1513.0	0.23544	0.28729	0.26068
1514.0	0.2193	0.285	0.24239
1515.0	0.25804	0.28807	0.22571
1516.0	0.24943	0.2872	0.26573
1517.0	0.24214	0.28526	0.25683
1518.0	0.24489	0.2897	0.24929
1519.0	0.23739	0.28495	0.25211
1520.0	0.25688	0.28786	0.24437
1521.0	0.26707	0.28083	0.2645
1522.0	0.25617	0.28031	0.27505
1523.0	0.27192	0.28448	0.26378
1524.0	0.26743	0.2846	0.28004
1525.0	0.2514	0.27846	0.27539
1526.0	0.25977	0.28596	0.25884
1527.0	0.25468	0.28297	0.26745
1528.0	0.27122	0.2849	0.2622
1529.0	0.2646	0.2829	0.27928
1530.0	0.24789	0.26731	0.27244
1531.0	0.262	0.28272	0.25522
1532.0	0.27039	0.28263	0.26973
1533.0	0.26918	0.28041	0.27839
1534.0	0.26122	0.27543	0.27714
1535.0	0.25924	0.27754	0.26892
1536.0	0.26679	0.28058	0.26686
1537.0	0.26558	0.28096	0.27464
1538.0	0.26427	0.27338	0.27336
1539.0	0.26519	0.27808	0.27202
1540.0	0.25737	0.26857	0.27295
1541.0	0.26141	0.27297	0.26491
1542.0	0.26165	0.27536	0.26904
1543.0	0.26439	0.27499	0.26927
1544.0	0.26443	0.27716	0.27208
1545.0	0.26922	0.27768	0.2721
1546.0	0.26705	0.27722	0.27705
1547.0	0.26537	0.27354	0.27481
1548.0	0.2592	0.26698	0.27309
1549.0	0.26568	0.27267	0.26675
1550.0	0.26226	0.26961	0.27342
1551.0	0.26293	0.27075	0.2699
1552.0	0.26415	0.274	0.27058
1553.0	0.26366	0.2709	0.27182
1554.0	0.25727	0.26495	0.27132
1555.0	0.26005	0.26712	0.26474
1556.0	0.25569	0.26292	0.26759
1557.0	0.26301	0.27013	0.2631
1558.0	0.26093	0.26805	0.27062
1559.0	0.26054	0.2678	0.26848
1560.0	0.25821	0.26546	0.26808
1561.0	0.26242	0.26968	0.26568
1562.0	0.26003	0.26833	0.27002
1563.0	0.25917	0.26688	0.26756
1564.0	0.25525	0.26307	0.26667
1565.0	0.25975	0.26682	0.26264
1566.0	0.25506	0.26262	0.26728
1567.0	0.25566	0.26352	0.26245
1568.0	0.24997	0.26042	0.26308
1569.0	0.24736	0.26275	0.25722
1570.0	0.23497	0.26068	0.25452
1571.0	0.2285	0.26668	0.24175
1572.0	0.23108	0.26694	0.23507
1573.0	0.2275	0.26344	0.23775
1574.0	0.23464	0.26221	0.23407
1575.0	0.23294	0.24738	0.24145
1576.0	0.2398	0.26031	0.23974
1577.0	0.20994	0.2369	0.24678
1578.0	0.22854	0.25723	0.21602
1579.0	0.23005	0.26167	0.23516
1580.0	0.23772	0.26381	0.23672
1581.0	0.24165	0.26483	0.24464
1582.0	0.23508	0.25412	0.2487
1583.0	0.24051	0.25771	0.24195
1584.0	0.24194	0.25449	0.24755
1585.0	0.25135	0.26198	0.24904
1586.0	0.24838	0.25817	0.25874
1587.0	0.24579	0.25492	0.25569
1588.0	0.24388	0.25048	0.25303
1589.0	0.22567	0.23152	0.25107
1590.0	0.23486	0.24154	0.23233
1591.0	0.23503	0.24132	0.24179
1592.0	0.24502	0.25286	0.24197
1593.0	0.25092	0.25751	0.25225
1594.0	0.2489	0.25643	0.25833
1595.0	0.25083	0.25765	0.25624
1596.0	0.23751	0.24452	0.25823
1597.0	0.23985	0.24854	0.24452
1598.0	0.24693	0.25629	0.24692
1599.0	0.23511	0.24977	0.25421
1600.0	0.23133	0.25259	0.24202
1601.0	0.21691	0.24494	0.2381
1602.0	0.2178	0.24857	0.22323
1603.0	0.21765	0.24901	0.22413
1604.0	0.22197	0.25002	0.22397
1605.0	0.2301	0.24703	0.22842
1606.0	0.23453	0.24748	0.23683
1607.0	0.22637	0.24544	0.2414
1608.0	0.22343	0.24999	0.23296
1609.0	0.22088	0.24858	0.2299
1610.0	0.21146	0.23312	0.22727
1611.0	0.22039	0.24078	0.2176
1612.0	0.22422	0.24125	0.2268
1613.0	0.23047	0.24581	0.23076
1614.0	0.23162	0.2435	0.23719
1615.0	0.2342	0.24434	0.23838
1616.0	0.22395	0.23248	0.24104
1617.0	0.22798	0.23644	0.2305
1618.0	0.2366	0.24415	0.23465
1619.0	0.23415	0.24224	0.24352
1620.0	0.22783	0.23407	0.241
1621.0	0.22765	0.23386	0.23449
1622.0	0.23081	0.23702	0.2343
1623.0	0.23559	0.24166	0.23754
1624.0	0.23582	0.2424	0.24246
1625.0	0.23109	0.23746	0.24269
1626.0	0.23294	0.23958	0.23782
1627.0	0.23398	0.24037	0.23971
1628.0	0.23446	0.24149	0.24078
1629.0	0.23456	0.24111	0.24126
1630.0	0.22984	0.23655	0.24137
1631.0	0.23136	0.23932	0.23651
1632.0	0.23151	0.23884	0.23806
1633.0	0.22614	0.23585	0.23821
1634.0	0.22628	0.23276	0.23267
1635.0	0.22712	0.23735	0.23282
1636.0	0.22879	0.23676	0.23367
1637.0	0.22064	0.22747	0.23539
1638.0	0.21393	0.22708	0.227
1639.0	0.2141	0.22205	0.22007
1640.0	0.20913	0.22571	0.22026
1641.0	0.21348	0.22393	0.21511
1642.0	0.21467	0.22402	0.2196
1643.0	0.20939	0.22879	0.22082
1644.0	0.21733	0.22572	0.21535
1645.0	0.21216	0.22512	0.22355
1646.0	0.21147	0.22899	0.21822
1647.0	0.22135	0.2291	0.21749
1648.0	0.21057	0.22898	0.22768
1649.0	0.21261	0.22354	0.21655
1650.0	0.21902	0.2284	0.21867
1651.0	0.20281	0.22369	0.22526
1652.0	0.21754	0.22802	0.20855
1653.0	0.21661	0.22533	0.22373
1654.0	0.20991	0.22654	0.22277
1655.0	0.21619	0.2239	0.21583
1656.0	0.21494	0.22607	0.22231
1657.0	0.21613	0.22564	0.22101
1658.0	0.2187	0.22532	0.22223
1659.0	0.21514	0.22221	0.22487
1660.0	0.21721	0.22412	0.2212
1661.0	0.21774	0.22543	0.22332
1662.0	0.21313	0.22421	0.22384
1663.0	0.2163	0.22265	0.21908
1664.0	0.21498	0.22252	0.22235
1665.0	0.20607	0.22137	0.22098
1666.0	0.17411	0.21853	0.21178
1667.0	0.20502	0.22016	0.17884
1668.0	0.20881	0.21617	0.21068
1669.0	0.20939	0.21809	0.21459
1670.0	0.21573	0.22208	0.21516
1671.0	0.21294	0.22096	0.22168
1672.0	0.20582	0.2121	0.21879
1673.0	0.21052	0.21606	0.21147
1674.0	0.21002	0.21907	0.21629
1675.0	0.20793	0.21621	0.21575
1676.0	0.20584	0.21319	0.2136
1677.0	0.20668	0.21548	0.21145
1678.0	0.20365	0.21585	0.21229
1679.0	0.20741	0.21295	0.20915
1680.0	0.20017	0.20641	0.21303
1681.0	0.18936	0.19848	0.20558
1682.0	0.1983	0.20341	0.19447
1683.0	0.20357	0.20893	0.20366
1684.0	0.19283	0.21198	0.20906
1685.0	0.20763	0.21306	0.19797
1686.0	0.20476	0.21026	0.21321
1687.0	0.19951	0.21123	0.21026
1688.0	0.20465	0.21081	0.20484
1689.0	0.20178	0.20805	0.21013
1690.0	0.19991	0.20845	0.20718
1691.0	0.18808	0.21203	0.20523
1692.0	0.20174	0.21211	0.19303
1693.0	0.20587	0.21122	0.20708
1694.0	0.1995	0.21068	0.21134
1695.0	0.20427	0.21055	0.20477
1696.0	0.20383	0.20962	0.20968
1697.0	0.17649	0.2085	0.20922
1698.0	0.20207	0.20879	0.18107
1699.0	0.20024	0.20804	0.20739
1700.0	0.19464	0.20539	0.20551
1702.0	0.19874	0.2052	0.19975
1705.0	0.19275	0.20428	0.20396
1710.0	0.18316	0.19894	0.19778
1715.0	0.1849	0.20189	0.1879
1720.0	0.18231	0.19799	0.18965
1725.0	0.17367	0.19688	0.18698
1730.0	0.16979	0.19309	0.17808
1735.0	0.15758	0.182	0.17407
1740.0	0.16405	0.19001	0.16154
1745.0	0.15105	0.18624	0.16818
1750.0	0.16162	0.18518	0.15481
1755.0	0.14931	0.18509	0.16566
1760.0	0.15608	0.18243	0.15301
1765.0	0.12967	0.18143	0.15998
1770.0	0.13831	0.17969	0.13284
1775.0	0.11213	0.176	0.14172
1780.0	0.098143	0.17553	0.11484
1785.0	0.075201	0.17411	0.1005
1790.0	0.086831	0.17371	0.076981
1795.0	0.045864	0.17102	0.088904
1800.0	0.031112	0.168	0.046931
1805.0	0.014485	0.16884	0.031828
1810.0	0.0094762	0.16859	0.014815
1815.0	0.0032093	0.155	0.0096911
1820.0	9.6578E-4	0.16	0.0032816
1825.0	0.0012463	0.16257	9.8755E-4
1830.0	5.0896E-6	0.15921	0.0012744
1835.0	6.2784E-6	0.1576	5.2041E-6
1840.0	6.1337E-8	0.15552	6.419E-6
1845.0	6.1298E-6	0.15288	6.2703E-8
1850.0	2.9348E-6	0.15337	6.2658E-6
1855.0	2.7795E-7	0.15126	2.9993E-6
1860.0	1.092E-5	0.14933	2.8396E-7
1865.0	1.6644E-5	0.1471	1.1151E-5
1870.0	2.6148E-10	0.14565	1.6982E-5
1875.0	4.4296E-10	0.13231	2.6662E-10
1880.0	7.6123E-5	0.14667	4.513E-10
1885.0	4.3129E-5	0.14573	7.7505E-5
1890.0	2.1956E-4	0.14041	4.389E-5
1895.0	1.2743E-4	0.13842	2.2333E-4
1900.0	8.4916E-7	0.14041	1.2947E-4
1905.0	5.5798E-7	0.13904	8.6221E-7
1910.0	2.2726E-5	0.13654	5.6667E-7
1915.0	1.9673E-5	0.13611	2.3045E-5
1920.0	4.4451E-4	0.13463	1.9947E-5
1925.0	9.2326E-4	0.13447	4.5069E-4
1930.0	5.4474E-4	0.13145	9.3615E-4
1935.0	0.0035428	0.13243	5.5242E-4
1940.0	0.0032357	0.1295	0.0035935
1945.0	0.010707	0.1195	0.0032821
1950.0	0.016482	0.12627	0.010863
1955.0	0.009886	0.12833	0.016727
1960.0	0.021569	0.1261	0.010036
1965.0	0.028114	0.12291	0.021906
1970.0	0.048055	0.12375	0.028563
1975.0	0.06673	0.1215	0.048847
1980.0	0.074234	0.11968	0.067857
1985.0	0.081625	0.11902	0.075512
1990.0	0.084124	0.11977	0.083063
1995.0	0.079787	0.11684	0.085613
2000.0	0.037491	0.11673	0.08119
2005.0	0.014747	0.11501	0.038156
2010.0	0.039071	0.11512	0.015001
2015.0	0.026208	0.11399	0.039748
2020.0	0.044239	0.11192	0.026648
2025.0	0.072779	0.11176	0.044981
2030.0	0.08346	0.10969	0.07401
2035.0	0.094808	0.10915	0.084856
2040.0	0.088344	0.1072	0.096386
2045.0	0.089636	0.10756	0.089781
2050.0	0.066892	0.10592	0.091074
2055.0	0.05409	0.10471	0.067927
2060.0	0.068157	0.1032	0.054906
2065.0	0.060962	0.10182	0.069193
2070.0	0.064715	0.10095	0.061875
2075.0	0.076305	0.10095	0.065676
2080.0	0.085528	0.09933	0.077443
2085.0	0.083847	0.0983	0.086812
2090.0	0.087779	0.09754	0.085102
2095.0	0.088421	0.09599	0.0891
2100.0	0.084869	0.09624	0.089747
2105.0	0.091771	0.09575	0.086133
2110.0	0.08832	0.09463	0.093153
2115.0	0.090308	0.09385	0.089654
2120.0	0.086281	0.09314	0.091673
2125.0	0.087303	0.09218	0.087588
2130.0	0.088422	0.09238	0.088632
2135.0	0.088679	0.09112	0.089774
2140.0	0.08939	0.09105	0.090044
2145.0	0.088132	0.08994	0.090767
2150.0	0.083369	0.08971	0.089486
2155.0	0.083566	0.08888	0.084639
2160.0	0.082912	0.08789	0.08484
2165.0	0.075175	0.082	0.08417
2170.0	0.080776	0.08537	0.07631
2175.0	0.079257	0.08576	0.081996
2180.0	0.080597	0.08464	0.080448
2185.0	0.073458	0.08468	0.081808
2190.0	0.077905	0.08314	0.07455
2195.0	0.077833	0.08347	0.079068
2200.0	0.070175	0.08279	0.078992
2205.0	0.072947	0.0809	0.071202
2210.0	0.078174	0.08081	0.07401
2215.0	0.075189	0.08041	0.079315
2220.0	0.076631	0.07999	0.076273
2225.0	0.0744	0.07884	0.07773
2230.0	0.074727	0.0784	0.075453
2235.0	0.07329	0.07793	0.075773
2240.0	0.07214	0.07651	0.074299
2245.0	0.069911	0.07625	0.073118
2250.0	0.071034	0.07537	0.070838
2255.0	0.066865	0.07434	0.071937
2260.0	0.066143	0.07409	0.06769
2265.0	0.067355	0.07328	0.066929
2270.0	0.064138	0.0731	0.068137
2275.0	0.063309	0.07263	0.064867
2280.0	0.065551	0.07139	0.064021
2285.0	0.062389	0.07138	0.066288
2290.0	0.062534	0.07119	0.06308
2295.0	0.060603	0.0693	0.06322
2300.0	0.058193	0.06964	0.061265
2305.0	0.058544	0.0694	0.058824
2310.0	0.063189	0.0689	0.059171
2315.0	0.057528	0.06815	0.06387
2320.0	0.051489	0.06763	0.058141
2325.0	0.055626	0.06556	0.052031
2330.0	0.056231	0.06622	0.056215
2335.0	0.057362	0.06572	0.056824
2340.0	0.045366	0.06522	0.057967
2345.0	0.050869	0.0651	0.045836
2350.0	0.041115	0.06434	0.0514
2355.0	0.046988	0.0626	0.041536
2360.0	0.049724	0.06307	0.047473
2365.0	0.048909	0.06301	0.050237
2370.0	0.030514	0.06239	0.049409
2375.0	0.043704	0.06141	0.030817
2380.0	0.042128	0.06181	0.044147
2385.0	0.030525	0.05913	0.042552
2390.0	0.036748	0.06036	0.030826
2395.0	0.040199	0.06007	0.037109
2400.0	0.043726	0.05974	0.040594
2405.0	0.033286	0.05944	0.04415
2410.0	0.033504	0.05915	0.033599
2415.0	0.027058	0.05698	0.033813
2420.0	0.026358	0.05782	0.0273
2425.0	0.032802	0.05733	0.02659
2430.0	0.044725	0.05719	0.033078
2435.0	0.014765	0.05647	0.045099
2440.0	0.042926	0.05627	0.014878
2445.0	0.020657	0.05556	0.043249
2450.0	0.013523	0.05459	0.020798
2455.0	0.024695	0.05416	0.013611
2460.0	0.033157	0.05451	0.024853
2465.0	0.024009	0.0543	0.033363
2470.0	0.016635	0.0534	0.024148
2475.0	0.016368	0.05337	0.016727
2480.0	0.0079996	0.0521	0.016455
2485.0	0.005584	0.05177	0.0080395
2490.0	0.0034957	0.05222	0.0056102
2495.0	0.0028647	0.04889	0.0035113
2500.0	0.0070328	0.05138	0.0028772
2505.0	0.0015124	0.05082	0.0070642
2510.0	0.0022063	0.0496	0.0015191
2515.0	5.1644E-4	0.04876	0.0022163
2520.0	3.6879E-4	0.04814	5.188E-4
2525.0	4.1194E-5	0.04765	3.7054E-4
2530.0	6.3279E-7	0.0477	4.1393E-5
2535.0	1.7415E-7	0.04712	6.3593E-7
2540.0	3.7521E-7	0.04677	1.7502E-7
2545.0	5.3469E-11	0.04661	3.7716E-7
2550.0	2.8066E-13	0.04626	5.3758E-11
2555.0	1.0377E-9	0.04593	2.8222E-13
2560.0	3.0842E-11	0.0454	1.0435E-9
2565.0	1.5846E-14	0.04516	3.102E-11
2570.0	1.5151E-18	0.04485	1.5955E-14
2575.0	1.0708E-27	0.04448	1.5258E-18
2580.0	3.7933E-22	0.0441	1.0786E-27
2585.0	1.7064E-34	0.04327	3.8214E-22
2590.0	5.4369E-31	0.04341	1.7194E-34
2595.0	2.2666E-33	0.04304	5.4793E-31
2600.0	4.4556E-28	0.04291	2.2838E-33
2605.0	5.7592E-35	0.0428	4.4912E-28
2610.0	5.897E-34	0.0425	5.8053E-35
2615.0	1.1106E-37	0.04228	5.9447E-34
2620.0	5.6056E-29	0.0419	1.1196E-37
2625.0	3.8378E-28	0.04058	5.6505E-29
2630.0	2.8026E-45	0.04116	3.8687E-28
2635.0	3.8719E-16	0.04096	2.8026E-45
2640.0	1.1657E-16	0.04022	3.9027E-16
2645.0	8.9292E-19	0.04018	1.175E-16
2650.0	1.4186E-19	0.03996	8.9988E-19
2655.0	1.3036E-27	0.03959	1.4295E-19
2660.0	2.588E-25	0.03948	1.3133E-27
2665.0	1.1045E-37	0.03895	2.6068E-25
2670.0	0.0	0.0391	1.1123E-37
2675.0	0.0	0.03861	1.1123E-37
2680.0	0.0	0.03843	1.1123E-37
2685.0	0.0	0.03816	1.1123E-37
2690.0	1.0178E-29	0.03779	1.1123E-37
2695.0	7.1014E-33	0.03746	1.1123E-37
2700.0	0.0	0.03712	7.1284E-33
2705.0	2.9273E-42	0.03693	7.1284E-33
2710.0	1.1239E-35	0.03668	2.9315E-42
2715.0	3.8549E-26	0.03656	1.125E-35
2720.0	5.6052E-45	0.03638	3.8557E-26
2725.0	7.3094E-22	0.03613	5.6052E-45
2730.0	6.0929E-19	0.03601	7.2935E-22
2735.0	5.5121E-21	0.03574	6.0734E-19
2740.0	2.3435E-27	0.03553	5.4888E-21
2745.0	1.3224E-23	0.03538	2.3314E-27
2750.0	1.6758E-28	0.03518	1.3146E-23
2755.0	6.7262E-44	0.03486	1.6648E-28
2760.0	0.0	0.03455	6.7262E-44
2765.0	2.7001E-27	0.0344	6.7262E-44
2770.0	8.4528E-24	0.03426	2.6777E-27
2775.0	4.036E-38	0.03393	8.3791E-24
2780.0	4.8532E-34	0.03364	3.999E-38
2785.0	3.9255E-27	0.03342	4.8067E-34
2790.0	1.2295E-16	0.0332	3.8866E-27
2795.0	3.6591E-16	0.03293	1.217E-16
2800.0	1.6665E-12	0.03276	3.6205E-16
2805.0	6.8228E-14	0.03253	1.6484E-12
2810.0	4.0695E-10	0.03242	6.7478E-14
2815.0	2.9018E-10	0.03226	4.0233E-10
2820.0	2.0789E-11	0.03206	2.8685E-10
2825.0	1.7814E-7	0.03184	2.0548E-11
2830.0	3.9475E-6	0.0317	1.7605E-7
2835.0	2.1533E-10	0.03145	3.9008E-6
2840.0	1.9849E-7	0.03118	2.1276E-10
2845.0	4.1074E-5	0.03095	1.9609E-7
2850.0	1.1708E-6	0.03068	4.0575E-5
2855.0	4.5425E-7	0.03043	1.1566E-6
2860.0	2.5672E-5	0.03016	4.4867E-7
2865.0	1.6974E-4	0.02996	2.5356E-5
2870.0	6.3922E-6	0.0296	1.6763E-4
2875.0	3.9663E-4	0.0294	6.3129E-6
2880.0	2.5037E-4	0.0294	3.917E-4
2885.0	4.5906E-4	0.02922	2.4724E-4
2890.0	1.886E-4	0.02907	4.5332E-4
2895.0	0.0026982	0.02896	1.8623E-4
2900.0	8.2183E-4	0.02881	0.0026643
2905.0	1.1237E-4	0.02867	8.1152E-4
2910.0	0.0027566	0.0285	1.1096E-4
2915.0	0.0012742	0.02822	0.002722
2920.0	0.0029316	0.02804	0.0012581
2925.0	0.0010973	0.02778	0.0028948
2930.0	0.0059606	0.02757	0.0010835
2935.0	0.0065725	0.02733	0.0058858
2940.0	0.0016479	0.02714	0.0064903
2945.0	0.0014673	0.02684	0.0016273
2950.0	0.0052935	0.02668	0.0014489
2955.0	0.0023655	0.02656	0.0052276
2960.0	0.0046549	0.02638	0.0023361
2965.0	0.0075313	0.02626	0.0045971
2970.0	3.5676E-4	0.02612	0.0074379
2975.0	8.6499E-4	0.02601	3.5233E-4
2980.0	0.0013548	0.0258	8.5429E-4
2985.0	0.0070495	0.02569	0.0013381
2990.0	0.010407	0.02554	0.0069628
2995.0	0.0043286	0.0254	0.01028
3000.0	0.0079442	0.02525	0.0042755
3005.0	0.0029261	0.02512	0.0078472
3010.0	0.006932	0.02498	0.0028906
3015.0	0.0056232	0.02486	0.0068479
3020.0	6.4143E-4	0.02466	0.0055551
3025.0	0.0075948	0.02454	6.3369E-4
3030.0	0.0061491	0.02442	0.0075031
3035.0	0.002529	0.02421	0.0060753
3040.0	0.0020487	0.02393	0.0024986
3045.0	0.0042599	0.02402	0.0020242
3050.0	0.0010446	0.02395	0.004209
3055.0	2.9295E-4	0.02386	0.0010321
3060.0	0.0063761	0.02376	2.8947E-4
3065.0	0.0029458	0.02354	0.0063012
3070.0	0.0017699	0.02344	0.0029113
3075.0	0.0060928	0.02335	0.0017492
3080.0	0.0036646	0.02315	0.0060221
3085.0	0.0017876	0.02295	0.0036224
3090.0	0.002408	0.0228	0.0017671
3095.0	6.6266E-4	0.02263	0.0023805
3100.0	0.0044513	0.02243	6.551E-4
3105.0	9.3203E-4	0.02228	0.004401
3110.0	8.5524E-4	0.02211	9.2155E-4
3115.0	0.0022932	0.02177	8.4569E-4
3120.0	0.0099294	0.02174	0.0022677
3125.0	0.0030625	0.02158	0.0098197
3130.0	0.0058246	0.02145	0.0030289
3135.0	0.011571	0.02136	0.0057614
3140.0	0.0033603	0.02118	0.011446
3145.0	0.0032869	0.02107	0.0033241
3150.0	0.0067457	0.02088	0.0032517
3155.0	0.0056965	0.02083	0.0066744
3160.0	0.0093294	0.02073	0.0056366
3165.0	0.014163	0.02066	0.009232
3170.0	0.012645	0.02052	0.014017
3175.0	0.0093252	0.02047	0.012516
3180.0	0.01073	0.02032	0.0092302
3185.0	0.0081644	0.02024	0.010621
3190.0	0.0042817	0.02019	0.0080823
3195.0	0.0027197	0.02008	0.0042388
3200.0	4.428E-4	0.01994	0.0026927
3205.0	3.128E-4	0.01986	4.3843E-4
3210.0	1.3768E-4	0.01976	3.0973E-4
3215.0	5.0237E-4	0.01962	1.3634E-4
3220.0	0.0016245	0.01954	4.9752E-4
3225.0	2.0066E-4	0.01942	0.0016089
3230.0	3.4404E-4	0.01938	1.9875E-4
3235.0	0.0073625	0.01926	3.408E-4
3240.0	0.0037816	0.01921	0.007294
3245.0	7.4096E-4	0.0191	0.0037464
3250.0	0.0026308	0.01909	7.3409E-4
3255.0	0.010029	0.0189	0.0026067
3260.0	0.001236	0.0188	0.0099378
3265.0	0.0024686	0.0187	0.0012248
3270.0	0.0012292	0.0186	0.0024465
3275.0	0.0059758	0.01848	0.0012186
3280.0	0.002889	0.01837	0.0059265
3285.0	0.011223	0.01832	0.0028644
3290.0	0.008831	0.01826	0.011128
3295.0	0.0012337	0.01803	0.0087571
3300.0	0.0017944	0.01792	0.0012234
3305.0	0.0039746	0.01786	0.0017794
3310.0	0.0039565	0.0177	0.0039416
3315.0	1.6269E-5	0.0176	0.0039235
3320.0	6.0496E-5	0.0173	1.6133E-5
3325.0	0.0035486	0.01728	5.9987E-5
3330.0	0.0047014	0.01713	0.0035187
3335.0	0.009147	0.01703	0.0046616
3340.0	0.0034903	0.01685	0.0090694
3345.0	0.0035722	0.01678	0.0034602
3350.0	0.0080998	0.0166	0.0035408
3355.0	0.0036642	0.0165	0.0080277
3360.0	0.0052892	0.01636	0.0036308
3365.0	0.0072591	0.01629	0.0052402
3370.0	0.003977	0.01618	0.0071907
3375.0	0.0085388	0.01611	0.0039389
3380.0	0.0051624	0.01601	0.008456
3385.0	0.007565	0.01598	0.0051115
3390.0	0.0099552	0.0159	0.0074896
3395.0	0.0096446	0.0158	0.0098552
3400.0	0.012638	0.01564	0.0095465
3405.0	0.0045061	0.01565	0.012509
3410.0	0.0071547	0.01554	0.0044594
3415.0	0.0073543	0.01547	0.0070802
3420.0	0.013305	0.01543	0.0072774
3425.0	0.010112	0.01532	0.013165
3430.0	0.008781	0.01522	0.010006
3435.0	0.011673	0.01515	0.0086892
3440.0	0.0081181	0.01505	0.011553
3445.0	0.011434	0.01502	0.0080348
3450.0	0.011267	0.01492	0.011318
3455.0	0.0083938	0.01488	0.011153
3460.0	0.012657	0.0148	0.0083089
3465.0	0.0099163	0.01476	0.01253
3470.0	0.012386	0.01466	0.0098179
3475.0	0.011051	0.01456	0.012264
3480.0	0.011335	0.01448	0.010943
3485.0	0.012212	0.01445	0.011224
3490.0	0.01052	0.01436	0.012094
3495.0	0.012383	0.01432	0.010419
3500.0	0.012032	0.01423	0.012265
3505.0	0.011923	0.01415	0.011917
3510.0	0.012077	0.01405	0.011809
3515.0	0.011598	0.01402	0.011963
3520.0	0.012226	0.01393	0.011494
3525.0	0.011523	0.01389	0.012122
3530.0	0.011217	0.0138	0.011428
3535.0	0.0095305	0.01376	0.011127
3540.0	0.0091011	0.01367	0.0094556
3545.0	0.0096154	0.01366	0.009031
3550.0	0.010616	0.01357	0.0095432
3555.0	0.0091245	0.01345	0.010538
3560.0	0.010872	0.01336	0.0090581
3565.0	0.010928	0.01336	0.010795
3570.0	0.0083951	0.01325	0.010851
3575.0	0.0087028	0.01318	0.0083376
3580.0	0.010255	0.01308	0.0086444
3585.0	0.0092282	0.01305	0.010187
3590.0	0.0095145	0.01298	0.0091671
3595.0	0.0097329	0.01294	0.0094523
3600.0	0.010328	0.01285	0.00967
3605.0	0.010425	0.01283	0.010262
3610.0	0.0095385	0.01274	0.010359
3615.0	0.0095318	0.01272	0.0094787
3620.0	0.011686	0.01264	0.0094726
3625.0	0.010302	0.01261	0.011614
3630.0	0.010016	0.01251	0.010239
3635.0	0.010362	0.01249	0.009955
3640.0	0.011549	0.0124	0.010299
3645.0	0.010663	0.01236	0.01148
3650.0	0.010183	0.01228	0.010599
3655.0	0.011042	0.01222	0.010123
3660.0	0.010978	0.01215	0.010978
3665.0	0.010313	0.01215	0.010914
3670.0	0.0079464	0.01204	0.010253
3675.0	0.0048569	0.01203	0.0079003
3680.0	0.0083789	0.01189	0.0048286
3685.0	0.0094906	0.01183	0.0083312
3690.0	0.0097458	0.01177	0.009438
3695.0	0.010188	0.01172	0.0096922
3700.0	0.010937	0.01155	0.010132
3705.0	0.010827	0.0116	0.010878
3710.0	0.009413	0.01151	0.01077
3715.0	0.0092731	0.0115	0.009364
3720.0	0.010429	0.01144	0.0092254
3725.0	0.010751	0.01143	0.010376
3730.0	0.0093169	0.01134	0.010698
3735.0	0.008626	0.01128	0.0092707
3740.0	0.0088923	0.01108	0.0085837
3745.0	0.01038	0.01108	0.0088494
3750.0	0.0093341	0.01104	0.010331
3755.0	0.0090336	0.011	0.0092903
3760.0	0.0089041	0.01094	0.0089918
3765.0	0.0085891	0.01093	0.0088633
3770.0	0.0091649	0.01086	0.0085502
3775.0	0.0090918	0.0108	0.0091243
3780.0	0.0096158	0.01074	0.0090521
3785.0	0.0088498	0.01073	0.0095746
3790.0	0.0077891	0.01063	0.0088123
3795.0	0.0089056	0.01062	0.0077564
3800.0	0.0098988	0.01053	0.0088692
3805.0	0.0093414	0.01053	0.0098592
3810.0	0.0082771	0.01043	0.0093049
3815.0	0.0077867	0.01041	0.0082451
3820.0	0.0096908	0.01034	0.0077569
3825.0	0.0095402	0.01033	0.009655
3830.0	0.0096268	0.01025	0.0095056
3835.0	0.007719	0.01021	0.0095925
3840.0	0.0090066	0.01015	0.0076916
3845.0	0.0088097	0.01013	0.0089756
3850.0	0.0088569	0.01005	0.0087801
3855.0	0.0085365	0.01003	0.0088274
3860.0	0.0080197	0.00994	0.0085085
3865.0	0.0081248	0.00991	0.007994
3870.0	0.0073839	0.00983	0.0080989
3875.0	0.0067832	0.00983	0.0073604
3880.0	0.0065543	0.00975	0.006762
3885.0	0.0067926	0.0097	0.006534
3890.0	0.0069028	0.00971	0.0067717
3895.0	0.0074983	0.00962	0.0068818
3900.0	0.0079487	0.0096	0.007476
3905.0	0.00795	0.00959	0.0079254
3910.0	0.007156	0.00952	0.0079269
3915.0	0.007007	0.0095	0.0071353
3920.0	0.0069665	0.00941	0.0069868
3925.0	0.0068714	0.0094	0.0069466
3930.0	0.0070699	0.00932	0.006852
3935.0	0.0073743	0.0093	0.0070502
3940.0	0.0074228	0.00923	0.0073541
3945.0	0.0075613	0.0092	0.0074027
3950.0	0.0076475	0.00911	0.0075412
3955.0	0.0077399	0.00908	0.0076277
3960.0	0.0077679	0.00902	0.0077199
3965.0	0.0078253	0.00901	0.0077482
3970.0	0.0076997	0.00893	0.0078057
3975.0	0.007528	0.00891	0.0076806
3980.0	0.0074049	0.00884	0.0075097
3985.0	0.0074503	0.0088	0.0073872
3990.0	0.0073894	0.00878	0.0074327
3995.0	0.0072263	0.0087	0.0073723
4000.0	0.0071199	0.00868	0.00721
4001.0	0.0	0.0	0.0
1000000.0	0.0	0.0	0.0
