280	1.6966E+00	3.1344E-06
285	1.6966E+00	3.1344E-06
290	1.6966E+00	3.1344E-06
295	1.6966E+00	3.1344E-06
300	1.6966E+00	3.1344E-06
305	1.6966E+00	3.1344E-06
310	1.6966E+00	3.1344E-06
315	1.6966E+00	3.1344E-06
320	1.6966E+00	3.1344E-06
325	1.6966E+00	3.1344E-06
330	1.6966E+00	3.1344E-06
335	1.6966E+00	3.1344E-06
340	1.6966E+00	3.1344E-06
345	1.6966E+00	3.1344E-06
350	1.6966E+00	3.1344E-06
355	1.6949E+00	2.3988E-06
360	1.6933E+00	1.6633E-06
365	1.6916E+00	9.2773E-07
370	1.6899E+00	6.4155E-07
375	1.6884E+00	4.8675E-07
380	1.6871E+00	3.3195E-07
385	1.6857E+00	2.5959E-07
390	1.6843E+00	1.8723E-07
395	1.6831E+00	1.6069E-07
400	1.6819E+00	1.3415E-07
405	1.6808E+00	1.2158E-07
410	1.6797E+00	1.0863E-07
415	1.6786E+00	9.5674E-08
420	1.6777E+00	8.2721E-08
425	1.6767E+00	7.6386E-08
430	1.6758E+00	7.0051E-08
435	1.6749E+00	6.3716E-08
440	1.6740E+00	5.9978E-08
445	1.6733E+00	5.6889E-08
450	1.6725E+00	5.3799E-08
455	1.6717E+00	5.0710E-08
460	1.6709E+00	4.7621E-08
465	1.6703E+00	4.5282E-08
470	1.6696E+00	4.2943E-08
475	1.6689E+00	4.0604E-08
480	1.6683E+00	3.8265E-08
485	1.6677E+00	3.5926E-08
490	1.6671E+00	3.3587E-08
495	1.6665E+00	3.1248E-08
500	1.6659E+00	2.8909E-08
505	1.6654E+00	2.7665E-08
510	1.6649E+00	2.6422E-08
515	1.6644E+00	2.5178E-08
520	1.6639E+00	2.3934E-08
525	1.6634E+00	2.2691E-08
530	1.6629E+00	2.1447E-08
535	1.6625E+00	2.0203E-08
540	1.6620E+00	1.8959E-08
545	1.6616E+00	1.7716E-08
550	1.6612E+00	1.6938E-08
555	1.6608E+00	1.6276E-08
560	1.6604E+00	1.5615E-08
565	1.6600E+00	1.4953E-08
570	1.6597E+00	1.4292E-08
575	1.6593E+00	1.3630E-08
580	1.6590E+00	1.2969E-08
585	1.6586E+00	1.3329E-08
590	1.6583E+00	1.3690E-08
595	1.6580E+00	1.4050E-08
600	1.6577E+00	1.4410E-08
605	1.6573E+00	1.4771E-08
610	1.6570E+00	1.5131E-08
615	1.6568E+00	1.5492E-08
620	1.6565E+00	1.5852E-08
625	1.6562E+00	1.5980E-08
630	1.6559E+00	1.6107E-08
635	1.6556E+00	1.6235E-08
640	1.6554E+00	1.6363E-08
645	1.6551E+00	1.6491E-08
650	1.6549E+00	1.6618E-08
655	1.6546E+00	1.6746E-08
660	1.6544E+00	1.6874E-08
665	1.6542E+00	1.6721E-08
670	1.6539E+00	1.6569E-08
675	1.6537E+00	1.6416E-08
680	1.6535E+00	1.6263E-08
685	1.6533E+00	1.6110E-08
690	1.6530E+00	1.5958E-08
695	1.6528E+00	1.5805E-08
700	1.6526E+00	1.5652E-08
705	1.6524E+00	1.5906E-08
710	1.6522E+00	1.6159E-08
715	1.6520E+00	1.6413E-08
720	1.6519E+00	1.6666E-08
725	1.6517E+00	1.6920E-08
730	1.6515E+00	1.7174E-08
735	1.6513E+00	1.7427E-08
740	1.6511E+00	1.7681E-08
745	1.6510E+00	1.7934E-08
750	1.6508E+00	1.8188E-08
755	1.6506E+00	1.8442E-08
760	1.6505E+00	1.8695E-08
765	1.6503E+00	1.8949E-08
770	1.6501E+00	1.9202E-08
775	1.6500E+00	1.9456E-08
780	1.6498E+00	1.9710E-08
785	1.6497E+00	1.9963E-08
790	1.6495E+00	2.0217E-08
795	1.6494E+00	2.0470E-08
800	1.6492E+00	2.0724E-08
805	1.6491E+00	2.0978E-08
810	1.6490E+00	2.1231E-08
815	1.6488E+00	2.1485E-08
820	1.6487E+00	2.1738E-08
825	1.6485E+00	2.1992E-08
830	1.6484E+00	2.2246E-08
835	1.6483E+00	2.2499E-08
840	1.6482E+00	2.2753E-08
845	1.6480E+00	2.3006E-08
850	1.6479E+00	2.3260E-08
855	1.6478E+00	2.3514E-08
860	1.6477E+00	2.3767E-08
865	1.6475E+00	2.4021E-08
870	1.6474E+00	2.4274E-08
875	1.6473E+00	2.4528E-08
880	1.6472E+00	2.4781E-08
885	1.6471E+00	2.5035E-08
890	1.6470E+00	2.5289E-08
895	1.6468E+00	2.5542E-08
900	1.6467E+00	2.5796E-08
905	1.6466E+00	2.6049E-08
910	1.6465E+00	2.6303E-08
915	1.6464E+00	2.6557E-08
920	1.6463E+00	2.6810E-08
925	1.6462E+00	2.7064E-08
930	1.6461E+00	2.7317E-08
935	1.6460E+00	2.7571E-08
940	1.6459E+00	2.7825E-08
945	1.6458E+00	2.8078E-08
950	1.6457E+00	2.8332E-08
955	1.6456E+00	2.8585E-08
960	1.6455E+00	2.8839E-08
965	1.6454E+00	2.9093E-08
970	1.6453E+00	2.9346E-08
975	1.6452E+00	2.9600E-08
980	1.6451E+00	2.9853E-08
985	1.6450E+00	3.0107E-08
990	1.6449E+00	3.0361E-08
995	1.6448E+00	3.0614E-08
1000	1.6447E+00	3.0868E-08
1005	1.6447E+00	3.1121E-08
1010	1.6446E+00	3.1375E-08
1015	1.6445E+00	3.1629E-08
1020	1.6444E+00	3.1882E-08
1025	1.6443E+00	3.2136E-08
1030	1.6442E+00	3.2389E-08
1035	1.6441E+00	3.2643E-08
1040	1.6440E+00	3.2897E-08
1045	1.6440E+00	3.3150E-08
1050	1.6439E+00	3.3404E-08
1055	1.6438E+00	3.3657E-08
1060	1.6437E+00	3.3911E-08
1065	1.6436E+00	3.4597E-08
1070	1.6435E+00	3.5283E-08
1075	1.6435E+00	3.5969E-08
1080	1.6434E+00	3.6655E-08
1085	1.6433E+00	3.7341E-08
1090	1.6432E+00	3.8027E-08
1095	1.6431E+00	3.8713E-08
1100	1.6431E+00	3.9399E-08
1105	1.6430E+00	4.0085E-08
1110	1.6429E+00	4.0770E-08
1115	1.6428E+00	4.1456E-08
1120	1.6428E+00	4.2142E-08
1125	1.6427E+00	4.2828E-08
1130	1.6426E+00	4.3514E-08
1135	1.6425E+00	4.4200E-08
1140	1.6425E+00	4.4886E-08
1145	1.6424E+00	4.5572E-08
1150	1.6423E+00	4.6258E-08
1155	1.6422E+00	4.6944E-08
1160	1.6422E+00	4.7630E-08
1165	1.6421E+00	4.8316E-08
1170	1.6420E+00	4.9002E-08
1175	1.6419E+00	4.9688E-08
1180	1.6419E+00	5.0374E-08
1185	1.6418E+00	5.1060E-08
1190	1.6417E+00	5.1746E-08
1195	1.6416E+00	5.2432E-08
1200	1.6416E+00	5.3118E-08
1205	1.6415E+00	5.3803E-08
1210	1.6414E+00	5.4489E-08
1215	1.6414E+00	5.5175E-08
1220	1.6413E+00	5.5861E-08
1225	1.6412E+00	5.6547E-08
1230	1.6412E+00	5.7233E-08
1235	1.6411E+00	5.7919E-08
1240	1.6410E+00	5.8605E-08
1245	1.6409E+00	5.9291E-08
1250	1.6409E+00	5.9977E-08
1255	1.6408E+00	6.0663E-08
1260	1.6407E+00	6.1349E-08
1265	1.6407E+00	6.2035E-08
1270	1.6406E+00	6.2721E-08
1275	1.6405E+00	6.3407E-08
1280	1.6405E+00	6.4093E-08
1285	1.6404E+00	6.4779E-08
1290	1.6403E+00	6.5465E-08
1295	1.6403E+00	6.6150E-08
1300	1.6402E+00	6.6836E-08
1305	1.6401E+00	6.7522E-08
1310	1.6401E+00	6.8208E-08
1315	1.6400E+00	6.8894E-08
1320	1.6399E+00	6.9580E-08
1325	1.6399E+00	7.0266E-08
1330	1.6398E+00	7.0952E-08
1335	1.6397E+00	7.1638E-08
1340	1.6397E+00	7.2324E-08
1345	1.6396E+00	7.3010E-08
1350	1.6395E+00	7.3696E-08
1355	1.6395E+00	7.4382E-08
1360	1.6394E+00	7.5068E-08
1365	1.6393E+00	7.5754E-08
1370	1.6393E+00	7.6440E-08
1375	1.6392E+00	7.7126E-08
1380	1.6391E+00	7.7812E-08
1385	1.6391E+00	7.8498E-08
1390	1.6390E+00	7.9183E-08
1395	1.6389E+00	7.9869E-08
1400	1.6389E+00	8.0555E-08
1405	1.6388E+00	8.1241E-08
1410	1.6387E+00	8.1927E-08
1415	1.6387E+00	8.2613E-08
1420	1.6386E+00	8.3299E-08
1425	1.6385E+00	8.3985E-08
1430	1.6385E+00	8.4671E-08
1435	1.6384E+00	8.5357E-08
1440	1.6384E+00	8.6043E-08
1445	1.6383E+00	8.6729E-08
1450	1.6382E+00	8.7415E-08
1455	1.6382E+00	8.8101E-08
1460	1.6381E+00	8.8787E-08
1465	1.6380E+00	8.9473E-08
1470	1.6380E+00	9.0159E-08
1475	1.6379E+00	9.0845E-08
1480	1.6378E+00	9.1531E-08
1485	1.6378E+00	9.2216E-08
1490	1.6377E+00	9.2902E-08
1495	1.6376E+00	9.3588E-08
1500	1.6376E+00	9.4274E-08
1505	1.6375E+00	9.4960E-08
1510	1.6375E+00	9.5646E-08
1515	1.6374E+00	9.6332E-08
1520	1.6373E+00	9.7018E-08
1525	1.6373E+00	9.7704E-08
1530	1.6372E+00	9.8390E-08
1535	1.6371E+00	1.0399E-07
1540	1.6371E+00	1.0959E-07
1545	1.6370E+00	1.1520E-07
1550	1.6369E+00	1.2080E-07
1555	1.6369E+00	1.2640E-07
1560	1.6368E+00	1.3200E-07
1565	1.6367E+00	1.3761E-07
1570	1.6367E+00	1.4321E-07
1575	1.6366E+00	1.4881E-07
1580	1.6365E+00	1.5441E-07
1585	1.6365E+00	1.6001E-07
1590	1.6364E+00	1.6562E-07
1595	1.6364E+00	1.7122E-07
1600	1.6363E+00	1.7682E-07
1605	1.6362E+00	1.8242E-07
1610	1.6362E+00	1.8803E-07
1615	1.6361E+00	1.9363E-07
1620	1.6360E+00	1.9923E-07
1625	1.6360E+00	2.0483E-07
1630	1.6359E+00	2.1044E-07
1635	1.6358E+00	2.1604E-07
1640	1.6358E+00	2.2164E-07
1645	1.6357E+00	2.2724E-07
1650	1.6356E+00	2.3284E-07
1655	1.6356E+00	2.3845E-07
1660	1.6355E+00	2.4405E-07
1665	1.6354E+00	2.4965E-07
1670	1.6354E+00	2.5525E-07
1675	1.6353E+00	2.6086E-07
1680	1.6352E+00	2.6646E-07
1685	1.6352E+00	2.7206E-07
1690	1.6351E+00	2.7766E-07
1695	1.6350E+00	2.8326E-07
1700	1.6350E+00	2.8887E-07
1705	1.6349E+00	2.9447E-07
1710	1.6348E+00	3.0007E-07
1715	1.6348E+00	3.0567E-07
1720	1.6347E+00	3.1128E-07
1725	1.6346E+00	3.1688E-07
1730	1.6346E+00	3.2248E-07
1735	1.6345E+00	3.2808E-07
1740	1.6344E+00	3.3369E-07
1745	1.6344E+00	3.3929E-07
1750	1.6343E+00	3.4489E-07
1755	1.6342E+00	3.5049E-07
1760	1.6342E+00	3.5609E-07
1765	1.6341E+00	3.6170E-07
1770	1.6340E+00	3.6730E-07
1775	1.6340E+00	3.7290E-07
1780	1.6339E+00	3.7850E-07
1785	1.6338E+00	3.8411E-07
1790	1.6338E+00	3.8971E-07
1795	1.6337E+00	3.9531E-07
1800	1.6336E+00	4.0091E-07
1805	1.6336E+00	4.0651E-07
1810	1.6335E+00	4.1212E-07
1815	1.6334E+00	4.1772E-07
1820	1.6334E+00	4.2332E-07
1825	1.6333E+00	4.2892E-07
1830	1.6332E+00	4.3453E-07
1835	1.6332E+00	4.4013E-07
1840	1.6331E+00	4.4573E-07
1845	1.6330E+00	4.5133E-07
1850	1.6330E+00	4.5694E-07
1855	1.6329E+00	4.6254E-07
1860	1.6328E+00	4.6814E-07
1865	1.6328E+00	4.7374E-07
1870	1.6327E+00	4.7934E-07
1875	1.6326E+00	4.8495E-07
1880	1.6325E+00	4.9055E-07
1885	1.6325E+00	4.9615E-07
1890	1.6324E+00	5.0175E-07
1895	1.6323E+00	5.0736E-07
1900	1.6323E+00	5.1296E-07
1905	1.6322E+00	5.1856E-07
1910	1.6321E+00	5.2416E-07
1915	1.6321E+00	5.2976E-07
1920	1.6320E+00	5.3537E-07
1925	1.6319E+00	5.4097E-07
1930	1.6318E+00	5.4657E-07
1935	1.6318E+00	5.5217E-07
1940	1.6317E+00	5.5778E-07
1945	1.6316E+00	5.6338E-07
1950	1.6316E+00	5.6898E-07
1955	1.6315E+00	5.7458E-07
1960	1.6314E+00	5.8019E-07
1965	1.6313E+00	5.8579E-07
1970	1.6313E+00	5.9139E-07
1975	1.6312E+00	6.2637E-07
1980	1.6311E+00	6.6135E-07
1985	1.6311E+00	6.9634E-07
1990	1.6310E+00	7.3132E-07
1995	1.6309E+00	7.6630E-07
2000	1.6308E+00	8.0128E-07
2005	1.6308E+00	8.3626E-07
2010	1.6307E+00	8.7124E-07
2015	1.6306E+00	9.0623E-07
2020	1.6306E+00	9.4121E-07
2025	1.6305E+00	9.7619E-07
2030	1.6304E+00	1.0112E-06
2035	1.6303E+00	1.0462E-06
2040	1.6303E+00	1.0811E-06
2045	1.6302E+00	1.1161E-06
2050	1.6301E+00	1.1511E-06
2055	1.6300E+00	1.1861E-06
2060	1.6300E+00	1.2211E-06
2065	1.6299E+00	1.2560E-06
2070	1.6298E+00	1.2910E-06
2075	1.6297E+00	1.3260E-06
2080	1.6297E+00	1.3610E-06
2085	1.6296E+00	1.3960E-06
2090	1.6295E+00	1.4310E-06
2095	1.6294E+00	1.4659E-06
2100	1.6294E+00	1.5009E-06
2105	1.6293E+00	1.5359E-06
2110	1.6292E+00	1.5709E-06
2115	1.6291E+00	1.6059E-06
2120	1.6291E+00	1.6408E-06
2125	1.6290E+00	1.6758E-06
2130	1.6289E+00	1.7108E-06
2135	1.6288E+00	1.7458E-06
2140	1.6288E+00	1.7808E-06
2145	1.6287E+00	1.8158E-06
2150	1.6286E+00	1.8507E-06
2155	1.6285E+00	1.8857E-06
2160	1.6285E+00	1.9207E-06
2165	1.6284E+00	1.9557E-06
2170	1.6283E+00	1.9907E-06
2175	1.6282E+00	2.0256E-06
2180	1.6281E+00	2.0606E-06
2185	1.6281E+00	2.0956E-06
2190	1.6280E+00	2.1306E-06
2195	1.6279E+00	2.1656E-06
2200	1.6278E+00	2.2006E-06
2205	1.6278E+00	2.2355E-06
2210	1.6277E+00	2.2705E-06
2215	1.6276E+00	2.3055E-06
2220	1.6275E+00	2.3405E-06
2225	1.6274E+00	2.3755E-06
2230	1.6274E+00	2.4104E-06
2235	1.6273E+00	2.4454E-06
2240	1.6272E+00	2.4804E-06
2245	1.6271E+00	2.5154E-06
2250	1.6270E+00	2.5504E-06
2255	1.6270E+00	2.5854E-06
2260	1.6269E+00	2.6203E-06
2265	1.6268E+00	2.6553E-06
2270	1.6267E+00	2.6903E-06
2275	1.6266E+00	2.7253E-06
2280	1.6266E+00	2.7603E-06
2285	1.6265E+00	2.7952E-06
2290	1.6264E+00	2.8302E-06
2295	1.6263E+00	2.8652E-06
2300	1.6262E+00	2.9002E-06
2305	1.6261E+00	2.9352E-06
2310	1.6261E+00	2.9702E-06
2315	1.6260E+00	3.0051E-06
2320	1.6259E+00	3.0401E-06
2325	1.6258E+00	3.0751E-06
2330	1.6257E+00	3.1688E-06
2335	1.6257E+00	3.2625E-06
2340	1.6256E+00	3.3562E-06
2345	1.6255E+00	3.4499E-06
2350	1.6254E+00	3.5436E-06
2355	1.6253E+00	3.6372E-06
2360	1.6252E+00	3.7309E-06
2365	1.6251E+00	3.8246E-06
2370	1.6251E+00	3.9183E-06
2375	1.6250E+00	4.0120E-06
2380	1.6249E+00	4.1057E-06
2385	1.6248E+00	4.1994E-06
2390	1.6247E+00	4.2931E-06
2395	1.6246E+00	4.3868E-06
2400	1.6246E+00	4.4805E-06
2405	1.6245E+00	4.5742E-06
2410	1.6244E+00	4.6679E-06
2415	1.6243E+00	4.7615E-06
2420	1.6242E+00	4.8552E-06
2425	1.6241E+00	4.9489E-06
2430	1.6240E+00	5.0426E-06
2435	1.6240E+00	5.1363E-06
2440	1.6239E+00	5.2300E-06
2445	1.6238E+00	5.3237E-06
2450	1.6237E+00	5.4174E-06
2455	1.6236E+00	5.5111E-06
2460	1.6235E+00	5.6048E-06
2465	1.6234E+00	5.6985E-06
2470	1.6233E+00	5.7922E-06
2475	1.6233E+00	5.8858E-06
2480	1.6232E+00	5.9795E-06
2485	1.6231E+00	6.0732E-06
2490	1.6230E+00	6.1669E-06
2495	1.6229E+00	6.2606E-06
2500	1.6228E+00	6.3543E-06
