500	2.8968	0.5838
510	2.8633	0.4637
520	2.8277	0.4209
530	2.7906	0.4012
540	2.7527	0.3894
550	2.7145	0.382
560	2.6764	0.3776
570	2.6388	0.3753
580	2.6019	0.3745
590	2.5661	0.3749
600	2.531	0.3762
610	2.4966	0.3781
620	2.4627	0.3807
630	2.4291	0.3839
640	2.3956	0.3876
650	2.3622	0.3918
660	2.3284	0.3965
670	2.2942	0.4017
680	2.2598	0.4074
690	2.2256	0.4138
700	2.1923	0.4208
710	2.1599	0.4286
720	2.1286	0.4376
730	2.098	0.4483
740	2.0678	0.4627
750	2.0377	0.6064
760	2.0076	0.6279
770	1.9771	0.6447
780	1.9458	0.6599
790	1.9142	0.6745
800	1.8846	0.6892
810	1.8584	0.7048
820	1.8352	0.7226
830	1.8138	0.7483
840	1.7936	0.8683
850	1.7742	0.9
860	1.7557	0.9227
870	1.7378	0.943
880	1.7208	0.9628
890	1.7047	0.9836
900	1.6898	1.0079
910	1.6766	1.0455
920	1.6653	1.1171
930	1.6562	1.1666
940	1.6489	1.203
950	1.6432	1.2362
960	1.6385	1.2693
970	1.6346	1.3051
980	1.6313	1.3463
990	1.6286	1.3934
1000	1.6266	1.443
1010	1.6252	1.4905
1020	1.6244	1.5346
1030	1.6242	1.5759
1040	1.6248	1.6152
1050	1.626	1.6527
1060	1.6278	1.6881
1070	1.6303	1.7208
1080	1.6334	1.7515
1090	1.637	1.7813
1100	1.6411	1.811
1110	1.6456	1.8409
1120	1.6505	1.871
1130	1.6558	1.9017
1140	1.6613	1.933
1150	1.667	1.9655
1160	1.673	1.9994
1170	1.6791	2.0336
1180	1.6855	2.0668
1190	1.6921	2.0985
1200	1.6988	2.1291
1210	1.7057	2.1586
1220	1.7128	2.1871
1230	1.7202	2.2144
1240	1.7277	2.2405
1250	1.7354	2.2664
1260	1.7433	2.2944
1270	1.7514	2.3301
1280	1.7598	2.391
1290	1.7685	2.4461
1300	1.7774	2.4799
1310	1.7866	2.5064
1320	1.796	2.531
1330	1.8058	2.5559
1340	1.816	2.5837
1350	1.8265	2.6205
1360	1.8374	2.673
1370	1.8487	2.7138
1380	1.8605	2.7388
1390	1.8728	2.756
1400	1.8859	2.7691
1410	1.8996	2.7801
1420	1.9138	2.7899
1430	1.9281	2.7989
1440	1.9415	2.8075
1450	1.9527	2.8158
1460	1.9581	2.8239
1470	1.9456	2.832
1480	1.8724	2.8402
1490	1.8327	2.8485
1500	1.8413	2.8571
1510	1.859	2.866
1520	1.8785	2.8752
1530	1.8971	2.885
1540	1.9137	2.8952
1550	1.9277	2.9058
1560	1.9397	2.917
1570	1.9503	2.9286
1580	1.9599	2.9408
1590	1.9688	2.9536
1600	1.9774	2.9671
1610	1.9857	2.9814
1620	1.9941	2.9968
1630	2.0027	3.0134
1640	2.0117	3.0321
1650	2.021	3.0542
1660	2.0307	3.0826
1670	2.0409	3.1202
1680	2.0515	3.1591
1690	2.0626	3.186
1700	2.0742	3.2054
1710	2.0861	3.222
1720	2.0985	3.2375
1730	2.1113	3.2527
1740	2.1245	3.2682
1750	2.138	3.2846
1760	2.1519	3.3028
1770	2.1662	3.3238
1780	2.1807	3.3485
1790	2.1955	3.3765
1800	2.2105	3.4066
1810	2.2257	3.4366
1820	2.2411	3.4636
1830	2.2567	3.4855
1840	2.2725	3.5039
1850	2.2883	3.5209
1860	2.3043	3.5381
1870	2.3205	3.5571
1880	2.3367	3.5793
1890	2.353	3.6052
1900	2.3695	3.6331
1910	2.386	3.661
1920	2.4026	3.6873
1930	2.4192	3.7107
1940	2.4359	3.7305
1950	2.4527	3.7462
1960	2.4695	3.7588
1970	2.4863	3.7694
1980	2.5031	3.779
1990	2.5199	3.7885
2000	2.5367	3.7987
2010	2.5534	3.8105
2020	2.57	3.8249
2030	2.5866	3.8433
2040	2.6031	3.8657
2050	2.6194	3.891
2060	2.6357	3.9174
2070	2.6517	3.9433
2080	2.6677	3.9666
2090	2.6835	3.9862
2100	2.6991	4.0013
2110	2.7146	4.0131
2120	2.7299	4.0227
2130	2.7452	4.0312
2140	2.7604	4.0393
2150	2.7755	4.0473
2160	2.7905	4.0557
2170	2.8055	4.0647
2180	2.8205	4.0745
2190	2.8354	4.0852
2200	2.8504	4.0967
2210	2.8654	4.1088
2220	2.8803	4.1215
2230	2.8954	4.1346
2240	2.9104	4.1482
2250	2.9255	4.162
2260	2.9407	4.1762
2270	2.956	4.1907
2280	2.9713	4.2053
2290	2.9867	4.2202
2300	3.0022	4.2353
2310	3.0177	4.2506
2320	3.0333	4.266
2330	3.0489	4.2814
2340	3.0645	4.2966
2350	3.0801	4.3113
2360	3.0958	4.3251
2370	3.1114	4.3379
2380	3.1271	4.3498
2390	3.1427	4.3609
2400	3.1583	4.3715
2410	3.1738	4.3816
2420	3.1894	4.3914
2430	3.2048	4.401
2440	3.2202	4.4105
2450	3.2356	4.4197
2460	3.2509	4.4289
2470	3.266	4.438
2480	3.2811	4.447
2490	3.2961	4.4559
2500	3.311	4.4648
2510	3.3257	4.4736
2520	3.3404	4.4824
2530	3.3549	4.4911
2540	3.3693	4.4998
2550	3.3835	4.5084
2560	3.3977	4.5171
2570	3.4117	4.5257
2580	3.4255	4.5343
2590	3.4392	4.5429
2600	3.4528	4.5515
2610	3.4662	4.5602
2620	3.4795	4.569
2630	3.4926	4.578
2640	3.5056	4.5872
2650	3.5185	4.5966
2660	3.5312	4.6064
2670	3.5438	4.6164
2680	3.5563	4.6268
2690	3.5686	4.6375
2700	3.5809	4.6484
2710	3.593	4.6595
2720	3.6051	4.6707
2730	3.6171	4.6819
2740	3.6291	4.693
2750	3.641	4.7041
2760	3.6529	4.7151
2770	3.6647	4.726
2780	3.6765	4.7367
2790	3.6883	4.7471
2800	3.7	4.7573
2810	3.7118	4.7672
2820	3.7235	4.7767
2830	3.7353	4.7859
2840	3.7471	4.7947
2850	3.7588	4.8029
2860	3.7706	4.8108
2870	3.7825	4.8182
2880	3.7943	4.8253
2890	3.8062	4.832
2900	3.8181	4.8386
2910	3.83	4.8449
2920	3.842	4.8512
2930	3.854	4.8573
2940	3.866	4.8635
2950	3.8781	4.8697
2960	3.8901	4.876
2970	3.9022	4.8824
2980	3.9143	4.889
2990	3.9265	4.8958
3000	3.9386	4.9028
3010	3.9508	4.9101
3020	3.9629	4.9176
3030	3.9751	4.9253
3040	3.9873	4.9331
3050	3.9995	4.9412
3060	4.0118	4.9493
3070	4.024	4.9576
3080	4.0362	4.9661
3090	4.0485	4.9746
3100	4.0607	4.9833
3110	4.073	4.9921
3120	4.0853	5.001
3130	4.0975	5.0099
3140	4.1098	5.019
3150	4.1221	5.0281
3160	4.1344	5.0373
3170	4.1466	5.0466
3180	4.1589	5.056
3190	4.1712	5.0654
3200	4.1835	5.0749
3210	4.1958	5.0844
3220	4.2081	5.0939
3230	4.2204	5.1033
3240	4.2327	5.1125
3250	4.245	5.1217
3260	4.2574	5.1306
3270	4.2697	5.1393
3280	4.2821	5.1478
3290	4.2944	5.1561
3300	4.3068	5.1642
3310	4.3192	5.1721
3320	4.3316	5.1799
3330	4.3441	5.1874
3340	4.3565	5.1949
3350	4.369	5.2022
3360	4.3815	5.2095
3370	4.394	5.2167
3380	4.4065	5.2238
3390	4.419	5.2309
3400	4.4316	5.2379
3410	4.4441	5.245
3420	4.4567	5.252
3430	4.4693	5.2589
3440	4.4818	5.2659
3450	4.4944	5.2729
3460	4.507	5.2798
3470	4.5196	5.2868
3480	4.5322	5.2938
3490	4.5448	5.3008
3500	4.5574	5.3078
3510	4.57	5.3149
3520	4.5825	5.322
3530	4.5951	5.3292
3540	4.6077	5.3365
3550	4.6203	5.3438
3560	4.6328	5.3512
3570	4.6454	5.3586
3580	4.658	5.3661
3590	4.6705	5.3736
3600	4.6831	5.3812
3610	4.6956	5.3887
3620	4.7081	5.3962
3630	4.7207	5.4036
3640	4.7332	5.4109
3650	4.7457	5.4182
3660	4.7582	5.4253
3670	4.7707	5.4323
3680	4.7832	5.4392
3690	4.7957	5.4459
3700	4.8082	5.4525
3710	4.8206	5.459
3720	4.8331	5.4653
3730	4.8455	5.4715
3740	4.8579	5.4775
3750	4.8703	5.4835
3760	4.8827	5.4893
3770	4.8951	5.495
3780	4.9075	5.5006
3790	4.9198	5.5061
3800	4.9322	5.5115
3810	4.9446	5.5168
3820	4.957	5.5219
3830	4.9694	5.5269
3840	4.9818	5.5318
3850	4.9943	5.5366
3860	5.0069	5.5413
3870	5.0195	5.5458
3880	5.0322	5.5502
3890	5.045	5.5545
3900	5.0578	5.5586
3910	5.0706	5.5626
3920	5.0835	5.5665
3930	5.0964	5.5702
3940	5.1093	5.5739
3950	5.1221	5.5775
3960	5.1349	5.581
3970	5.1477	5.5845
3980	5.1604	5.588
3990	5.173	5.5914
4000	5.1856	5.5948
4010	5.198	5.5982
4020	5.2103	5.6017
4030	5.2225	5.6051
4040	5.2346	5.6086
4050	5.2466	5.6122
4060	5.2584	5.6158
4070	5.27	5.6194
4080	5.2816	5.6232
4090	5.293	5.627
4100	5.3043	5.6308
4110	5.3155	5.6348
4120	5.3266	5.6388
4130	5.3377	5.6429
4140	5.3488	5.6471
4150	5.3598	5.6513
4160	5.3707	5.6556
4170	5.3817	5.6598
4180	5.3927	5.6641
4190	5.4037	5.6684
4200	5.4146	5.6727
4210	5.4257	5.6769
4220	5.4367	5.6812
4230	5.4478	5.6854
4240	5.459	5.6895
4250	5.4702	5.6937
4260	5.4815	5.6978
4270	5.4928	5.7018
4280	5.5042	5.7057
4290	5.5155	5.7096
4300	5.5269	5.7134
4310	5.5383	5.7171
4320	5.5497	5.7207
4330	5.5611	5.7242
4340	5.5724	5.7275
4350	5.5838	5.7308
4360	5.5951	5.7339
4370	5.6064	5.7368
4380	5.6176	5.7396
4390	5.6288	5.7422
4400	5.64	5.7446
4410	5.6511	5.7468
4420	5.6621	5.7489
4430	5.6731	5.7509
4440	5.684	5.7526
4450	5.6948	5.7543
4460	5.7055	5.7558
4470	5.7162	5.7572
4480	5.7268	5.7585
4490	5.7372	5.7597
4500	5.7476	5.7608
4510	5.7579	5.7619
4520	5.7682	5.7629
4530	5.7783	5.7638
4540	5.7884	5.7647
4550	5.7984	5.7656
4560	5.8083	5.7664
4570	5.8181	5.7673
4580	5.8279	5.7681
4590	5.8376	5.769
4600	5.8473	5.77
4610	5.8569	5.7709
4620	5.8664	5.7719
4630	5.8759	5.773
4640	5.8853	5.7742
4650	5.8947	5.7754
4660	5.904	5.7768
4670	5.9133	5.7781
4680	5.9225	5.7796
4690	5.9317	5.7811
4700	5.9409	5.7827
4710	5.95	5.7843
4720	5.9591	5.786
4730	5.9681	5.7877
4740	5.9771	5.7895
4750	5.9861	5.7913
4760	5.9951	5.7932
4770	6.004	5.7951
4780	6.0129	5.7971
4790	6.0218	5.799
4800	6.0306	5.801
4810	6.0395	5.8031
4820	6.0483	5.8052
4830	6.0571	5.8072
4840	6.0658	5.8094
4850	6.0746	5.8115
4860	6.0834	5.8136
4870	6.0921	5.8158
4880	6.1008	5.818
4890	6.1095	5.8202
4900	6.1182	5.8224
4910	6.1269	5.8246
4920	6.1356	5.8268
4930	6.1442	5.829
4940	6.1529	5.8312
4950	6.1615	5.8335
4960	6.1701	5.8357
4970	6.1787	5.8379
4980	6.1873	5.8401
4990	6.196	5.8424
5000	6.2045	5.8446
5010	6.2131	5.8468
5020	6.2217	5.849
5030	6.2303	5.8512
5040	6.2389	5.8534
5050	6.2474	5.8556
5060	6.256	5.8578
5070	6.2646	5.86
5080	6.2731	5.8622
5090	6.2817	5.8643
5100	6.2902	5.8665
5110	6.2988	5.8687
5120	6.3073	5.8708
5130	6.3159	5.8729
5140	6.3244	5.875
5150	6.3329	5.8771
5160	6.3414	5.8792
5170	6.3499	5.8813
5180	6.3584	5.8834
5190	6.3669	5.8854
5200	6.3754	5.8874
5210	6.3838	5.8895
5220	6.3923	5.8915
5230	6.4007	5.8934
5240	6.4092	5.8954
5250	6.4176	5.8974
5260	6.426	5.8993
5270	6.4344	5.9013
5280	6.4428	5.9032
5290	6.4512	5.9051
5300	6.4595	5.907
5310	6.4679	5.9089
5320	6.4762	5.9108
5330	6.4845	5.9126
5340	6.4929	5.9145
5350	6.5012	5.9163
5360	6.5095	5.9182
5370	6.5178	5.92
5380	6.526	5.9218
5390	6.5343	5.9236
5400	6.5426	5.9254
5410	6.5508	5.9271
5420	6.559	5.9289
5430	6.5673	5.9306
5440	6.5755	5.9324
5450	6.5837	5.9341
5460	6.5919	5.9358
5470	6.6	5.9375
5480	6.6082	5.9392
5490	6.6163	5.9409
5500	6.6245	5.9425
5510	6.6326	5.9442
5520	6.6407	5.9459
5530	6.6488	5.9475
5540	6.6569	5.9492
5550	6.6649	5.9508
5560	6.673	5.9525
5570	6.681	5.9541
5580	6.689	5.9557
5590	6.697	5.9574
5600	6.705	5.959
5610	6.713	5.9607
5620	6.7209	5.9623
5630	6.7288	5.9639
5640	6.7367	5.9656
5650	6.7446	5.9672
5660	6.7525	5.9689
5670	6.7603	5.9705
5680	6.7681	5.9722
5690	6.7759	5.9738
5700	6.7837	5.9755
5710	6.7915	5.9772
5720	6.7992	5.9789
5730	6.8069	5.9806
5740	6.8146	5.9823
5750	6.8223	5.984
5760	6.83	5.9857
5770	6.8376	5.9874
5780	6.8452	5.9891
5790	6.8528	5.9908
5800	6.8604	5.9925
5810	6.868	5.9942
5820	6.8756	5.9959
5830	6.8831	5.9975
5840	6.8907	5.9992
5850	6.8982	6.0009
5860	6.9058	6.0025
5870	6.9133	6.0042
5880	6.9208	6.0058
5890	6.9283	6.0074
5900	6.9358	6.009
5910	6.9433	6.0106
5920	6.9508	6.0121
5930	6.9582	6.0137
5940	6.9657	6.0152
5950	6.9732	6.0167
5960	6.9807	6.0182
5970	6.9881	6.0197
5980	6.9956	6.0211
5990	7.0031	6.0225
6000	7.0106	6.0239
6010	7.0181	6.0252
6020	7.0256	6.0265
6030	7.0331	6.0278
6040	7.0406	6.0291
6050	7.0481	6.0303
6060	7.0556	6.0315
6070	7.0631	6.0326
6080	7.0706	6.0338
6090	7.0782	6.0349
6100	7.0857	6.0359
6110	7.0933	6.0369
6120	7.1008	6.0379
6130	7.1084	6.0388
6140	7.1159	6.0397
6150	7.1235	6.0406
6160	7.1311	6.0414
6170	7.1387	6.0422
6180	7.1463	6.043
6190	7.1539	6.0437
6200	7.1615	6.0443
6210	7.1691	6.045
6220	7.1767	6.0455
6230	7.1843	6.0461
6240	7.1919	6.0466
6250	7.1995	6.0471
6260	7.2072	6.0475
6270	7.2148	6.0479
6280	7.2225	6.0483
6290	7.2301	6.0486
6300	7.2378	6.0489
6310	7.2454	6.0492
6320	7.2531	6.0494
6330	7.2608	6.0496
6340	7.2684	6.0498
6350	7.2761	6.05
6360	7.2838	6.0501
6370	7.2915	6.0503
6380	7.2992	6.0504
6390	7.3069	6.0505
6400	7.3145	6.0506
6410	7.3222	6.0507
6420	7.3299	6.0507
6430	7.3376	6.0508
6440	7.3452	6.0508
6450	7.3529	6.0508
6460	7.3605	6.0508
6470	7.3682	6.0509
6480	7.3758	6.0509
6490	7.3834	6.0509
6500	7.3911	6.0509
6510	7.3986	6.0509
6520	7.4062	6.0509
6530	7.4138	6.0509
6540	7.4213	6.0509
6550	7.4289	6.0508
6560	7.4364	6.0508
6570	7.4439	6.0508
6580	7.4514	6.0507
6590	7.4588	6.0507
6600	7.4662	6.0506
6610	7.4737	6.0505
6620	7.481	6.0504
6630	7.4884	6.0502
6640	7.4957	6.05
6650	7.5031	6.0498
6660	7.5103	6.0495
6670	7.5176	6.0492
6680	7.5248	6.0489
6690	7.532	6.0485
6700	7.5392	6.0481
6710	7.5463	6.0476
6720	7.5534	6.0471
6730	7.5605	6.0465
6740	7.5675	6.0459
6750	7.5745	6.0452
6760	7.5814	6.0444
6770	7.5884	6.0437
6780	7.5953	6.0428
6790	7.6021	6.0419
6800	7.609	6.0409
6810	7.6157	6.0399
6820	7.6225	6.0389
6830	7.6292	6.0378
6840	7.6359	6.0366
6850	7.6426	6.0354
6860	7.6492	6.0342
6870	7.6557	6.033
6880	7.6623	6.0317
6890	7.6688	6.0304
6900	7.6752	6.0291
6910	7.6816	6.0278
6920	7.688	6.0264
6930	7.6943	6.025
6940	7.7006	6.0236
6950	7.7069	6.0222
6960	7.713	6.0208
6970	7.7192	6.0194
6980	7.7253	6.018
6990	7.7313	6.0165
7000	7.7373	6.0151
7010	7.7432	6.0137
7020	7.7491	6.0123
7030	7.7549	6.0109
7040	7.7606	6.0095
7050	7.7663	6.0081
7060	7.7719	6.0068
7070	7.7775	6.0054
7080	7.7829	6.0041
7090	7.7883	6.0027
7100	7.7936	6.0014
7110	7.7989	6.0001
7120	7.8041	5.9988
7130	7.8092	5.9975
7140	7.8143	5.9961
7150	7.8193	5.9948
7160	7.8242	5.9934
7170	7.8291	5.9921
7180	7.8339	5.9907
7190	7.8387	5.9893
7200	7.8435	5.9878
7210	7.8482	5.9864
7220	7.8529	5.9849
7230	7.8576	5.9834
7240	7.8622	5.9818
7250	7.8669	5.9802
7260	7.8715	5.9786
7270	7.8762	5.9769
7280	7.8809	5.9752
7290	7.8856	5.9734
7300	7.8903	5.9717
7310	7.8952	5.9698
7320	7.9	5.9679
7330	7.905	5.966
7340	7.91	5.9641
7350	7.915	5.9621
7360	7.9201	5.9602
7370	7.9252	5.9582
7380	7.9303	5.9561
7390	7.9354	5.9541
7400	7.9406	5.952
7410	7.9457	5.95
7420	7.9507	5.9479
7430	7.9558	5.9459
7440	7.9608	5.9438
7450	7.9657	5.9417
7460	7.9705	5.9396
7470	7.9753	5.9376
7480	7.98	5.9355
7490	7.9847	5.9335
7500	7.9892	5.9314
7510	7.9937	5.9294
7520	7.9981	5.9274
7530	8.0024	5.9255
7540	8.0066	5.9235
7550	8.0107	5.9216
7560	8.0147	5.9197
7570	8.0187	5.9179
7580	8.0226	5.916
7590	8.0264	5.9143
7600	8.0302	5.9126
7610	8.0339	5.9109
7620	8.0375	5.9092
7630	8.0412	5.9076
7640	8.0447	5.9061
7650	8.0483	5.9045
7660	8.0518	5.903
7670	8.0552	5.9015
7680	8.0586	5.9
7690	8.062	5.8985
7700	8.0654	5.8971
7710	8.0687	5.8956
7720	8.072	5.8941
7730	8.0753	5.8926
7740	8.0786	5.8911
7750	8.0818	5.8896
7760	8.085	5.8881
7770	8.0882	5.8865
7780	8.0913	5.8849
7790	8.0944	5.8833
7800	8.0976	5.8816
7810	8.1007	5.8799
7820	8.1037	5.8781
7830	8.1068	5.8763
7840	8.1099	5.8745
7850	8.1129	5.8726
7860	8.1159	5.8707
7870	8.1189	5.8688
7880	8.1219	5.8669
7890	8.1249	5.865
7900	8.1278	5.863
7910	8.1307	5.861
7920	8.1336	5.859
7930	8.1365	5.857
7940	8.1394	5.855
7950	8.1423	5.853
7960	8.1451	5.851
7970	8.1479	5.8489
7980	8.1507	5.8469
7990	8.1534	5.8449
8000	8.1561	5.8429
8010	8.1588	5.8408
8020	8.1615	5.8388
8030	8.1642	5.8368
8040	8.1668	5.8348
8050	8.1694	5.8328
8060	8.172	5.8308
8070	8.1745	5.8288
8080	8.177	5.8269
8090	8.1795	5.825
8100	8.182	5.823
8110	8.1844	5.8211
8120	8.1868	5.8193
8130	8.1892	5.8174
8140	8.1916	5.8156
8150	8.1939	5.8138
8160	8.1961	5.812
8170	8.1984	5.8103
8180	8.2006	5.8086
8190	8.2028	5.8069
8200	8.2049	5.8053
8210	8.207	5.8037
8220	8.2091	5.8021
8230	8.2111	5.8006
8240	8.2131	5.7991
8250	8.215	5.7976
8260	8.2169	5.7962
8270	8.2188	5.7948
8280	8.2206	5.7935
8290	8.2224	5.7922
8300	8.2241	5.7909
8310	8.2257	5.7897
8320	8.2273	5.7885
8330	8.2288	5.7874
8340	8.2303	5.7863
8350	8.2317	5.7852
8360	8.2331	5.7842
8370	8.2344	5.7832
8380	8.2357	5.7822
8390	8.2369	5.7813
8400	8.238	5.7804
8410	8.2391	5.7795
8420	8.2401	5.7786
8430	8.2411	5.7778
8440	8.242	5.777
8450	8.2429	5.7762
8460	8.2438	5.7754
8470	8.2446	5.7746
8480	8.2453	5.7739
8490	8.2461	5.7731
8500	8.2468	5.7724
8510	8.2475	5.7717
8520	8.2481	5.771
8530	8.2487	5.7703
8540	8.2493	5.7696
8550	8.2499	5.7689
8560	8.2504	5.7682
8570	8.251	5.7675
8580	8.2515	5.7668
8590	8.252	5.7661
8600	8.2524	5.7654
8610	8.2529	5.7647
8620	8.2533	5.7639
8630	8.2538	5.7632
8640	8.2542	5.7625
8650	8.2546	5.7617
8660	8.255	5.761
8670	8.2553	5.7602
8680	8.2557	5.7595
8690	8.2561	5.7587
8700	8.2564	5.7579
8710	8.2567	5.7572
8720	8.2571	5.7565
8730	8.2574	5.7557
8740	8.2577	5.755
8750	8.258	5.7544
8760	8.2583	5.7537
8770	8.2585	5.7531
8780	8.2588	5.7525
8790	8.2591	5.7519
8800	8.2593	5.7514
8810	8.2595	5.7508
8820	8.2598	5.7504
8830	8.26	5.7499
8840	8.2602	5.7495
8850	8.2604	5.7492
8860	8.2606	5.7489
8870	8.2608	5.7486
8880	8.261	5.7483
8890	8.2611	5.7481
8900	8.2613	5.7479
8910	8.2614	5.7478
8920	8.2615	5.7476
8930	8.2616	5.7475
8940	8.2617	5.7475
8950	8.2618	5.7474
8960	8.2619	5.7474
8970	8.2619	5.7474
8980	8.262	5.7474
8990	8.262	5.7475
9000	8.262	5.7475
9010	8.262	5.7476
9020	8.2619	5.7478
9030	8.2619	5.7479
9040	8.2618	5.7481
9050	8.2617	5.7483
9060	8.2616	5.7485
9070	8.2615	5.7487
9080	8.2614	5.749
9090	8.2612	5.7493
9100	8.261	5.7497
9110	8.2608	5.75
9120	8.2606	5.7504
9130	8.2603	5.7508
9140	8.26	5.7513
9150	8.2597	5.7518
9160	8.2594	5.7524
9170	8.259	5.753
9180	8.2586	5.7536
9190	8.2582	5.7543
9200	8.2577	5.755
9210	8.2572	5.7558
9220	8.2567	5.7567
9230	8.2561	5.7575
9240	8.2555	5.7585
9250	8.2548	5.7595
9260	8.2541	5.7605
9270	8.2534	5.7615
9280	8.2526	5.7626
9290	8.2517	5.7638
9300	8.2508	5.7649
9310	8.2499	5.7661
9320	8.2488	5.7672
9330	8.2477	5.7684
9340	8.2466	5.7696
9350	8.2453	5.7708
9360	8.244	5.772
9370	8.2426	5.7731
9380	8.2411	5.7743
9390	8.2396	5.7754
9400	8.238	5.7766
9410	8.2362	5.7777
9420	8.2345	5.7788
9430	8.2326	5.7799
9440	8.2308	5.781
9450	8.2288	5.7821
9460	8.2268	5.7832
9470	8.2248	5.7843
9480	8.2228	5.7854
9490	8.2207	5.7865
9500	8.2187	5.7877
9510	8.2166	5.7888
9520	8.2145	5.7899
9530	8.2124	5.7911
9540	8.2104	5.7923
9550	8.2083	5.7935
9560	8.2063	5.7947
9570	8.2043	5.7959
9580	8.2023	5.7972
9590	8.2004	5.7985
9600	8.1984	5.7998
9610	8.1966	5.8011
9620	8.1947	5.8025
9630	8.1928	5.8039
9640	8.191	5.8054
9650	8.1892	5.8069
9660	8.1874	5.8084
9670	8.1856	5.81
9680	8.1839	5.8117
9690	8.1821	5.8134
9700	8.1804	5.8152
9710	8.1786	5.8171
9720	8.1769	5.819
9730	8.1752	5.8211
9740	8.1735	5.8232
9750	8.1718	5.8254
9760	8.1701	5.8277
9770	8.1684	5.8301
9780	8.1667	5.8326
9790	8.165	5.8352
9800	8.1633	5.8378
9810	8.1616	5.8406
9820	8.1599	5.8435
9830	8.1582	5.8464
9840	8.1565	5.8494
9850	8.1549	5.8525
9860	8.1532	5.8556
9870	8.1515	5.8588
9880	8.1498	5.8621
9890	8.1481	5.8654
9900	8.1464	5.8687
9910	8.1447	5.8721
9920	8.143	5.8754
9930	8.1413	5.8789
9940	8.1396	5.8823
9950	8.1379	5.8857
9960	8.1362	5.8892
9970	8.1345	5.8926
9980	8.1328	5.8961
9990	8.1311	5.8996
10000	8.1294	5.9031
10010	8.1276	5.9066
10020	8.1259	5.9101
10030	8.1242	5.9137
10040	8.1225	5.9172
10050	8.1207	5.9208
10060	8.119	5.9244
10070	8.1173	5.928
10080	8.1156	5.9317
10090	8.1139	5.9353
10100	8.1122	5.939
10110	8.1104	5.9428
10120	8.1087	5.9465
10130	8.107	5.9503
10140	8.1053	5.9541
10150	8.1036	5.9579
10160	8.1019	5.9618
10170	8.1003	5.9657
10180	8.0986	5.9697
10190	8.0969	5.9737
10200	8.0952	5.9778
10210	8.0936	5.982
10220	8.0919	5.9862
10230	8.0903	5.9905
10240	8.0887	5.995
10250	8.0871	5.9995
10260	8.0855	6.0042
10270	8.0839	6.009
10280	8.0823	6.014
10290	8.0807	6.0191
10300	8.0792	6.0244
10310	8.0777	6.0299
10320	8.0762	6.0356
10330	8.0747	6.0414
10340	8.0732	6.0475
10350	8.0718	6.0536
10360	8.0704	6.0598
10370	8.069	6.0662
10380	8.0677	6.0725
10390	8.0664	6.0789
10400	8.0652	6.0853
10410	8.064	6.0917
10420	8.0628	6.098
10430	8.0617	6.1043
10440	8.0606	6.1105
10450	8.0596	6.1167
10460	8.0587	6.1229
10470	8.0578	6.1291
10480	8.0569	6.1353
10490	8.0561	6.1414
10500	8.0554	6.1476
10510	8.0547	6.1537
10520	8.054	6.1599
10530	8.0534	6.166
10540	8.0529	6.1722
10550	8.0523	6.1784
10560	8.0519	6.1846
10570	8.0514	6.1908
10580	8.0509	6.197
10590	8.0505	6.2032
10600	8.05	6.2095
10610	8.0496	6.2158
10620	8.0492	6.2222
10630	8.0487	6.2286
10640	8.0483	6.235
10650	8.0479	6.2415
10660	8.0475	6.2481
10670	8.0471	6.2548
10680	8.0468	6.2615
10690	8.0464	6.2683
10700	8.0461	6.2751
10710	8.0458	6.2821
10720	8.0456	6.289
10730	8.0454	6.296
10740	8.0452	6.3031
10750	8.0451	6.3101
10760	8.045	6.3172
10770	8.0449	6.3242
10780	8.0449	6.3312
10790	8.045	6.3382
10800	8.045	6.3451
10810	8.0452	6.352
10820	8.0454	6.3589
10830	8.0456	6.3657
10840	8.0459	6.3724
10850	8.0462	6.3791
10860	8.0467	6.3858
10870	8.0471	6.3925
10880	8.0477	6.3991
10890	8.0483	6.4057
10900	8.0489	6.4124
10910	8.0497	6.419
10920	8.0505	6.4256
10930	8.0513	6.4323
10940	8.0522	6.4389
10950	8.0532	6.4456
10960	8.0543	6.4523
10970	8.0554	6.459
10980	8.0566	6.4658
10990	8.0579	6.4726
11000	8.0592	6.4794
11010	8.0606	6.4863
11020	8.062	6.4933
11030	8.0635	6.5004
11040	8.0651	6.5076
11050	8.0668	6.5149
11060	8.0685	6.5224
11070	8.0703	6.5301
11080	8.0722	6.538
11090	8.0741	6.5461
11100	8.0761	6.5544
11110	8.0782	6.563
11120	8.0804	6.5718
11130	8.0827	6.5808
11140	8.085	6.5899
11150	8.0874	6.599
11160	8.0899	6.608
11170	8.0925	6.617
11180	8.0951	6.6258
11190	8.0979	6.6344
11200	8.1007	6.6428
11210	8.1036	6.6511
11220	8.1066	6.6592
11230	8.1097	6.6673
11240	8.1129	6.6752
11250	8.1161	6.6831
11260	8.1194	6.691
11270	8.1228	6.6987
11280	8.1262	6.7065
11290	8.1297	6.7142
11300	8.1332	6.7218
11310	8.1368	6.7295
11320	8.1404	6.7371
11330	8.1441	6.7447
11340	8.1478	6.7523
11350	8.1515	6.7599
11360	8.1553	6.7675
11370	8.1591	6.7751
11380	8.1629	6.7827
11390	8.1667	6.7903
11400	8.1706	6.7979
11410	8.1744	6.8056
11420	8.1783	6.8132
11430	8.1821	6.8208
11440	8.1859	6.8284
11450	8.1898	6.8359
11460	8.1936	6.8434
11470	8.1974	6.8508
11480	8.2012	6.8582
11490	8.205	6.8656
11500	8.2088	6.8728
11510	8.2126	6.88
11520	8.2165	6.8872
11530	8.2204	6.8943
11540	8.2243	6.9013
11550	8.2282	6.9082
11560	8.2322	6.9151
11570	8.2363	6.922
11580	8.2403	6.9287
11590	8.2445	6.9355
11600	8.2487	6.9423
11610	8.253	6.949
11620	8.2573	6.9557
11630	8.2617	6.9624
11640	8.2662	6.9691
11650	8.2708	6.9758
11660	8.2754	6.9825
11670	8.2801	6.9892
11680	8.285	6.9959
11690	8.2899	7.0027
11700	8.2949	7.0094
11710	8.2999	7.0163
11720	8.3051	7.0231
11730	8.3104	7.0301
11740	8.3158	7.0371
11750	8.3212	7.0442
11760	8.3268	7.0514
11770	8.3324	7.0588
11780	8.3381	7.0664
11790	8.3438	7.074
11800	8.3496	7.0817
11810	8.3555	7.0894
11820	8.3614	7.0971
11830	8.3674	7.1046
11840	8.3734	7.1119
11850	8.3795	7.119
11860	8.3856	7.1258
11870	8.3918	7.1324
11880	8.398	7.1388
11890	8.4042	7.1449
11900	8.4105	7.1509
11910	8.4168	7.1566
11920	8.4231	7.1623
11930	8.4295	7.1678
11940	8.4359	7.1732
11950	8.4422	7.1786
11960	8.4487	7.1839
11970	8.4551	7.1891
11980	8.4615	7.1943
11990	8.4679	7.1994
12000	8.4743	7.2045
12010	8.4808	7.2095
12020	8.4871	7.2145
12030	8.4935	7.2195
12040	8.4999	7.2244
12050	8.5062	7.2294
12060	8.5125	7.2343
12070	8.5188	7.2391
12080	8.5251	7.244
12090	8.5314	7.2489
12100	8.5377	7.2537
12110	8.5441	7.2585
12120	8.5504	7.2633
12130	8.5569	7.2681
12140	8.5633	7.2729
12150	8.5698	7.2777
12160	8.5764	7.2825
12170	8.583	7.2873
12180	8.5897	7.2921
12190	8.5964	7.2969
12200	8.6032	7.3017
12210	8.61	7.3064
12220	8.6169	7.3112
12230	8.6237	7.3159
12240	8.6306	7.3206
12250	8.6376	7.3252
12260	8.6445	7.3299
12270	8.6515	7.3345
12280	8.6585	7.339
12290	8.6655	7.3436
12300	8.6725	7.348
12310	8.6795	7.3524
12320	8.6865	7.3568
12330	8.6935	7.3611
12340	8.7005	7.3654
12350	8.7075	7.3696
12360	8.7145	7.3738
12370	8.7215	7.3779
12380	8.7285	7.3819
12390	8.7355	7.3859
12400	8.7425	7.3899
12410	8.7495	7.3938
12420	8.7565	7.3977
12430	8.7635	7.4016
12440	8.7705	7.4053
12450	8.7774	7.4091
12460	8.7844	7.4128
12470	8.7913	7.4165
12480	8.7983	7.4201
12490	8.8052	7.4237
12500	8.8121	7.4272
12510	8.819	7.4308
12520	8.8259	7.4342
12530	8.8327	7.4376
12540	8.8396	7.441
12550	8.8464	7.4444
12560	8.8533	7.4477
12570	8.8601	7.4509
12580	8.8669	7.4541
12590	8.8736	7.4573
12600	8.8804	7.4604
12610	8.8872	7.4634
12620	8.8939	7.4665
12630	8.9006	7.4694
12640	8.9074	7.4723
12650	8.9141	7.4752
12660	8.9207	7.478
12670	8.9274	7.4807
12680	8.9341	7.4834
12690	8.9407	7.486
12700	8.9474	7.4885
12710	8.954	7.491
12720	8.9606	7.4935
12730	8.9672	7.4959
12740	8.9738	7.4982
12750	8.9803	7.5005
12760	8.9869	7.5028
12770	8.9934	7.505
12780	9	7.5071
12790	9.0065	7.5092
12800	9.013	7.5113
12810	9.0195	7.5133
12820	9.0259	7.5153
12830	9.0324	7.5173
12840	9.0389	7.5192
12850	9.0453	7.521
12860	9.0517	7.5229
12870	9.0581	7.5247
12880	9.0645	7.5265
12890	9.0709	7.5283
12900	9.0773	7.53
12910	9.0837	7.5317
12920	9.09	7.5334
12930	9.0963	7.5351
12940	9.1027	7.5368
12950	9.109	7.5384
12960	9.1153	7.5401
12970	9.1215	7.5417
12980	9.1278	7.5433
12990	9.1341	7.5448
13000	9.1403	7.5463
13010	9.1466	7.5478
13020	9.1528	7.5492
13030	9.159	7.5506
13040	9.1652	7.552
13050	9.1714	7.5533
13060	9.1775	7.5545
13070	9.1837	7.5557
13080	9.1898	7.5569
13090	9.1959	7.5579
13100	9.2021	7.5589
13110	9.2082	7.5599
13120	9.2142	7.5608
13130	9.2203	7.5616
13140	9.2264	7.5623
13150	9.2324	7.563
13160	9.2384	7.5635
13170	9.2445	7.564
13180	9.2504	7.5644
13190	9.2564	7.5648
13200	9.2624	7.565
13210	9.2683	7.5652
13220	9.2743	7.5653
13230	9.2802	7.5654
13240	9.2861	7.5654
13250	9.2919	7.5653
13260	9.2978	7.5653
13270	9.3036	7.5652
13280	9.3094	7.565
13290	9.3152	7.5649
13300	9.3209	7.5647
13310	9.3267	7.5645
13320	9.3324	7.5643
13330	9.338	7.5641
13340	9.3437	7.5639
13350	9.3493	7.5637
13360	9.3548	7.5636
13370	9.3604	7.5634
13380	9.3659	7.5633
13390	9.3713	7.5632
13400	9.3768	7.5632
13410	9.3821	7.5632
13420	9.3875	7.5632
13430	9.3928	7.5633
13440	9.398	7.5634
13450	9.4032	7.5636
13460	9.4083	7.5639
13470	9.4134	7.5642
13480	9.4185	7.5645
13490	9.4234	7.5649
13500	9.4284	7.5653
13510	9.4332	7.5657
13520	9.4381	7.5661
13530	9.4428	7.5666
13540	9.4475	7.5671
13550	9.4522	7.5675
13560	9.4568	7.568
13570	9.4613	7.5685
13580	9.4658	7.5689
13590	9.4703	7.5694
13600	9.4747	7.5698
13610	9.479	7.5702
13620	9.4834	7.5706
13630	9.4877	7.5709
13640	9.4919	7.5712
13650	9.4961	7.5714
13660	9.5003	7.5716
13670	9.5045	7.5718
13680	9.5087	7.5719
13690	9.5128	7.5719
13700	9.5169	7.5719
13710	9.521	7.5718
13720	9.5251	7.5716
13730	9.5291	7.5714
13740	9.5332	7.571
13750	9.5372	7.5707
13760	9.5413	7.5702
13770	9.5453	7.5697
13780	9.5493	7.5692
13790	9.5533	7.5687
13800	9.5573	7.5681
13810	9.5613	7.5674
13820	9.5652	7.5668
13830	9.5692	7.5661
13840	9.5731	7.5654
13850	9.577	7.5647
13860	9.5809	7.564
13870	9.5847	7.5633
13880	9.5886	7.5626
13890	9.5924	7.562
13900	9.5962	7.5613
13910	9.6	7.5607
13920	9.6038	7.56
13930	9.6075	7.5595
13940	9.6112	7.5589
13950	9.6149	7.5584
13960	9.6185	7.5579
13970	9.6221	7.5575
13980	9.6257	7.5572
13990	9.6293	7.5569
14000	9.6328	7.5566
14010	9.6363	7.5565
14020	9.6397	7.5563
14030	9.6431	7.5563
14040	9.6465	7.5562
14050	9.6498	7.5563
14060	9.6531	7.5563
14070	9.6563	7.5565
14080	9.6595	7.5566
14090	9.6626	7.5568
14100	9.6657	7.557
14110	9.6687	7.5573
14120	9.6716	7.5575
14130	9.6745	7.5578
14140	9.6773	7.5581
14150	9.6801	7.5585
14160	9.6828	7.5588
14170	9.6855	7.5592
14180	9.6882	7.5595
14190	9.6908	7.5599
14200	9.6933	7.5603
14210	9.6958	7.5607
14220	9.6982	7.561
14230	9.7007	7.5614
14240	9.703	7.5617
14250	9.7054	7.562
14260	9.7077	7.5623
14270	9.71	7.5626
14280	9.7122	7.5628
14290	9.7144	7.563
14300	9.7166	7.5631
14310	9.7188	7.5632
14320	9.721	7.5633
14330	9.7232	7.5633
14340	9.7253	7.5633
14350	9.7275	7.5633
14360	9.7296	7.5633
14370	9.7318	7.5632
14380	9.7339	7.5632
14390	9.7361	7.5631
14400	9.7383	7.563
14410	9.7405	7.5629
14420	9.7427	7.5628
14430	9.7449	7.5627
14440	9.747	7.5626
14450	9.7492	7.5626
14460	9.7514	7.5625
14470	9.7536	7.5625
14480	9.7558	7.5624
14490	9.7579	7.5624
14500	9.7601	7.5624
14510	9.7622	7.5624
14520	9.7643	7.5625
14530	9.7664	7.5625
14540	9.7685	7.5626
14550	9.7706	7.5627
14560	9.7726	7.5628
14570	9.7746	7.5629
14580	9.7766	7.563
14590	9.7786	7.5631
14600	9.7805	7.5633
14610	9.7824	7.5634
14620	9.7843	7.5636
14630	9.7861	7.5638
14640	9.7879	7.564
14650	9.7897	7.5642
14660	9.7915	7.5644
14670	9.7932	7.5646
14680	9.7949	7.5648
14690	9.7966	7.5651
14700	9.7982	7.5654
14710	9.7998	7.5656
14720	9.8014	7.5659
14730	9.803	7.5662
14740	9.8045	7.5665
14750	9.8061	7.5669
14760	9.8076	7.5672
14770	9.8091	7.5676
14780	9.8106	7.568
14790	9.8121	7.5684
14800	9.8135	7.5688
14810	9.815	7.5692
14820	9.8164	7.5697
14830	9.8178	7.5702
14840	9.8193	7.5707
14850	9.8207	7.5712
14860	9.8221	7.5717
14870	9.8235	7.5723
14880	9.8249	7.5729
14890	9.8263	7.5735
14900	9.8277	7.5741
14910	9.8291	7.5748
14920	9.8305	7.5755
14930	9.832	7.5762
14940	9.8334	7.5769
14950	9.8348	7.5777
14960	9.8362	7.5785
14970	9.8376	7.5793
14980	9.8391	7.5801
14990	9.8405	7.581
15000	9.8419	7.5818
15010	9.8434	7.5827
15020	9.8449	7.5836
15030	9.8463	7.5845
15040	9.8478	7.5854
15050	9.8493	7.5864
15060	9.8508	7.5873
15070	9.8523	7.5883
15080	9.8538	7.5893
15090	9.8553	7.5902
15100	9.8568	7.5913
15110	9.8583	7.5923
15120	9.8599	7.5933
15130	9.8614	7.5943
15140	9.8629	7.5954
15150	9.8643	7.5964
15160	9.8658	7.5975
15170	9.8673	7.5986
15180	9.8688	7.5997
15190	9.8702	7.6008
15200	9.8717	7.6019
15210	9.8731	7.6031
15220	9.8745	7.6042
15230	9.8759	7.6054
15240	9.8773	7.6066
15250	9.8786	7.6078
15260	9.88	7.609
15270	9.8813	7.6102
15280	9.8826	7.6114
15290	9.8839	7.6127
15300	9.8851	7.614
15310	9.8863	7.6153
15320	9.8875	7.6166
15330	9.8887	7.618
15340	9.8899	7.6193
15350	9.891	7.6207
15360	9.8921	7.6222
15370	9.8931	7.6236
15380	9.8942	7.6251
15390	9.8952	7.6266
15400	9.8961	7.6282
15410	9.8971	7.6297
15420	9.8981	7.6313
15430	9.899	7.633
15440	9.8999	7.6346
15450	9.9008	7.6363
15460	9.9017	7.638
15470	9.9026	7.6397
15480	9.9034	7.6414
15490	9.9043	7.6431
15500	9.9052	7.6448
15510	9.906	7.6466
15520	9.9069	7.6483
15530	9.9077	7.6501
15540	9.9086	7.6518
15550	9.9094	7.6536
15560	9.9103	7.6553
15570	9.9112	7.6571
15580	9.9121	7.6588
15590	9.913	7.6605
15600	9.9139	7.6622
15610	9.9148	7.664
15620	9.9157	7.6657
15630	9.9167	7.6674
15640	9.9176	7.6691
15650	9.9186	7.6708
15660	9.9196	7.6725
15670	9.9207	7.6742
15680	9.9217	7.6759
15690	9.9228	7.6776
15700	9.9239	7.6793
15710	9.925	7.6809
15720	9.9262	7.6826
15730	9.9274	7.6843
15740	9.9287	7.686
15750	9.9299	7.6877
15760	9.9312	7.6894
15770	9.9325	7.6911
15780	9.9339	7.6927
15790	9.9353	7.6944
15800	9.9367	7.6961
15810	9.9381	7.6978
15820	9.9396	7.6995
15830	9.9411	7.7011
15840	9.9426	7.7028
15850	9.9441	7.7045
15860	9.9456	7.7062
15870	9.9472	7.7079
15880	9.9487	7.7096
15890	9.9503	7.7113
15900	9.9519	7.713
15910	9.9535	7.7147
15920	9.9551	7.7165
15930	9.9568	7.7183
15940	9.9584	7.7201
15950	9.96	7.7219
15960	9.9617	7.7238
15970	9.9633	7.7257
15980	9.965	7.7277
15990	9.9667	7.7297
16000	9.9683	7.7318
16010	9.97	7.7339
16020	9.9716	7.7361
16030	9.9733	7.7384
16040	9.9749	7.7407
16050	9.9766	7.7431
16060	9.9782	7.7456
16070	9.9798	7.7481
16080	9.9814	7.7507
16090	9.9831	7.7534
16100	9.9847	7.7562
16110	9.9862	7.759
16120	9.9878	7.7619
16130	9.9894	7.7649
16140	9.9909	7.7679
16150	9.9925	7.7709
16160	9.994	7.774
16170	9.9955	7.7771
16180	9.997	7.7802
16190	9.9985	7.7834
16200	10	7.7865
16210	10.0015	7.7896
16220	10.003	7.7928
16230	10.0044	7.7959
16240	10.0059	7.799
16250	10.0073	7.8021
16260	10.0088	7.8052
16270	10.0102	7.8082
16280	10.0116	7.8112
16290	10.013	7.8142
16300	10.0144	7.8171
16310	10.0158	7.82
16320	10.0172	7.8228
16330	10.0186	7.8255
16340	10.02	7.8282
16350	10.0214	7.8308
16360	10.0227	7.8333
16370	10.0241	7.8357
16380	10.0255	7.838
16390	10.0268	7.8402
16400	10.0282	7.8423
16410	10.0295	7.8444
16420	10.0309	7.8463
16430	10.0322	7.8482
16440	10.0335	7.85
16450	10.0349	7.8518
16460	10.0362	7.8535
16470	10.0375	7.8552
16480	10.0388	7.8569
16490	10.0402	7.8585
16500	10.0415	7.8602
16510	10.0428	7.8619
16520	10.0441	7.8635
16530	10.0454	7.8653
16540	10.0467	7.867
16550	10.048	7.8688
16560	10.0493	7.8707
16570	10.0506	7.8726
16580	10.0519	7.8746
16590	10.0532	7.8766
16600	10.0546	7.8788
16610	10.0559	7.8811
16620	10.0572	7.8834
16630	10.0585	7.8859
16640	10.0598	7.8885
16650	10.0612	7.8911
16660	10.0625	7.8939
16670	10.0639	7.8968
16680	10.0652	7.8998
16690	10.0666	7.9028
16700	10.0679	7.9059
16710	10.0693	7.9091
16720	10.0707	7.9123
16730	10.0721	7.9156
16740	10.0735	7.9189
16750	10.0749	7.9223
16760	10.0763	7.9257
16770	10.0778	7.9291
16780	10.0792	7.9325
16790	10.0807	7.936
16800	10.0822	7.9395
16810	10.0837	7.9429
16820	10.0852	7.9464
16830	10.0867	7.9499
16840	10.0883	7.9534
16850	10.0898	7.9568
16860	10.0914	7.9603
16870	10.093	7.9637
16880	10.0946	7.967
16890	10.0962	7.9704
16900	10.0979	7.9737
16910	10.0995	7.9769
16920	10.1012	7.9801
16930	10.1029	7.9832
16940	10.1046	7.9862
16950	10.1064	7.9892
16960	10.1081	7.9921
16970	10.1099	7.9949
16980	10.1117	7.9977
16990	10.1135	8.0004
17000	10.1154	8.003
17010	10.1172	8.0057
17020	10.1191	8.0082
17030	10.121	8.0108
17040	10.1229	8.0133
17050	10.1248	8.0158
17060	10.1267	8.0184
17070	10.1286	8.0209
17080	10.1306	8.0234
17090	10.1326	8.026
17100	10.1345	8.0285
17110	10.1365	8.0312
17120	10.1386	8.0338
17130	10.1406	8.0365
17140	10.1426	8.0393
17150	10.1447	8.0422
17160	10.1467	8.0451
17170	10.1488	8.0482
17180	10.1509	8.0513
17190	10.153	8.0545
17200	10.1551	8.0579
17210	10.1572	8.0613
17220	10.1593	8.0648
17230	10.1614	8.0684
17240	10.1635	8.0721
17250	10.1657	8.0758
17260	10.1678	8.0795
17270	10.17	8.0833
17280	10.1722	8.0872
17290	10.1744	8.091
17300	10.1765	8.0949
17310	10.1787	8.0987
17320	10.1809	8.1026
17330	10.1831	8.1065
17340	10.1854	8.1103
17350	10.1876	8.1141
17360	10.1898	8.1179
17370	10.192	8.1216
17380	10.1943	8.1253
17390	10.1965	8.1289
17400	10.1987	8.1325
17410	10.201	8.136
17420	10.2033	8.1393
17430	10.2055	8.1426
17440	10.2078	8.1458
17450	10.21	8.1489
17460	10.2123	8.1518
17470	10.2146	8.1547
17480	10.2168	8.1575
17490	10.2191	8.1602
17500	10.2214	8.1629
17510	10.2236	8.1655
17520	10.2259	8.168
17530	10.2282	8.1705
17540	10.2305	8.1729
17550	10.2327	8.1753
17560	10.235	8.1777
17570	10.2373	8.18
17580	10.2396	8.1824
17590	10.2418	8.1848
17600	10.2441	8.1871
17610	10.2464	8.1895
17620	10.2486	8.1918
17630	10.2509	8.1942
17640	10.2532	8.1967
17650	10.2554	8.1991
17660	10.2577	8.2016
17670	10.2599	8.2041
17680	10.2621	8.2067
17690	10.2644	8.2093
17700	10.2666	8.2119
17710	10.2688	8.2146
17720	10.271	8.2173
17730	10.2732	8.22
17740	10.2754	8.2228
17750	10.2776	8.2256
17760	10.2798	8.2284
17770	10.282	8.2312
17780	10.2841	8.2341
17790	10.2863	8.237
17800	10.2884	8.2399
17810	10.2905	8.2428
17820	10.2927	8.2457
17830	10.2948	8.2486
17840	10.2969	8.2516
17850	10.2989	8.2545
17860	10.301	8.2575
17870	10.3031	8.2605
17880	10.3051	8.2634
17890	10.3072	8.2664
17900	10.3092	8.2694
17910	10.3113	8.2724
17920	10.3133	8.2753
17930	10.3154	8.2783
17940	10.3174	8.2813
17950	10.3194	8.2842
17960	10.3215	8.2872
17970	10.3235	8.2901
17980	10.3256	8.293
17990	10.3276	8.2959
18000	10.3297	8.2988
18010	10.3317	8.3017
18020	10.3338	8.3046
18030	10.3358	8.3074
18040	10.3379	8.3103
18050	10.34	8.3132
18060	10.3421	8.3161
18070	10.3442	8.319
18080	10.3464	8.3219
18090	10.3485	8.3248
18100	10.3507	8.3278
18110	10.3528	8.3308
18120	10.355	8.3338
18130	10.3572	8.3369
18140	10.3594	8.34
18150	10.3616	8.3432
18160	10.3639	8.3464
18170	10.3661	8.3496
18180	10.3684	8.3529
18190	10.3707	8.3563
18200	10.373	8.3597
18210	10.3753	8.3631
18220	10.3777	8.3666
18230	10.38	8.3701
18240	10.3824	8.3737
18250	10.3848	8.3772
18260	10.3871	8.3808
18270	10.3896	8.3844
18280	10.392	8.388
18290	10.3944	8.3916
18300	10.3969	8.3952
18310	10.3993	8.3988
18320	10.4018	8.4024
18330	10.4043	8.406
18340	10.4068	8.4096
18350	10.4093	8.4131
18360	10.4118	8.4166
18370	10.4144	8.4201
18380	10.4169	8.4236
18390	10.4195	8.427
18400	10.422	8.4304
18410	10.4246	8.4338
18420	10.4272	8.4371
18430	10.4298	8.4404
18440	10.4324	8.4436
18450	10.4351	8.4467
18460	10.4377	8.4498
18470	10.4404	8.4528
18480	10.443	8.4557
18490	10.4457	8.4586
18500	10.4484	8.4613
18510	10.4511	8.464
18520	10.4538	8.4665
18530	10.4565	8.4689
18540	10.4593	8.4713
18550	10.462	8.4735
18560	10.4647	8.4756
18570	10.4675	8.4777
18580	10.4703	8.4797
18590	10.4731	8.4817
18600	10.4759	8.4836
18610	10.4787	8.4855
18620	10.4815	8.4874
18630	10.4843	8.4893
18640	10.4872	8.4912
18650	10.49	8.4931
18660	10.4929	8.4951
18670	10.4957	8.4972
18680	10.4986	8.4994
18690	10.5015	8.5016
18700	10.5044	8.504
18710	10.5073	8.5065
18720	10.5102	8.5091
18730	10.5131	8.5119
18740	10.5161	8.5149
18750	10.519	8.518
18760	10.522	8.5212
18770	10.5249	8.5247
18780	10.5279	8.5282
18790	10.5308	8.5319
18800	10.5338	8.5357
18810	10.5368	8.5395
18820	10.5398	8.5435
18830	10.5427	8.5475
18840	10.5457	8.5515
18850	10.5487	8.5556
18860	10.5517	8.5598
18870	10.5547	8.5639
18880	10.5577	8.568
18890	10.5607	8.5722
18900	10.5638	8.5763
18910	10.5668	8.5804
18920	10.5698	8.5845
18930	10.5728	8.5885
18940	10.5758	8.5925
18950	10.5788	8.5964
18960	10.5819	8.6003
18970	10.5849	8.604
18980	10.5879	8.6077
18990	10.5909	8.6112
19000	10.594	8.6147
19010	10.597	8.618
19020	10.6	8.6211
19030	10.603	8.6241
19040	10.6061	8.6269
19050	10.6091	8.6295
19060	10.6121	8.632
19070	10.6151	8.6344
19080	10.6181	8.6366
19090	10.6212	8.6387
19100	10.6242	8.6407
19110	10.6272	8.6426
19120	10.6302	8.6445
19130	10.6332	8.6462
19140	10.6362	8.648
19150	10.6392	8.6496
19160	10.6422	8.6513
19170	10.6452	8.6529
19180	10.6481	8.6546
19190	10.6511	8.6563
19200	10.6541	8.658
19210	10.6571	8.6597
19220	10.6601	8.6615
19230	10.663	8.6634
19240	10.666	8.6654
19250	10.669	8.6675
19260	10.6719	8.6696
19270	10.6749	8.6719
19280	10.6779	8.6743
19290	10.6808	8.6768
19300	10.6838	8.6794
19310	10.6867	8.6822
19320	10.6897	8.685
19330	10.6926	8.6879
19340	10.6956	8.6909
19350	10.6985	8.6939
19360	10.7015	8.697
19370	10.7045	8.7002
19380	10.7074	8.7033
19390	10.7104	8.7066
19400	10.7133	8.7098
19410	10.7163	8.713
19420	10.7192	8.7163
19430	10.7222	8.7195
19440	10.7251	8.7227
19450	10.7281	8.726
19460	10.731	8.7292
19470	10.734	8.7323
19480	10.737	8.7354
19490	10.7399	8.7385
19500	10.7429	8.7416
19510	10.7458	8.7445
19520	10.7488	8.7474
19530	10.7518	8.7502
19540	10.7547	8.753
19550	10.7577	8.7556
19560	10.7607	8.7581
19570	10.7637	8.7605
19580	10.7666	8.7628
19590	10.7696	8.765
19600	10.7726	8.767
19610	10.7756	8.769
19620	10.7786	8.7709
19630	10.7815	8.7727
19640	10.7845	8.7744
19650	10.7875	8.7761
19660	10.7905	8.7777
19670	10.7935	8.7792
19680	10.7965	8.7808
19690	10.7995	8.7823
19700	10.8025	8.7838
19710	10.8056	8.7854
19720	10.8086	8.7869
19730	10.8116	8.7885
19740	10.8146	8.7902
19750	10.8176	8.7919
19760	10.8206	8.7936
19770	10.8237	8.7955
19780	10.8267	8.7974
19790	10.8297	8.7995
19800	10.8328	8.8017
19810	10.8358	8.804
19820	10.8388	8.8065
19830	10.8419	8.8092
19840	10.8449	8.812
19850	10.848	8.8149
19860	10.851	8.8179
19870	10.854	8.8211
19880	10.8571	8.8243
19890	10.8601	8.8276
19900	10.8632	8.831
19910	10.8662	8.8345
19920	10.8693	8.838
19930	10.8723	8.8415
19940	10.8754	8.845
19950	10.8784	8.8485
19960	10.8815	8.852
19970	10.8846	8.8555
19980	10.8876	8.859
19990	10.8907	8.8624
20000	10.8937	8.8658
20010	10.8968	8.8691
20020	10.8999	8.8723
20030	10.9029	8.8755
20040	10.906	8.8785
20050	10.9091	8.8814
20060	10.9121	8.8842
20070	10.9152	8.8869
20080	10.9182	8.8895
20090	10.9213	8.8919
20100	10.9244	8.8941
20110	10.9274	8.8963
20120	10.9305	8.8983
20130	10.9336	8.9003
20140	10.9366	8.9021
20150	10.9397	8.9039
20160	10.9428	8.9056
20170	10.9458	8.9072
20180	10.9489	8.9088
20190	10.952	8.9104
20200	10.955	8.9119
20210	10.9581	8.9134
20220	10.9612	8.9149
20230	10.9642	8.9163
20240	10.9673	8.9178
20250	10.9704	8.9193
20260	10.9734	8.9208
20270	10.9765	8.9223
20280	10.9796	8.9239
20290	10.9826	8.9255
20300	10.9857	8.9271
20310	10.9888	8.9289
20320	10.9918	8.9307
20330	10.9949	8.9325
20340	10.998	8.9345
20350	11.001	8.9366
20360	11.0041	8.9388
20370	11.0072	8.941
20380	11.0102	8.9434
20390	11.0133	8.9458
20400	11.0163	8.9484
20410	11.0194	8.951
20420	11.0225	8.9536
20430	11.0255	8.9563
20440	11.0286	8.9591
20450	11.0316	8.9619
20460	11.0347	8.9648
20470	11.0378	8.9676
20480	11.0408	8.9705
20490	11.0439	8.9734
20500	11.047	8.9764
20510	11.05	8.9793
20520	11.0531	8.9822
20530	11.0561	8.9851
20540	11.0592	8.9879
20550	11.0623	8.9907
20560	11.0653	8.9935
20570	11.0684	8.9963
20580	11.0715	8.999
20590	11.0745	9.0016
20600	11.0776	9.0041
20610	11.0807	9.0066
20620	11.0837	9.009
20630	11.0868	9.0113
20640	11.0899	9.0136
20650	11.093	9.0157
20660	11.096	9.0178
20670	11.0991	9.0199
20680	11.1022	9.0219
20690	11.1053	9.0238
20700	11.1084	9.0257
20710	11.1114	9.0276
20720	11.1145	9.0294
20730	11.1176	9.0313
20740	11.1207	9.0331
20750	11.1238	9.0349
20760	11.1269	9.0367
20770	11.13	9.0385
20780	11.1331	9.0403
20790	11.1362	9.0421
20800	11.1393	9.044
20810	11.1424	9.0459
20820	11.1455	9.0478
20830	11.1486	9.0497
20840	11.1517	9.0517
20850	11.1548	9.0538
20860	11.158	9.0559
20870	11.1611	9.0581
20880	11.1642	9.0604
20890	11.1673	9.0627
20900	11.1705	9.0651
20910	11.1736	9.0676
20920	11.1768	9.0702
20930	11.1799	9.0728
20940	11.1831	9.0755
20950	11.1863	9.0782
20960	11.1894	9.0809
20970	11.1926	9.0836
20980	11.1958	9.0864
20990	11.199	9.0892
21000	11.2022	9.092
21010	11.2054	9.0948
21020	11.2086	9.0975
21030	11.2118	9.1003
21040	11.2151	9.103
21050	11.2183	9.1057
21060	11.2216	9.1083
21070	11.2248	9.1109
21080	11.2281	9.1134
21090	11.2313	9.1159
21100	11.2346	9.1183
21110	11.2379	9.1206
21120	11.2411	9.1228
21130	11.2444	9.1249
21140	11.2477	9.1269
21150	11.251	9.1288
21160	11.2543	9.1305
21170	11.2576	9.1322
21180	11.2609	9.1338
21190	11.2642	9.1353
21200	11.2675	9.1367
21210	11.2708	9.138
21220	11.2742	9.1392
21230	11.2775	9.1404
21240	11.2808	9.1416
21250	11.2841	9.1427
21260	11.2874	9.1438
21270	11.2907	9.1448
21280	11.294	9.1459
21290	11.2972	9.1469
21300	11.3005	9.1479
21310	11.3038	9.149
21320	11.307	9.15
21330	11.3102	9.1511
21340	11.3135	9.1522
21350	11.3167	9.1534
21360	11.3199	9.1546
21370	11.3231	9.1558
21380	11.3262	9.1572
21390	11.3294	9.1586
21400	11.3326	9.16
21410	11.3357	9.1616
21420	11.3388	9.1633
21430	11.342	9.165
21440	11.3451	9.1669
21450	11.3482	9.1688
21460	11.3514	9.1708
21470	11.3545	9.1729
21480	11.3576	9.175
21490	11.3607	9.1772
21500	11.3638	9.1795
21510	11.3669	9.1818
21520	11.37	9.1842
21530	11.3731	9.1866
21540	11.3762	9.189
21550	11.3793	9.1914
21560	11.3824	9.1939
21570	11.3855	9.1964
21580	11.3886	9.1989
21590	11.3917	9.2014
21600	11.3948	9.2039
21610	11.3979	9.2064
21620	11.401	9.2088
21630	11.4041	9.2113
21640	11.4072	9.2138
21650	11.4103	9.2162
21660	11.4134	9.2186
21670	11.4165	9.2209
21680	11.4196	9.2233
21690	11.4227	9.2255
21700	11.4258	9.2278
21710	11.429	9.23
21720	11.4321	9.2322
21730	11.4352	9.2343
21740	11.4383	9.2364
21750	11.4414	9.2385
21760	11.4445	9.2406
21770	11.4477	9.2426
21780	11.4508	9.2446
21790	11.4539	9.2466
21800	11.457	9.2486
21810	11.4601	9.2505
21820	11.4632	9.2524
21830	11.4664	9.2543
21840	11.4695	9.2562
21850	11.4726	9.2581
21860	11.4757	9.26
21870	11.4788	9.2618
21880	11.4819	9.2637
21890	11.485	9.2655
21900	11.4882	9.2673
21910	11.4913	9.2692
21920	11.4944	9.271
21930	11.4975	9.2728
21940	11.5006	9.2746
21950	11.5037	9.2764
21960	11.5068	9.2783
21970	11.5099	9.2801
21980	11.513	9.2819
21990	11.5161	9.2838
22000	11.5192	9.2856
22010	11.5223	9.2875
22020	11.5253	9.2893
22030	11.5284	9.2912
22040	11.5315	9.293
22050	11.5346	9.2948
22060	11.5377	9.2967
22070	11.5407	9.2985
22080	11.5438	9.3003
22090	11.5469	9.3022
22100	11.5499	9.304
22110	11.553	9.3058
22120	11.5561	9.3076
22130	11.5591	9.3093
22140	11.5622	9.3111
22150	11.5652	9.3128
22160	11.5682	9.3146
22170	11.5713	9.3163
22180	11.5743	9.318
22190	11.5773	9.3197
22200	11.5804	9.3214
22210	11.5834	9.3231
22220	11.5864	9.3247
22230	11.5894	9.3264
22240	11.5924	9.328
22250	11.5954	9.3297
22260	11.5984	9.3313
22270	11.6014	9.333
22280	11.6044	9.3346
22290	11.6074	9.3362
22300	11.6104	9.3378
22310	11.6134	9.3395
22320	11.6164	9.3411
22330	11.6193	9.3427
22340	11.6223	9.3443
22350	11.6253	9.3459
22360	11.6283	9.3476
22370	11.6312	9.3492
22380	11.6342	9.3508
22390	11.6372	9.3524
22400	11.6402	9.3541
22410	11.6431	9.3557
22420	11.6461	9.3573
22430	11.6491	9.359
22440	11.652	9.3606
22450	11.655	9.3623
22460	11.658	9.364
22470	11.6609	9.3656
22480	11.6639	9.3673
22490	11.6669	9.369
22500	11.6698	9.3707
22510	11.6728	9.3724
22520	11.6758	9.3741
22530	11.6788	9.3759
22540	11.6817	9.3776
22550	11.6847	9.3793
22560	11.6877	9.3811
22570	11.6907	9.3828
22580	11.6937	9.3846
22590	11.6966	9.3863
22600	11.6996	9.3881
22610	11.7026	9.3899
22620	11.7056	9.3916
22630	11.7086	9.3934
22640	11.7116	9.3951
22650	11.7147	9.3969
22660	11.7177	9.3986
22670	11.7207	9.4004
22680	11.7237	9.4021
22690	11.7267	9.4038
22700	11.7298	9.4056
22710	11.7328	9.4073
22720	11.7358	9.409
22730	11.7389	9.4107
22740	11.7419	9.4123
22750	11.745	9.414
22760	11.7481	9.4157
22770	11.7511	9.4173
22780	11.7542	9.4189
22790	11.7572	9.4206
22800	11.7603	9.4222
22810	11.7634	9.4238
22820	11.7664	9.4254
22830	11.7695	9.427
22840	11.7726	9.4286
22850	11.7757	9.4302
22860	11.7787	9.4318
22870	11.7818	9.4334
22880	11.7849	9.4351
22890	11.788	9.4367
22900	11.7911	9.4383
22910	11.7941	9.4399
22920	11.7972	9.4416
22930	11.8003	9.4432
22940	11.8034	9.4449
22950	11.8065	9.4466
22960	11.8096	9.4482
22970	11.8126	9.45
22980	11.8157	9.4517
22990	11.8188	9.4534
23000	11.8219	9.4552
23010	11.825	9.457
23020	11.828	9.4588
23030	11.8311	9.4606
23040	11.8342	9.4625
23050	11.8372	9.4643
23060	11.8403	9.4662
23070	11.8434	9.4681
23080	11.8464	9.47
23090	11.8495	9.472
23100	11.8526	9.4739
23110	11.8556	9.4758
23120	11.8587	9.4778
23130	11.8617	9.4797
23140	11.8648	9.4816
23150	11.8678	9.4836
23160	11.8708	9.4855
23170	11.8739	9.4875
23180	11.8769	9.4894
23190	11.8799	9.4913
23200	11.883	9.4932
23210	11.886	9.4951
23220	11.889	9.497
23230	11.892	9.4989
23240	11.895	9.5007
23250	11.898	9.5026
23260	11.901	9.5044
23270	11.904	9.5062
23280	11.907	9.508
23290	11.91	9.5097
23300	11.913	9.5115
23310	11.9159	9.5132
23320	11.9189	9.515
23330	11.9219	9.5167
23340	11.9249	9.5184
23350	11.9279	9.52
23360	11.9308	9.5217
23370	11.9338	9.5233
23380	11.9368	9.5249
23390	11.9397	9.5265
23400	11.9427	9.5281
23410	11.9457	9.5297
23420	11.9487	9.5312
23430	11.9516	9.5328
23440	11.9546	9.5343
23450	11.9576	9.5357
23460	11.9605	9.5372
23470	11.9635	9.5386
23480	11.9665	9.54
23490	11.9695	9.5414
23500	11.9724	9.5428
23510	11.9754	9.5441
23520	11.9784	9.5454
23530	11.9814	9.5467
23540	11.9844	9.5479
23550	11.9874	9.5491
23560	11.9904	9.5503
23570	11.9934	9.5514
23580	11.9964	9.5526
23590	11.9994	9.5536
23600	12.0024	9.5547
23610	12.0054	9.5558
23620	12.0084	9.5568
23630	12.0114	9.5579
23640	12.0145	9.5589
23650	12.0175	9.56
23660	12.0206	9.561
23670	12.0236	9.5621
23680	12.0267	9.5632
23690	12.0298	9.5643
23700	12.0329	9.5654
23710	12.036	9.5666
23720	12.0391	9.5678
23730	12.0422	9.5691
23740	12.0453	9.5704
23750	12.0484	9.5717
23760	12.0516	9.5731
23770	12.0547	9.5746
23780	12.0578	9.5761
23790	12.061	9.5777
23800	12.0641	9.5793
23810	12.0673	9.581
23820	12.0705	9.5827
23830	12.0736	9.5845
23840	12.0768	9.5863
23850	12.0799	9.5881
23860	12.0831	9.59
23870	12.0862	9.5918
23880	12.0893	9.5937
23890	12.0925	9.5956
23900	12.0956	9.5975
23910	12.0987	9.5993
23920	12.1018	9.6012
23930	12.1049	9.603
23940	12.108	9.6048
23950	12.111	9.6066
23960	12.1141	9.6084
23970	12.1171	9.6102
23980	12.1201	9.6119
23990	12.1231	9.6135
24000	12.126	9.6152
24010	12.129	9.6168
24020	12.1319	9.6183
24030	12.1348	9.6198
24040	12.1377	9.6213
24050	12.1405	9.6226
24060	12.1433	9.624
24070	12.1461	9.6252
24080	12.1489	9.6264
24090	12.1516	9.6276
24100	12.1543	9.6287
24110	12.1569	9.6297
24120	12.1596	9.6306
24130	12.1622	9.6315
24140	12.1647	9.6324
24150	12.1673	9.6332
24160	12.1698	9.634
24170	12.1723	9.6348
24180	12.1747	9.6356
24190	12.1772	9.6363
24200	12.1796	9.637
24210	12.182	9.6377
24220	12.1844	9.6384
24230	12.1868	9.6391
24240	12.1891	9.6398
24250	12.1915	9.6406
24260	12.1938	9.6413
24270	12.1962	9.6421
24280	12.1985	9.6428
24290	12.2008	9.6437
24300	12.2031	9.6445
24310	12.2055	9.6454
24320	12.2078	9.6464
24330	12.2101	9.6474
24340	12.2124	9.6485
24350	12.2147	9.6496
24360	12.217	9.6509
24370	12.2194	9.6522
24380	12.2217	9.6536
24390	12.2241	9.6551
24400	12.2264	9.6568
24410	12.2288	9.6586
24420	12.2312	9.6605
24430	12.2336	9.6625
24440	12.236	9.6647
24450	12.2384	9.667
24460	12.2409	9.6694
24470	12.2434	9.6719
24480	12.2459	9.6745
24490	12.2484	9.6772
24500	12.251	9.6799
24510	12.2536	9.6828
24520	12.2562	9.6857
24530	12.2588	9.6886
24540	12.2615	9.6916
24550	12.2643	9.6946
24560	12.267	9.6976
24570	12.2698	9.7006
24580	12.2726	9.7035
24590	12.2755	9.7064
24600	12.2783	9.7093
24610	12.2813	9.712
24620	12.2842	9.7146
24630	12.2871	9.717
24640	12.2901	9.7193
24650	12.2931	9.7213
24660	12.2962	9.7232
24670	12.2992	9.7248
24680	12.3023	9.7263
24690	12.3054	9.7276
24700	12.3086	9.7288
24710	12.3117	9.7299
24720	12.3149	9.7309
24730	12.318	9.7318
24740	12.3212	9.7327
24750	12.3245	9.7336
24760	12.3277	9.7345
24770	12.3309	9.7354
24780	12.3342	9.7364
24790	12.3374	9.7375
24800	12.3407	9.7387
24810	12.344	9.74
24820	12.3472	9.7415
24830	12.3505	9.7432
24840	12.3538	9.745
24850	12.357	9.7471
24860	12.3602	9.7493
24870	12.3634	9.7517
24880	12.3666	9.7542
24890	12.3698	9.7569
24900	12.3729	9.7596
24910	12.376	9.7625
24920	12.3791	9.7654
24930	12.3821	9.7684
24940	12.3852	9.7715
24950	12.3882	9.7746
24960	12.3912	9.7777
24970	12.3943	9.7808
24980	12.3974	9.784
24990	12.4006	9.7871
25000	12.4039	9.7902
