0.9513348326718287
0.9497457573317256
0.9520086736854187
0.9503175556965222
0.9513893924327793
0.9522716383826076
0.9502215276407335
0.9482631109770648
0.9515775242820593
0.9488304185217459
0.9565612099945671
0.9508396184609346
0.9499809573418893
0.9491653067561586
0.9509325499842955
0.9564422841754882
0.9474087205185069
0.950438849558508
0.9535607870260342
0.9521921543826174
0.9506813568561754
0.9489531315472807
0.951826761405077
0.9477978927242229
0.9503479271831548
0.9534725718823419
0.9537131329235206
0.9528200207583735
0.9521761001564915
0.950457495237233
0.9471082538117831
0.9560142684429338
0.9501407558690783
0.9519459487822658
0.9493232781793459
0.9497792403709981
0.9463412697372691
0.947705253813545
0.9516722613736662
0.9506551261216593
0.9519171271292463
0.9545647274702668
0.9513003088429852
0.9460869116815875
0.9470019601991904
0.9493056437679883
0.95321839514992
0.9532960627221514
