280	1.429241906703814	-0.9692886718982497
285	1.4403567708858305	-0.978180563243863
290	1.4514716350678472	-0.9870724545894765
295	1.4625864992498638	-0.9959643459350898
300	1.4737013634318805	-1.0048562372807028
305	1.4848162276138972	-1.0137481286263161
310	1.4959310917959139	-1.0226400199719294
315	1.5070459559779306	-1.0315319113175427
320	1.518160820159947	-1.0404238026631563
325	1.5292756843419637	-1.0493156940087696
330	1.54039054852398	-1.0582075853543829
335	1.5515054127059966	-1.0670994766999962
340	1.5626202768880133	-1.0759913680456095
345	1.5737351410700302	-1.0848832593912225
350	1.5848500052520467	-1.0937751507368358
355	1.5959648694340633	-1.1026670420824491
360	1.6070797336160798	-1.1115589334280627
365	1.6181945977980965	-1.1204508247736757
370	1.6293094619801132	-1.129342716119289
375	1.6404243261621299	-1.1382346074649023
380	1.6515391903441463	-1.1471264988105156
385	1.6626540545261632	-1.156018390156129
390	1.6737689187081795	-1.1649102815017423
395	1.684883782890196	-1.1738021728473556
400	1.6959986470722126	-1.1826940641929689
405	1.7071135112542295	-1.1915859555385822
410	1.718228375436246	-1.2004778468841955
415	1.7293432396182626	-1.2093697382298088
420	1.7404581038002793	-1.218261629575422
425	1.751572967982296	-1.2271535209210354
430	1.7626878321643125	-1.2360454122666487
435	1.7738026963463287	-1.244937303612262
440	1.7849175605283456	-1.253829194957875
445	1.796032424710362	-1.2627210863034883
450	1.8071472888923787	-1.2716129776491016
455	1.8182621530743956	-1.2805048689947152
460	1.829377017256412	-1.2893967603403285
465	1.8404918814384288	-1.2982886516859415
470	1.8516067456204457	-1.3071805430315548
475	1.862721609802462	-1.3160724343771684
480	1.8738364739844786	-1.3249643257227817
485	1.8849513381664953	-1.3338562170683947
490	1.896066202348512	-1.3427481084140083
495	1.9071810665305287	-1.3516399997596211
500	1.918295930712545	-1.3605318911052346
505	1.9294107948945616	-1.369423782450848
510	1.9405256590765783	-1.3783156737964612
515	1.951640523258595	-1.3872075651420743
520	1.9627553874406116	-1.3960994564876879
525	1.973870251622628	-1.4049913478333014
530	1.9849851158046443	-1.4138832391789145
535	1.9960999799866612	-1.4227751305245275
540	2.007214844168678	-1.4316670218701408
545	2.0183297083506946	-1.4405589132157544
550	2.0294445725327113	-1.4494508045613672
555	2.040559436714728	-1.4583426959069805
560	2.051674300896744	-1.4672345872525943
565	2.062789165078761	-1.4761264785982076
570	2.0739040292607775	-1.4850183699438206
575	2.0850188934427942	-1.4939102612894342
580	2.096133757624811	-1.5028021526350475
585	2.1072486218068276	-1.5116940439806608
590	2.1183634859888443	-1.5205859353262738
595	2.129478350170861	-1.5294778266718871
600	2.140593214352877	-1.5383697180175004
605	2.151708078534894	-1.5472616093631137
610	2.1628229427169106	-1.556153500708727
615	2.1739378068989272	-1.5650453920543401
620	2.185052671080944	-1.5739372833999532
625	2.1961675352629606	-1.5828291747455667
630	2.2072823994449773	-1.59172106609118
635	2.2183972636269935	-1.6006129574367933
640	2.2295121278090098	-1.6095048487824068
645	2.2406269919910264	-1.6183967401280202
650	2.251741856173043	-1.6272886314736335
655	2.26285672035506	-1.6361805228192468
660	2.2739715845370765	-1.6450724141648598
665	2.285086448719093	-1.6539643055104734
670	2.29620131290111	-1.6628561968560867
675	2.3073161770831265	-1.6717480882017002
680	2.318431041265143	-1.6806399795473133
685	2.32954590544716	-1.6895318708929263
690	2.3406607696291766	-1.6984237622385396
695	2.351775633811193	-1.7073156535841534
700	2.3628904979932095	-1.7162075449297662
705	2.374005362175226	-1.7250994362753795
710	2.385120226357243	-1.7339913276209933
715	2.3962350905392595	-1.7428832189666066
720	2.4073499547212758	-1.7517751103122197
725	2.418464818903293	-1.7606670016578325
730	2.4295796830853096	-1.769558893003446
735	2.440694547267326	-1.7784507843490596
740	2.4518094114493425	-1.7873426756946724
745	2.4629242756313587	-1.796234567040286
750	2.4740391398133754	-1.8051264583858992
755	2.485154003995392	-1.8140183497315128
760	2.496268868177409	-1.8229102410771258
765	2.507383732359425	-1.8318021324227394
770	2.518498596541442	-1.840694023768352
775	2.529613460723459	-1.8495859151139655
780	2.5407283249054755	-1.8584778064595793
785	2.5518431890874917	-1.8673696978051928
790	2.5629580532695084	-1.8762615891508054
795	2.5740729174515256	-1.8851534804964187
800	2.585187781633542	-1.8940453718420323
805	2.5963026458155585	-1.9029372631876458
810	2.607417509997575	-1.9118291545332586
815	2.618532374179592	-1.9207210458788722
820	2.6296472383616085	-1.9296129372244855
825	2.640762102543625	-1.938504828570099
830	2.6518769667256414	-1.947396719915712
835	2.662991830907658	-1.9562886112613254
840	2.674106695089675	-1.9651805026069384
845	2.6852215592716915	-1.9740723939525517
850	2.696336423453708	-1.9829642852981653
855	2.7074512876357244	-1.9918561766437781
860	2.718566151817741	-2.0007480679893916
865	2.7296810159997578	-2.009639959335005
870	2.7407958801817744	-2.0185318506806182
875	2.751910744363791	-2.0274237420262313
880	2.763025608545808	-2.036315633371845
885	2.774140472727824	-2.0452075247174584
890	2.7852553369098407	-2.0540994160630714
895	2.7963702010918574	-2.062991307408685
900	2.807485065273874	-2.071883198754298
905	2.8185999294558908	-2.0807750900999116
910	2.8297147936379075	-2.0896669814455247
915	2.840829657819924	-2.098558872791138
920	2.8519445220019404	-2.1074507641367513
925	2.8630593861839575	-2.1163426554823643
930	2.874174250365974	-2.125234546827978
935	2.8852891145479904	-2.134126438173591
940	2.8964039787300075	-2.143018329519204
945	2.907518842912024	-2.151910220864818
950	2.91863370709404	-2.160802112210431
955	2.9297485712760563	-2.1696940035560446
960	2.9408634354580734	-2.178585894901657
965	2.95197829964009	-2.1874777862472707
970	2.9630931638221067	-2.1963696775928843
975	2.974208028004123	-2.2052615689384973
980	2.9853228921861397	-2.2141534602841104
985	2.9964377563681563	-2.223045351629724
990	3.0075526205501735	-2.231937242975337
995	3.0186674847321897	-2.240829134320951
1000	3.0297272386114362	-2.249525543262403
1005	3.039130602707438	-2.2523465524912027
1010	3.0485339668034386	-2.255167561720003
1015	3.057937330899439	-2.257988570948803
1020	3.0673406949954396	-2.260809580177603
1025	3.0767440590914403	-2.2636305894064037
1030	3.0861474231874406	-2.266451598635204
1035	3.0955507872834414	-2.269272607864004
1040	3.1049541513794425	-2.2720936170928043
1045	3.114357515475443	-2.2749146263216042
1050	3.1237608795714435	-2.2777356355504046
1055	3.1331642436674443	-2.2805566447792045
1060	3.1425676077634446	-2.283377654008005
1065	3.1519709718594457	-2.286198663236805
1070	3.1613743359554465	-2.289019672465605
1075	3.1707777000514468	-2.2918406816944055
1080	3.1801810641474475	-2.294661690923206
1085	3.1895844282434487	-2.2974827001520057
1090	3.198987792339449	-2.3003037093808056
1095	3.2083911564354497	-2.3031247186096064
1100	3.217794520531451	-2.3059457278384063
1105	3.2271978846274507	-2.3087667370672067
1110	3.2366012487234515	-2.311587746296007
1115	3.2463035555131454	-2.3141517568504706
1120	3.256074171075599	-2.316657042892125
1125	3.2658447866380524	-2.31916232893378
1130	3.2756154022005064	-2.321667614975435
1135	3.28538601776296	-2.3241729010170897
1140	3.295156633325414	-2.326678187058745
1145	3.304927248887868	-2.3291834731003993
1150	3.3146978644503218	-2.3316887591420543
1155	3.3244684800127753	-2.3341940451837093
1160	3.3342390955752297	-2.336699331225364
1165	3.3440097111376827	-2.3392046172670193
1170	3.3537803267001367	-2.341709903308674
1175	3.36355094226259	-2.3442151893503285
1180	3.3733215578250446	-2.346720475391983
1185	3.383092173387498	-2.349225761433638
1190	3.392862788949952	-2.351731047475293
1195	3.402633404512405	-2.354236333516948
1200	3.41240402007486	-2.3567416195586026
1205	3.422174635637313	-2.3592469056002576
1210	3.431945251199767	-2.361752191641912
1215	3.4417158667622205	-2.3642574776835668
1220	3.4514864823246745	-2.3667627637252218
1225	3.461257097887128	-2.3692680497668763
1230	3.471027713449582	-2.3717733358085313
1235	3.480798329012036	-2.3742786218501863
1240	3.4905689445744894	-2.3767839078918414
1245	3.5003395601369434	-2.379289193933496
1250	3.510109827577003	-2.3817887113783374
1255	3.519858685489809	-2.383933460119155
1260	3.529607543402615	-2.3860782088599723
1265	3.539356401315421	-2.3882229576007887
1270	3.549105259228226	-2.3903677063416064
1275	3.558854117141032	-2.3925124550824237
1280	3.5686029750538384	-2.394657203823241
1285	3.5783518329666446	-2.3968019525640583
1290	3.5881006908794504	-2.398946701304876
1295	3.597849548792256	-2.4010914500456937
1300	3.6075984067050624	-2.4032361987865105
1305	3.6173472646178686	-2.405380947527328
1310	3.6270961225306744	-2.407525696268145
1315	3.63684498044348	-2.4096704450089628
1320	3.6465938383562864	-2.4118151937497796
1325	3.656342696269092	-2.413959942490597
1330	3.6660915541818984	-2.4161046912314146
1335	3.675840412094704	-2.4182494399722314
1340	3.68558927000751	-2.420394188713049
1345	3.6953381279203157	-2.422538937453866
1350	3.705086985833122	-2.4246836861946837
1355	3.7148358437459277	-2.426828434935501
1360	3.724584701658734	-2.428973183676318
1365	3.7343335595715397	-2.431117932417136
1370	3.744082417484346	-2.4332626811579527
1375	3.7538312753971517	-2.43540742989877
1380	3.763580133309958	-2.4375521786395873
1385	3.773328991222764	-2.4396969273804046
1390	3.78307784913557	-2.441841676121222
1395	3.792826707048376	-2.443986424862039
1400	3.8025755649611814	-2.4461311736028564
1405	3.812324422873987	-2.448275922343674
1410	3.822073280786793	-2.4504206710844914
1415	3.831822138699599	-2.452565419825308
1420	3.8415709966124054	-2.454710168566126
1425	3.851319854525211	-2.4568549173069436
1430	3.8610833608554938	-2.4589706400730997
1435	3.870881374531645	-2.4610179862143857
1440	3.880679388207796	-2.4630653323556704
1445	3.890477401883947	-2.465112678496956
1450	3.900275415560099	-2.467160024638241
1455	3.9100734292362493	-2.4692073707795266
1460	3.9198714429124006	-2.471254716920812
1465	3.9296694565885515	-2.4733020630620968
1470	3.939467470264703	-2.4753494092033823
1475	3.949265483940854	-2.477396755344668
1480	3.959063497617005	-2.479444101485953
1485	3.9688615112931567	-2.4814914476272385
1490	3.978659524969307	-2.4835387937685236
1495	3.9884575386454584	-2.4855861399098096
1500	3.9982555523216097	-2.4876334860510947
1505	4.008053565997761	-2.48968083219238
1510	4.017851579673912	-2.4917281783336653
1515	4.027649593350063	-2.4937755244749504
1520	4.0374476070262135	-2.495822870616236
1525	4.047245620702365	-2.4978702167575206
1530	4.057043634378516	-2.4999175628988057
1535	4.066841648054668	-2.5019649090400913
1540	4.076639661730819	-2.504012255181377
1545	4.08643767540697	-2.506059601322662
1550	4.09623568908312	-2.508106947463947
1555	4.106033702759272	-2.5101542936052326
1560	4.115831716435423	-2.5122016397465177
1565	4.125629730111574	-2.514248985887803
1570	4.135427743787725	-2.5162963320290888
1575	4.1452257574638764	-2.518343678170374
1580	4.155023771140027	-2.520391024311659
1585	4.164821784816178	-2.5224383704529445
1590	4.17461979849233	-2.52448571659423
1595	4.184417812168481	-2.526533062735515
1600	4.1942158258446325	-2.5285804088768002
1605	4.2040138395207824	-2.530627755018086
1610	4.213811853196934	-2.5326751011593704
1615	4.223609866873086	-2.534722447300656
1620	4.233407880549237	-2.5367697934419415
1625	4.243205894225388	-2.538817139583227
1630	4.253003907901538	-2.5408644857245126
1635	4.262801921577689	-2.5429118318657977
1640	4.272599935253841	-2.544959178007083
1645	4.282397948929992	-2.547006524148368
1650	4.292195962606144	-2.5490538702896535
1655	4.301993976282294	-2.551101216430939
1660	4.311791989958445	-2.553148562572224
1665	4.321590003634596	-2.5551959087135097
1670	4.331472229205695	-2.557059568604133
1675	4.341394816690941	-2.558835189522545
1680	4.351317404176187	-2.5606108104409575
1685	4.361239991661432	-2.56238643135937
1690	4.371162579146678	-2.5641620522777826
1695	4.381085166631924	-2.5659376731961947
1700	4.39100775411717	-2.567713294114607
1705	4.4009303416024155	-2.5694889150330193
1710	4.410852929087661	-2.571264535951432
1715	4.420775516572907	-2.573040156869844
1720	4.430698104058152	-2.574815777788257
1725	4.440620691543399	-2.576591398706669
1730	4.450543279028645	-2.578367019625081
1735	4.46046586651389	-2.5801426405434937
1740	4.470388453999136	-2.5819182614619063
1745	4.480311041484382	-2.583693882380319
1750	4.490233628969627	-2.585469503298731
1755	4.500156216454873	-2.587245124217143
1760	4.510078803940119	-2.5890207451355556
1765	4.520001391425365	-2.5907963660539686
1770	4.5299239789106105	-2.5925719869723807
1775	4.539846566395856	-2.5943476078907928
1780	4.549769153881102	-2.5961232288092053
1785	4.559691741366347	-2.597898849727618
1790	4.569614328851593	-2.59967447064603
1795	4.5795369163368385	-2.6014500915644425
1800	4.589459503822084	-2.6032257124828555
1805	4.599382091307331	-2.605001333401267
1810	4.609304678792577	-2.6067769543196797
1815	4.619227266277822	-2.6085525752380923
1820	4.629149853763068	-2.610328196156505
1825	4.639072441248313	-2.6121038170749173
1830	4.648995028733559	-2.6138794379933294
1835	4.658917616218805	-2.615655058911742
1840	4.66884020370405	-2.617430679830154
1845	4.678762791189296	-2.6192063007485666
1850	4.688685378674543	-2.6209819216669787
1855	4.698607966159788	-2.6227575425853913
1860	4.7085305536450335	-2.624533163503804
1865	4.718453141130279	-2.626308784422216
1870	4.728375728615525	-2.6280844053406285
1875	4.738298316100771	-2.629860026259041
1880	4.748220903586017	-2.6316356471774536
1885	4.758143491071262	-2.6334112680958657
1890	4.768066078556509	-2.6351868890142778
1895	4.777988666041754	-2.6369625099326908
1900	4.787911253527	-2.638738130851103
1905	4.797833841012246	-2.6405137517695145
1910	4.807756428497491	-2.6422893726879275
1915	4.817679015982737	-2.64406499360634
1920	4.827601603467983	-2.645840614524752
1925	4.8375241909532285	-2.6476162354431647
1930	4.847446778438474	-2.6493918563615773
1935	4.85736936592372	-2.65116747727999
1940	4.867291953408966	-2.6529430981984015
1945	4.877214540894212	-2.6547187191168145
1950	4.887137128379457	-2.6564943400352266
1955	4.897059715864703	-2.658269960953639
1960	4.906982303349949	-2.6600455818720516
1965	4.916904890835194	-2.661821202790464
1970	4.92682747832044	-2.6635968237088763
1975	4.936750065805686	-2.665372444627289
1980	4.946672653290932	-2.667148065545701
1985	4.956595240776178	-2.6689236864641135
1990	4.9665178282614235	-2.670699307382526
1995	4.976440415746668	-2.672474928300939
2000	4.986363003231915	-2.6742505492193507
2005	4.997608377505857	-2.676896519636749
2010	5.0088537517797995	-2.679542490054147
2015	5.020099126053742	-2.6821884604715454
2020	5.031344500327684	-2.6848344308889436
2025	5.042589874601626	-2.687480401306342
2030	5.053835248875569	-2.6901263717237396
2035	5.065080623149511	-2.6927723421411387
2040	5.076325997423453	-2.6954183125585365
2045	5.087571371697396	-2.6980642829759343
2050	5.098816745971337	-2.700710253393333
2055	5.1100621202452805	-2.7033562238107307
2060	5.121307494519223	-2.706002194228129
2065	5.132552868793165	-2.708648164645527
2070	5.143798243067107	-2.7112941350629254
2075	5.155043617341049	-2.713940105480324
2080	5.166288991614992	-2.7165860758977214
2085	5.177534365888934	-2.71923204631512
2090	5.188779740162877	-2.7218780167325183
2095	5.200025114436818	-2.724523987149917
2100	5.2112704887107615	-2.7271699575673147
2105	5.222515862984704	-2.7298159279847125
2110	5.231575505551367	-2.7316500826495513
2115	5.240505486067599	-2.7334360787527983
2120	5.249435466583831	-2.7352220748560443
2125	5.258365447100063	-2.737008070959291
2130	5.267295427616294	-2.7387940670625377
2135	5.276225408132527	-2.7405800631657837
2140	5.285155388648759	-2.74236605926903
2145	5.29408536916499	-2.7441520553722767
2150	5.303015349681223	-2.7459380514755227
2155	5.311945330197454	-2.7477240475787696
2160	5.320875310713686	-2.749510043682016
2165	5.329805291229918	-2.7512960397852626
2170	5.338735271746151	-2.753082035888508
2175	5.347665252262382	-2.7548680319917547
2180	5.356595232778614	-2.7566540280950016
2185	5.365525213294846	-2.758440024198247
2190	5.374455193811078	-2.760226020301494
2195	5.3833851743273105	-2.76201201640474
2200	5.3923151548435415	-2.7637980125079866
2205	5.4012451353597735	-2.7655840086112335
2210	5.410175115876005	-2.767370004714479
2215	5.419105096392237	-2.769156000817726
2220	5.428035076908468	-2.7709419969209725
2225	5.437617216963834	-2.7726249180325917
2230	5.447737269631769	-2.774222821085423
2235	5.457857322299704	-2.7758207241382555
2240	5.467977374967639	-2.777418627191087
2245	5.478097427635574	-2.7790165302439185
2250	5.488217480303509	-2.7806144332967504
2255	5.498337532971444	-2.7822123363495823
2260	5.508457585639379	-2.7838102394024142
2265	5.518577638307313	-2.785408142455246
2270	5.528697690975248	-2.7870060455080785
2275	5.538817743643184	-2.788603948560909
2280	5.548937796311118	-2.790201851613742
2285	5.559057848979053	-2.791799754666574
2290	5.569177901646989	-2.793397657719405
2295	5.579297954314923	-2.794995560772237
2300	5.589418006982858	-2.7965934638250687
2305	5.599538059650793	-2.7981913668779006
2310	5.609658112318728	-2.799789269930733
2315	5.619778164986663	-2.801387172983564
2320	5.629898217654598	-2.802985076036396
2325	5.640018270322533	-2.8045829790892283
2330	5.650138322990468	-2.8061808821420593
2335	5.660258375658402	-2.8077787851948917
2340	5.670378428326338	-2.809376688247723
2345	5.680498480994273	-2.8109745913005546
2350	5.6906185336622075	-2.812572494353388
2355	5.700573804890825	-2.814382407496136
2360	5.710279833841886	-2.8165129992170996
2365	5.719985862792945	-2.818643590938065
2370	5.729691891744005	-2.8207741826590285
2375	5.7393979206950645	-2.8229047743799933
2380	5.749103949646123	-2.8250353661009573
2385	5.758809978597184	-2.8271659578219217
2390	5.768516007548243	-2.829296549542886
2395	5.7782220364993035	-2.8314271412638505
2400	5.787928065450363	-2.8335577329848145
2405	5.797634094401423	-2.8356883247057794
2410	5.807340123352484	-2.837818916426743
2415	5.817046152303543	-2.8399495081477077
2420	5.826752181254603	-2.8420800998686717
2425	5.836458210205662	-2.844210691589636
2430	5.846164239156722	-2.8463412833106005
2435	5.855870268107782	-2.848471875031565
2440	5.865576297058841	-2.8506024667525294
2445	5.875282326009901	-2.8527330584734933
2450	5.884988354960961	-2.854863650194458
2455	5.894694383912021	-2.856994241915422
2460	5.90440041286308	-2.8591248336363875
2465	5.914106441814139	-2.861255425357351
2470	5.923812470765199	-2.863386017078316
2475	5.933518499716259	-2.8655166087992794
2480	5.943224528667319	-2.8676472005202442
2485	5.952930557618378	-2.8697777922412087
2490	5.962636586569438	-2.8719083839621726
2495	5.972342615520499	-2.874038975683137
2500	5.982048644471559	-2.8761695674041015
2550	6.071877888097649	-2.894973018946046
2600	6.161692640649823	-2.913771455526734
2650	6.251507393201996	-2.932569892107422
2700	6.346000100273844	-2.948595132110575
2750	6.442862087715555	-2.9632158094602667
2800	6.539724075157264	-2.9778364868099585
2850	6.636586062598973	-2.992457164159651
2900	6.72538702957427	-3.006807745866762
2950	6.812801032409307	-3.0211118554215854
3000	6.900215035244343	-3.0354159649764094
3050	6.98762903807938	-3.0497200745312334
3100	7.078654989792947	-3.0611228476831966
3150	7.17373116674451	-3.0692722342790453
3200	7.268807343696073	-3.077421620874894
3250	7.363883520647636	-3.085571007470742
3300	7.458959697599199	-3.0937203940665903
3350	7.552957932715607	-3.10143851140118
3400	7.64490055782079	-3.1083342082840693
3450	7.736843182925973	-3.1152299051669576
3500	7.828785808031156	-3.122125602049846
3550	7.920728433136338	-3.1290212989327344
3600	8.01267105824152	-3.135916995815624
3650	8.105703652963278	-3.1416687100709133
3700	8.201478801333497	-3.14454196452202
3750	8.297253949703714	-3.1474152189731277
3800	8.393029098073935	-3.150288473424233
3850	8.48880424644415	-3.1531617278753403
3900	8.58457939481437	-3.156034982326447
3950	8.68035454318459	-3.158908236777553
4000	8.776107007944349	-3.161795071975727
4050	8.870137263202354	-3.165712999278143
4100	8.96416751846036	-3.16963092658056
4150	9.058197773718366	-3.173548853882977
4200	9.15222802897637	-3.177466781185394
4250	9.246258284234377	-3.181384708487811
4300	9.34028853949238	-3.1853026357902285
4350	9.434318794750387	-3.1892205630926442
4400	9.528349050008392	-3.1931384903950613
4450	9.623165737850922	-3.1965651096137555
4500	9.723467385330014	-3.1965651096137546
4550	9.823769032809105	-3.1965651096137555
4600	9.9240706802882	-3.1965651096137546
4650	10.02437232776729	-3.1965651096137555
4700	10.124673975246383	-3.196565109613755
4750	10.224975622725475	-3.196565109613755
4800	10.325277270204566	-3.196565109613755
4850	10.425578917683657	-3.1965651096137555
4900	10.525880565162751	-3.196565109613755
4950	10.626182212641842	-3.196565109613756
5000	10.72657408357232	-3.196586548490512
5050	10.83244507990239	-3.1979099359446383
5100	10.93831607623246	-3.1992333233987638
5150	11.044187072562533	-3.200556710852889
5200	11.150058068892603	-3.2018800983070155
5250	11.255929065222672	-3.203203485761141
5300	11.362799166525352	-3.206222792485888
5350	11.469995587334878	-3.209796006512872
5400	11.577192008144403	-3.213369220539856
5450	11.684388428953927	-3.2169424345668407
5500	11.791584849763453	-3.2205156485938247
5550	11.898781270572977	-3.224088862620808
5600	12.005410454755712	-3.227321040501022
5650	12.111981338923428	-3.2305181670260543
5700	12.218552223091145	-3.233715293551086
5750	12.325123107258866	-3.2369124200761172
5800	12.431693991426584	-3.2401095466011482
5850	12.538264875594303	-3.24330667312618
5900	12.644835051998385	-3.246801105876903
5950	12.75140403357569	-3.2507974426860518
6000	12.85797301515299	-3.2547937794952015
6050	12.964541996730294	-3.2587901163043496
6100	13.071110978307594	-3.2627864531134985
6150	13.177679959884898	-3.266782789922647
6200	13.284248941462199	-3.2707791267317963
6250	13.390817923039501	-3.2747754635409447
6300	13.497386904616803	-3.278771800350094
6350	13.603955886194106	-3.2827681371592425
6400	13.710524867771408	-3.286764473968392
6450	13.817093849348709	-3.2907608107775403
6500	13.923662830926013	-3.2947571475866892
6550	14.030231812503313	-3.2987534843958386
6600	14.136800794080617	-3.302749821204987
6650	14.243369775657918	-3.306746158014136
6700	14.352096688292047	-3.3150387615545385
6750	14.461801286051896	-3.3252778573454576
6800	14.571505883811742	-3.3355169531363766
6850	14.681210481571588	-3.3457560489272957
6900	14.790915079331434	-3.3559951447182144
6950	14.900619677091282	-3.3662342405091334
7000	15.010324274851127	-3.376473336300053
7050	15.120028872610975	-3.386712432090971
7100	15.22973347037082	-3.3969515278818907
7150	15.339113916940963	-3.40770048114097
7200	15.446865796690552	-3.4210110074629787
7250	15.554617676440143	-3.4343215337849866
7300	15.662369556189734	-3.447632060106995
7350	15.770121435939323	-3.4609425864290033
7400	15.877873315688916	-3.4742531127510112
7450	15.985625195438505	-3.48756363907302
7500	16.093377075188094	-3.5008741653950284
7550	16.201128954937687	-3.5141846917170367
7600	16.308880834687276	-3.527495218039045
7650	16.416632714436865	-3.5408057443610534
7700	16.523576337937918	-3.5543588959230976
7750	16.62680270677744	-3.569027906231871
7800	16.730029075616958	-3.583696916540645
7850	16.833255444456476	-3.5983659268494192
7900	16.936481813295995	-3.613034937158193
7950	17.039708182135517	-3.6277039474669666
8000	17.142934550975035	-3.64237295777574
8050	17.246160919814553	-3.657041968084514
8100	17.34938728865407	-3.6717109783932877
8150	17.45261365749359	-3.6863799887020616
8200	17.55584002633311	-3.7010489990108355
8250	17.65906639517263	-3.7157180093196094
8300	17.762292764012148	-3.730387019628383
8350	17.86476650171485	-3.7434152031158536
8400	17.96590338933055	-3.753528891877424
8450	18.06704027694625	-3.7636425806389933
8500	18.168177164561953	-3.7737562694005637
8550	18.269314052177652	-3.783869958162134
8600	18.370450939793354	-3.7939836469237047
8650	18.471587827409056	-3.804097335685274
8700	18.572724715024755	-3.8142110244468443
8750	18.673861602640457	-3.8243247132084135
8800	18.774998490256156	-3.834438401969984
8850	18.876135377871858	-3.844552090731555
8900	18.97727226548756	-3.8546657794931236
8950	19.07840915310326	-3.864779468254695
9000	19.17954604071896	-3.874893157016264
9050	19.28068292833466	-3.8850068457778346
9100	19.38149594647292	-3.894764513111861
9150	19.481099361184064	-3.9031924943566505
9200	19.580702775895215	-3.911620475601439
9250	19.68030619060636	-3.9200484568462284
9300	19.779909605317506	-3.928476438091018
9350	19.879513020028654	-3.936904419335808
9400	19.979116434739797	-3.945332400580597
9450	20.078719849450945	-3.953760381825386
9500	20.178323264162092	-3.962188363070175
9550	20.27792667887324	-3.9706163443149642
9600	20.377530093584387	-3.9790443255597534
9650	20.477133508295534	-3.987472306804543
9700	20.576736923006678	-3.9959002880493335
9750	20.676340337717825	-4.004328269294121
9800	20.775943752428972	-4.012756250538912
9850	20.87554716714012	-4.021184231783701
9900	20.975150581851267	-4.02961221302849
9950	21.074753996562414	-4.038040194273279
10000	21.17455942175638	-4.046495103060182
10050	21.28043645394645	-4.055759343376813
10100	21.38631348613652	-4.065023583693444
10150	21.49219051832659	-4.074287824010074
10200	21.59806755051666	-4.083552064326707
10250	21.70394458270673	-4.092816304643337
10300	21.809821614896798	-4.102080544959969
10350	21.915698647086867	-4.1113447852766
10400	22.021575679276935	-4.120609025593231
10450	22.127452711467008	-4.129873265909862
10500	22.233329743657077	-4.1391375062264935
10550	22.33685170405632	-4.148838558518448
10600	22.4380927681542	-4.158962664928237
10650	22.53933383225208	-4.1690867713380255
10700	22.640574896349968	-4.1792108777478125
10750	22.741815960447852	-4.1893349841576
10800	22.843057024545736	-4.19945909056739
10850	22.94429808864362	-4.209583196977178
10900	23.0455391527415	-4.219707303386967
10950	23.146780216839385	-4.2298314097967555
11000	23.24802128093727	-4.239955516206543
11050	23.349262345035157	-4.250079622616331
11100	23.450503409133038	-4.26020372902612
11150	23.556080291872597	-4.270327687075989
11200	23.662647914498333	-4.280451611225434
11250	23.769215537124072	-4.29057553537488
11300	23.875783159749812	-4.300699459524325
11350	23.982350782375555	-4.31082338367377
11400	24.088918405001294	-4.320947307823214
11450	24.195486027627034	-4.33107123197266
11500	24.302053650252766	-4.341195156122105
11550	24.40862127287851	-4.351319080271551
11600	24.51518889550425	-4.3614430044209955
11650	24.621756518129988	-4.3715669285704415
11700	24.728324140755728	-4.381690852719887
11750	24.834891763381467	-4.391814776869332
11800	24.932533754283604	-4.400387159209934
11850	25.02710456007654	-4.408425677702335
11900	25.121675365869482	-4.416464196194735
11950	25.21624617166242	-4.424502714687135
12000	25.31081697745536	-4.432541233179534
12050	25.4053877832483	-4.440579751671934
12100	25.49995858904124	-4.448618270164334
12150	25.594529394834183	-4.456656788656733
12200	25.689100200627117	-4.4646953071491335
12250	25.783671006420057	-4.472733825641534
12300	25.878241812212995	-4.480772344133934
12350	25.972812618005936	-4.488810862626334
12400	26.067383423798876	-4.496849381118733
12450	26.161954229591814	-4.504887899611133
12500	26.25675002629915	-4.513065205470284
12550	26.365382764242153	-4.529777934384591
12600	26.474015502185154	-4.5464906632989
12650	26.582648240128155	-4.5632033922132065
12700	26.691280978071156	-4.579916121127515
12750	26.79991371601416	-4.596628850041822
12800	26.908546453957154	-4.61334157895613
12850	27.01717919190016	-4.630054307870438
12900	27.12581192984316	-4.646767036784746
12950	27.23444466778616	-4.663479765699053
13000	27.343077405729158	-4.680192494613361
13050	27.451710143672162	-4.6969052235276685
13100	27.560342881615156	-4.713617952441976
13150	27.66897561955816	-4.7303306813562855
13200	27.77760835750116	-4.747043410270592
13250	27.886241095444163	-4.763756139184901
13300	27.994873833387157	-4.7804688680992085
13350	28.10259615660824	-4.796708804177041
13400	28.20861276029284	-4.812062932986536
13450	28.31462936397745	-4.827417061796029
13500	28.42064596766205	-4.842771190605523
13550	28.526662571346655	-4.858125319415018
13600	28.632679175031257	-4.873479448224513
13650	28.738695778715865	-4.888833577034007
13700	28.844712382400466	-4.904187705843501
13750	28.95072898608507	-4.919541834652996
13800	29.056745589769672	-4.934895963462489
13850	29.162762193454274	-4.950250092271984
13900	29.26877879713888	-4.965604221081478
13950	29.374795400823484	-4.980958349890972
14000	29.48081200450809	-4.9963124787004665
14050	29.58682860819269	-5.0116666075099605
14100	29.692845211877295	-5.027020736319456
14150	29.7988618155619	-5.0423748651289495
14200	29.904878419246504	-5.0577289939384436
14250	30.01089502293111	-5.0730831227479385
14300	30.116479787626112	-5.087733252885066
14350	30.221047267184552	-5.100724970042328
14400	30.32561474674299	-5.113716687199589
14450	30.430182226301433	-5.126708404356849
14500	30.534749705859866	-5.139700121514111
14550	30.63931718541831	-5.1526918386713705
14600	30.743884664976747	-5.165683555828631
14650	30.848452144535187	-5.178675272985893
14700	30.953019624093624	-5.191666990143152
14750	31.057587103652068	-5.204658707300412
14800	31.16215458321051	-5.2176504244576725
14850	31.266722062768945	-5.230642141614934
14900	31.371289542327386	-5.243633858772194
14950	31.475857021885826	-5.256625575929454
15000	31.58042450144426	-5.269617293086716
15050	31.684991981002703	-5.282609010243977
15100	31.789559460561144	-5.295600727401236
15150	31.89412694011958	-5.308592444558498
15200	31.998694419678017	-5.321584161715759
15250	32.10326189923646	-5.33457587887302
15300	32.2078293787949	-5.34756759603028
15350	32.31239685835334	-5.36055931318754
15400	32.41652590804895	-5.375216186014805
15450	32.51972329428609	-5.3934115146408255
15500	32.62292068052322	-5.411606843266844
15550	32.72611806676035	-5.429802171892866
15600	32.82931545299748	-5.447997500518887
15650	32.93251283923461	-5.466192829144907
15700	33.03571022547174	-5.484388157770927
15750	33.13890761170887	-5.502583486396947
15800	33.242104997946	-5.520778815022968
15850	33.345302384183135	-5.538974143648988
15900	33.44849977042026	-5.557169472275009
15950	33.5516971566574	-5.5753648009010295
16000	33.654894542894525	-5.5935601295270505
16050	33.75809192913166	-5.61175545815307
16100	33.861289315368786	-5.629950786779091
16150	33.96448670160592	-5.64814611540511
16200	34.06768408784305	-5.666341444031132
16250	34.17088147408018	-5.684536772657152
16300	34.27407886031731	-5.702732101283172
16350	34.377276246554445	-5.720927429909193
16400	34.48047363279157	-5.739122758535213
16450	34.5836710190287	-5.757318087161234
16500	34.686868405265834	-5.7755134157872545
16550	34.79006579150297	-5.793708744413275
16600	34.893263177740096	-5.811904073039295
16650	34.99646056397723	-5.830099401665314
16700	35.09824249522888	-5.846246584856769
16750	35.1993460131443	-5.861412112544082
16800	35.30044953105972	-5.876577640231396
16850	35.40155304897514	-5.891743167918707
16900	35.50265656689056	-5.90690869560602
16950	35.60376008480597	-5.922074223293334
17000	35.70486360272139	-5.9372397509806465
17050	35.80596712063681	-5.9524052786679595
17100	35.90707063855223	-5.9675708063552735
17150	36.00817415646765	-5.982736334042583
17200	36.10927767438307	-5.997901861729897
17250	36.21038119229849	-6.01306738941721
17300	36.311484710213904	-6.028232917104522
17350	36.41258822812933	-6.043398444791834
17400	36.51369174604474	-6.058563972479149
17450	36.61479526396016	-6.073729500166461
17500	36.71589878187558	-6.088895027853774
17550	36.817002299791	-6.104060555541087
17600	36.918105817706426	-6.119226083228398
17650	37.01920933562184	-6.134391610915712
17700	37.12031285353726	-6.149557138603026
17750	37.221416371452676	-6.164722666290337
17800	37.32251988936809	-6.179888193977652
17850	37.423623407283515	-6.195053721664964
17900	37.524726925198934	-6.210219249352276
17950	37.62583044311435	-6.225384777039589
18000	37.72693396102977	-6.240550304726902
18050	37.82803747894519	-6.2557158324142135
18100	37.92914099686061	-6.270881360101527
18150	38.03024451477603	-6.28604688778884
18200	38.13219529982374	-6.301480443922757
18250	38.235601174076926	-6.31737430978019
18300	38.33900704833011	-6.333268175637624
18350	38.44241292258329	-6.349162041495057
18400	38.54581879683647	-6.365055907352491
18450	38.649224671089655	-6.380949773209925
18500	38.75263054534283	-6.396843639067358
18550	38.85603641959601	-6.412737504924792
18600	38.95944229384919	-6.428631370782225
18650	39.06284816810238	-6.444525236639658
18700	39.16625404235556	-6.460419102497092
18750	39.26965991660874	-6.476312968354526
18800	39.37306579086192	-6.4922068342119585
18850	39.476471665115106	-6.508100700069392
18900	39.57987753936828	-6.5239945659268255
18950	39.68328341362147	-6.539888431784259
19000	39.786689287874644	-6.555782297641693
19050	39.89009516212783	-6.571676163499126
19100	39.99350103638101	-6.587570029356559
19150	40.09690691063419	-6.603463895213992
19200	40.20031278488737	-6.619357761071427
19250	40.30371865914056	-6.635251626928859
19300	40.407124533393734	-6.651145492786295
19350	40.51053040764692	-6.667039358643726
19400	40.6139362819001	-6.68293322450116
19450	40.717342156153286	-6.698827090358594
19500	40.82074803040646	-6.714720956216028
19550	40.92415390465965	-6.73061482207346
19600	41.027559778912824	-6.746508687930895
19650	41.13096565316601	-6.762402553788329
19700	41.234371527419185	-6.778296419645763
19750	41.33777740167237	-6.794190285503195
19800	41.44118327592555	-6.810084151360629
19850	41.54458915017874	-6.825978017218061
19900	41.647995024431914	-6.841871883075497
19950	41.75140089868509	-6.85776574893293
20000	41.854806772938275	-6.8736596147903635
20050	41.95924879661243	-6.8916236428623145
20100	42.06369082028657	-6.90958767093427
20150	42.16813284396072	-6.92755169900622
20200	42.27257486763486	-6.945515727078177
20250	42.377016891309005	-6.963479755150129
20300	42.48145891498316	-6.981443783222082
20350	42.585900938657296	-6.999407811294034
20400	42.69034296233145	-7.017371839365987
20450	42.794784986005595	-7.035335867437941
20500	42.899227009679734	-7.053299895509895
20550	43.00366903335389	-7.071263923581848
20600	43.108111057028026	-7.0892279516538
20650	43.21255308070218	-7.107191979725754
20700	43.316995104376325	-7.125156007797708
20750	43.42143712805047	-7.14312003586966
20800	43.52587915172462	-7.161084063941613
20850	43.63137200580938	-7.178193776781691
20900	43.73899836406116	-7.193568970817661
20950	43.846624722312946	-7.208944164853628
21000	43.954251080564724	-7.2243193588895975
21050	44.0618774388165	-7.239694552925568
21100	44.16950379706829	-7.255069746961536
21150	44.27713015532007	-7.270444940997503
21200	44.38475651357185	-7.2858201350334735
21250	44.49238287182363	-7.301195329069441
21300	44.600009230075415	-7.316570523105408
21350	44.7076355883272	-7.331945717141379
21400	44.81526194657898	-7.347320911177347
21450	44.922888304830764	-7.362696105213316
21500	45.03051466308254	-7.378071299249284
21550	45.13814102133433	-7.393446493285253
21600	45.2457673795861	-7.408821687321223
21650	45.35339373783788	-7.424196881357192
21700	45.46102009608966	-7.43957207539316
21750	45.569729450404715	-7.456168937795875
21800	45.68246428065308	-7.4773067184674415
21850	45.79519911090143	-7.4984444991390085
21900	45.907933941149786	-7.519582279810574
21950	46.020668771398135	-7.5407200604821405
22000	46.13340360164648	-7.561857841153708
22050	46.246138431894835	-7.582995621825274
22100	46.358873262143206	-7.6041334024968394
22150	46.47160809239155	-7.625271183168405
22200	46.5843429226399	-7.646408963839974
22250	46.69707775288826	-7.667546744511539
22300	46.80981258313661	-7.688684525183105
22350	46.92254741338496	-7.709822305854672
22400	47.03528224363332	-7.730960086526238
22450	47.14801707388167	-7.752097867197806
22500	47.26075190413003	-7.773235647869371
22550	47.373486734378375	-7.794373428540939
22600	47.48622156462673	-7.815511209212505
22650	47.59895639487509	-7.836648989884072
22700	47.71169122512344	-7.857786770555637
22750	47.821503140634675	-7.87953693567727
22800	47.92765482958319	-7.902053960605744
22850	48.03380651853171	-7.924570985534216
22900	48.13995820748021	-7.94708801046269
22950	48.24610989642873	-7.9696050353911625
23000	48.35226158537725	-7.992122060319635
23050	48.458413274325764	-8.014639085248108
23100	48.564564963274286	-8.037156110176582
23150	48.6707166522228	-8.059673135105056
23200	48.776868341171316	-8.082190160033527
23250	48.88302003011984	-8.104707184962
23300	48.989171719068345	-8.127224209890477
23350	49.09532340801687	-8.149741234818949
23400	49.20147509696538	-8.172258259747423
23450	49.307626785913904	-8.194775284675895
23500	49.41377847486242	-8.217292309604368
23550	49.51993016381093	-8.239809334532842
23600	49.626081852759455	-8.262326359461314
23650	49.73223354170797	-8.284843384389788
23700	49.838385230656485	-8.30736040931826
23750	49.94453691960501	-8.329877434246733
23800	50.05068860855353	-8.352394459175205
23850	50.160791207761704	-8.380252795595943
23900	50.2719188542161	-8.40949691308394
23950	50.383046500670496	-8.438741030571942
24000	50.494174147124895	-8.467985148059938
24050	50.60530179357929	-8.49722926554794
24100	50.716429440033686	-8.526473383035936
24150	50.827557086488085	-8.555717500523937
24200	50.93868473294247	-8.584961618011937
24250	51.04981237939687	-8.614205735499935
24300	51.16094002585127	-8.643449852987933
24350	51.27206767230565	-8.672693970475933
24400	51.38319531876006	-8.70193808796393
24450	51.49432296521445	-8.73118220545193
24500	51.60545061166885	-8.760426322939928
24550	51.716578258123235	-8.789670440427928
24600	51.82770590457764	-8.818914557915926
24650	51.93883355103204	-8.848158675403925
24700	52.04996119748643	-8.877402792891925
24750	52.161088843940824	-8.906646910379923
24800	52.27221649039523	-8.935891027867921
24850	52.383344136849615	-8.965135145355921
24900	52.494471783304014	-8.994379262843921
24950	52.605599429758406	-9.02362338033192
25000	52.716727076212806	-9.052867497819916
25050	52.82525664247242	-9.084566627973738
25100	52.93373318668725	-9.116315860426857
25150	53.04220973090209	-9.148065092879978
25200	53.15068627511692	-9.179814325333098
25250	53.25916281933174	-9.211563557786219
25300	53.36763936354657	-9.243312790239342
25350	53.476115907761404	-9.27506202269246
25400	53.584592451976235	-9.306811255145583
25450	53.693068996191066	-9.338560487598702
25500	53.80154554040589	-9.370309720051823
25550	53.91002208462073	-9.402058952504945
25600	54.01849862883555	-9.433808184958066
25650	54.12697517305038	-9.465557417411187
25700	54.235451717265214	-9.497306649864306
25750	54.34392826148003	-9.52905588231743
25800	54.452404805694876	-9.560805114770547
25850	54.5608813499097	-9.59255434722367
25900	54.66935789412453	-9.624303579676791
25950	54.77783443833936	-9.656052812129913
26000	54.886310982554186	-9.687802044583032
26050	54.994787526769024	-9.719551277036153
26100	55.10326407098385	-9.751300509489274
26150	55.21174061519867	-9.783049741942394
26200	55.32021715941351	-9.814798974395515
26250	55.42869370362833	-9.846548206848636
26300	55.537170247843164	-9.878297439301758
26350	55.64790662610485	-9.912656974717814
26400	55.75981756856718	-9.948373232950475
26450	55.87172851102952	-9.984089491183134
26500	55.98363945349185	-10.019805749415791
26550	56.09555039595418	-10.055522007648449
26600	56.207461338416515	-10.091238265881108
26650	56.31937228087883	-10.126954524113767
26700	56.43128322334116	-10.162670782346428
26750	56.543194165803506	-10.198387040579085
26800	56.655105108265836	-10.234103298811744
26850	56.76701605072817	-10.269819557044404
26900	56.8789269931905	-10.305535815277063
26950	56.990837935652834	-10.341252073509722
27000	57.10274887811516	-10.37696833174238
27050	57.21465982057749	-10.41268458997504
27100	57.32657076303982	-10.448400848207699
27150	57.43848170550215	-10.484117106440358
27200	57.550392647964486	-10.519833364673016
27250	57.66230359042682	-10.555549622905675
27300	57.77421453288915	-10.591265881138337
27350	57.88612547535147	-10.626982139370995
27400	57.99803641781381	-10.662698397603652
27450	58.10994736027614	-10.698414655836311
27500	58.221858302738475	-10.734130914068968
27550	58.333769245200806	-10.769847172301628
27600	58.44568018766314	-10.805563430534287
27650	58.55759113012547	-10.841279688766946
27700	58.6695020725878	-10.876995946999605
27750	58.78141301505012	-10.912712205232266
27800	58.8893662406494	-10.951253868233907
27850	58.99162421515304	-10.993861357610426
27900	59.09388218965669	-11.036468846986944
27950	59.19614016416034	-11.079076336363462
28000	59.29839813866398	-11.121683825739982
28050	59.40065611316763	-11.164291315116502
28100	59.50291408767128	-11.20689880449302
28150	59.605172062174915	-11.24950629386954
28200	59.707430036678566	-11.29211378324606
28250	59.80968801118222	-11.334721272622577
28300	59.91194598568586	-11.377328761999097
28350	60.014203960189505	-11.419936251375617
28400	60.11646193469315	-11.462543740752137
28450	60.21871990919679	-11.505151230128655
28500	60.32097788370045	-11.547758719505172
28550	60.42323585820409	-11.590366208881695
28600	60.52549383270773	-11.632973698258212
28650	60.62775180721139	-11.675581187634728
28700	60.730009781715026	-11.71818867701125
28750	60.83226775621867	-11.760796166387772
28800	60.934525730722314	-11.803403655764287
28850	61.036783705225965	-11.846011145140807
28900	61.13904167972961	-11.88861863451733
28950	61.24129965423326	-11.931226123893845
29000	61.3435576287369	-11.973833613270365
29050	61.445815603240554	-12.016441102646885
29100	61.54807357774419	-12.059048592023405
29150	61.65033155224784	-12.101656081399923
29200	61.75258952675149	-12.144263570776443
29250	61.85484750125513	-12.186871060152962
29300	61.95710547575878	-12.229478549529482
29350	62.05936345026242	-12.272086038906
29400	62.16162142476607	-12.31469352828252
29450	62.25460874491545	-12.356747283187598
29500	62.343990810593716	-12.398585696909345
29550	62.433372876271996	-12.440424110631087
29600	62.52275494195026	-12.48226252435283
29650	62.612137007628526	-12.524100938074575
29700	62.701519073306805	-12.565939351796318
29750	62.79090113898508	-12.607777765518062
29800	62.880283204663336	-12.649616179239807
29850	62.969665270341615	-12.691454592961549
29900	63.05904733601988	-12.733293006683295
29950	63.14842940169815	-12.775131420405035
30000	63.237811467376424	-12.81696983412678
