200048746
1252299821
4169950822
3745347015
215143964
70800835
787889262
3068010975
3562857689
1951595264
1229856206
1843772485
490003581
3884653016
1706185632
882826429
3018598727
710692927
315306354
679944386
4003605770
3157035103
651090749
41315295
1398570009
3710185985
3172539917
3608723033
958097787
3867388603
1251992904
2012466120
36398555
1324294153
4165289265
774430403
1279479035
3172111099
4258676181
93389969
3529592928
2918798580
1312883904
496967694
2000002132
3945975585
1490569506
3774484754
