1833181385
2608108146
3553405786
3695430481
1833069908
3636444993
832638514
1131436052
1116914266
362895830
1379894198
498074127
1581634864
1032894224
2237476056
1176461369
3158364677
4096792289
991436873
971147003
4128477569
4286287835
475926781
2331928551
1630116492
3255730184
2601155233
3042020213
2719481566
144558414
97112736
263197813
701008886
1904945584
817433360
1237539794
2386926608
4205599150
2741181445
3031832910
1609200607
1485609805
559764918
1384693331
2428069550
2506113374
20735903
2722684071
