0.9660092984305358
0.9644283230404836
0.9660123856666535
0.964445134791292
0.9657835061571831
0.9660478501471791
0.9644541406634339
0.9644453007838534
0.9660413124270737
0.9660005094722417
0.9651103261848845
0.9660303536642504
0.9657103874556507
0.9660514259620038
0.9660303682870612
0.9660098868675683
0.9660570905541431
0.9655892636427732
0.9660081271636562
0.9659084973959919
0.9660551307350193
0.9658150366092204
0.9660385228793539
0.9386995446963367
0.9660138532350986
0.9660579165369366
0.9659561627516217
0.966059711051039
0.9659086850505099
0.9644520606133747
0.9644350423711118
0.9644343957513173
0.9386996383673921
0.9660300677311193
0.9644551755054982
0.9644522854914938
0.9660129406261534
0.96592379317341
0.9644414935509545
0.9653058506992741
0.9658858088910542
0.964437466092286
0.965875287566955
0.9660615428582581
0.9660256429341139
0.9386996388547979
0.9660061334818253
0.9644417947706534
