280	0.011938504183985066	1e-301	0.988061495816015
285	0.017564166587464666	0.0	0.9824358334125354
290	0.02362729430690194	0.0	0.9763727056930981
295	0.029721787837090397	0.0	0.9702782121629097
300	0.03585776756546948	0.0	0.9641422324345306
305	0.04180415597464342	0.0	0.9581958440253566
310	0.047543183714718704	0.0	0.9524568162852813
315	0.05312875801409424	0.0	0.9468712419859058
320	0.05858989282467401	0.0	0.941410107175326
325	0.06344170488742916	0.0	0.9365582951125708
330	0.06814610953725031	0.0	0.9318538904627497
335	0.07208232090604513	0.0	0.9279176790939548
340	0.07578013575833477	0.0	0.9242198642416652
345	0.07874710428129553	0.0	0.9212528957187045
350	0.08127762610038958	0.0	0.9187223738996104
355	0.08316839543421906	0.0	0.9168316045657809
360	0.08435308456409231	0.0	0.9156469154359077
365	0.08417196375593311	0.0	0.915828036244067
370	0.08313457913550426	0.0	0.9168654208644957
375	0.08216789359568215	0.0	0.9178321064043179
380	0.08107349268029107	0.0	0.9189265073197089
385	0.08045031279021643	0.0	0.9195496872097836
390	0.08039885321369447	0.0	0.9196011467863056
395	0.08073118927293321	0.0	0.9192688107270668
400	0.08122527993543734	0.0	0.9187747200645626
405	0.08225530880036648	0.0	0.9177446911996335
410	0.08317825504551402	0.0	0.916821744954486
415	0.08404732791488934	0.0	0.9159526720851107
420	0.08488907046878015	0.0	0.9151109295312199
425	0.08558281851806007	0.0	0.91441718148194
430	0.08607684666266739	0.0	0.9139231533373326
435	0.08633923420205408	0.0	0.9136607657979459
440	0.0863525925774206	0.0	0.9136474074225794
445	0.08611055641843338	0.0	0.9138894435815667
450	0.08561154755528183	0.0	0.9143884524447181
455	0.08479085133220123	0.0	0.9152091486677988
460	0.0837119409373945	0.0	0.9162880590626055
465	0.08243378787843547	0.0	0.9175662121215645
470	0.08087721942401978	0.0	0.9191227805759802
475	0.07904147221098859	0.0	0.9209585277890114
480	0.07698521487220335	0.0	0.9230147851277967
485	0.0747213884995434	0.0	0.9252786115004565
490	0.0723144753725053	0.0	0.9276855246274947
495	0.06976482116043795	0.0	0.9302351788395621
500	0.06701963879844923	0.0	0.9329803612015508
505	0.0641461328718792	0.0	0.9358538671281208
510	0.06110842600179957	0.0	0.9388915739982004
515	0.057968309083214445	0.0	0.9420316909167855
520	0.05473016688775156	0.0	0.9452698331122484
525	0.051430501379265414	0.0	0.9485694986207346
530	0.048108882817927426	0.0	0.9518911171820725
535	0.04478366156238152	0.0	0.9552163384376184
540	0.041481836638501135	0.0	0.9585181633614989
545	0.03825819386535551	0.0	0.9617418061346444
550	0.03508569575303443	0.0	0.9649143042469656
555	0.032019061595236056	0.0	0.967980938404764
560	0.02904805573264831	0.0	0.9709519442673517
565	0.026220848629565734	0.0	0.9737791513704342
570	0.023612415947889515	0.0	0.9763875840521105
575	0.021121231140132028	0.0	0.978878768859868
580	0.01867351872347387	0.0	0.9813264812765261
585	0.016324883806262087	0.0	0.9836751161937379
590	0.01412600309416946	0.0	0.9858739969058306
595	0.012051918274255785	0.0	0.9879480817257442
600	0.010140232604708886	0.0	0.9898597673952911
605	0.008399163159242577	0.0	0.9916008368407574
610	0.006850671144677712	0.0	0.9931493288553223
615	0.0054726518850476994	0.0	0.9945273481149522
620	0.004265392129158272	0.0	0.9957346078708418
625	0.0032259746225403963	0.0	0.9967740253774596
630	0.0023587362872423755	0.0	0.9976412637127576
635	0.001661639466241061	0.0	0.9983383605337589
640	0.0011225418238150118	0.0	0.998877458176185
645	0.0007495419392293855	0.0	0.9992504580607706
650	0.0005405426777298024	0.0	0.9994594573222702
655	0.000491465714554214	0.0	0.9995085342854458
660	0.0006016597277153806	0.0	0.9993983402722846
665	0.0008660270222845038	0.0	0.9991339729777154
670	0.0012783422899391933	0.0	0.9987216577100608
675	0.0018559966450820361	0.0	0.9981440033549179
680	0.0025879431357135486	0.0	0.9974120568642865
685	0.003465648577888986	0.0	0.996534351422111
690	0.004472554146518407	0.0	0.9955274458534816
695	0.005577702809902236	0.0	0.9944222971900978
700	0.006797938870624907	0.0	0.9932020611293751
705	0.008124184559035368	0.0	0.9918758154409646
710	0.009540119867676193	0.0	0.9904598801323238
715	0.01102589586286948	0.0	0.9889741041371305
720	0.012589528556466263	0.0	0.9874104714435338
725	0.014221846178315511	0.0	0.9857781538216845
730	0.015890991812232788	0.0	0.9841090081877673
735	0.01746006235558145	0.0	0.9825399376444186
740	0.019053696403268962	0.0	0.9809463035967311
745	0.020664413596429503	0.0	0.9793355864035705
750	0.02228518498181322	0.0	0.9777148150181868
755	0.023778491625106667	0.0	0.9762215083748933
760	0.025206889733764372	0.0	0.9747931102662356
765	0.026614356655124613	0.0	0.9733856433448754
770	0.027996351808743766	0.0	0.9720036481912563
775	0.029343767873737978	0.0	0.9706562321262621
780	0.030416668031309834	0.0	0.9695833319686902
785	0.03144831703246051	0.0	0.9685516829675395
790	0.03243702573709423	0.0	0.9675629742629057
795	0.0333817201391559	0.0	0.9666182798608441
800	0.034282905787187554	0.0	0.9657170942128125
805	0.035227582562098514	0.0	0.9647724174379015
810	0.03612997891285834	0.0	0.9638700210871417
815	0.0369894067064103	0.0	0.9630105932935897
820	0.03780551640048667	0.0	0.9621944835995133
825	0.038577961435960303	0.0	0.9614220385640397
830	0.039283709482305515	0.0	0.9607162905176945
835	0.03993363244410389	0.0	0.9600663675558961
840	0.04053847205245299	0.0	0.959461527947547
845	0.041098511879960734	0.0	0.9589014881200393
850	0.041614037641023935	0.0	0.9583859623589761
855	0.042085547887338065	0.0	0.9579144521126619
860	0.0424659452554118	0.0	0.9575340547445882
865	0.042806241628263714	0.0	0.9571937583717363
870	0.0431081275424674	0.0	0.9568918724575326
875	0.04337253455422152	0.0	0.9566274654457785
880	0.04360003029652279	0.0	0.9563999697034772
885	0.04379167008194568	0.0	0.9562083299180544
890	0.04397855987262061	0.0	0.9560214401273794
895	0.04413495546422251	0.0	0.9558650445357775
900	0.04425750123281512	0.0	0.9557424987671849
905	0.04434714122145097	0.0	0.955652858778549
910	0.04440462014702527	0.0	0.9555953798529747
915	0.04443099468163514	0.0	0.9555690053183649
920	0.04441770172565983	0.0	0.9555822982743402
925	0.0443582034967929	0.0	0.9556417965032071
930	0.04427446235093517	0.0	0.9557255376490649
935	0.044167433461134054	0.0	0.955832566538866
940	0.04403784956813627	0.0	0.9559621504318637
945	0.04388663057028575	0.0	0.9561133694297143
950	0.04371454146071524	0.0	0.9562854585392848
955	0.043542845859763535	0.0	0.9564571541402365
960	0.043408219336305134	0.0	0.9565917806636949
965	0.04325249875927379	0.0	0.9567475012407262
970	0.043076333104797984	0.0	0.956923666895202
975	0.0428806012514991	0.0	0.9571193987485009
980	0.04266587698528265	0.0	0.9573341230147173
985	0.04243302699005054	0.0	0.9575669730099494
990	0.04218263947674783	0.0	0.9578173605232522
995	0.04191320894385433	0.0	0.9580867910561457
1000	0.041631346605564265	0.0	0.9583686533944358
1005	0.04134042214321578	0.0	0.9586595778567842
1010	0.041040825487443984	0.0	0.958959174512556
1015	0.04073322939156765	0.0	0.9592667706084324
1020	0.04041799879180069	0.0	0.9595820012081993
1025	0.04009577606517302	0.0	0.959904223934827
1030	0.039766901680436124	0.0	0.9602330983195638
1035	0.039505730609558594	0.0	0.9604942693904414
1040	0.03934445873008528	0.0	0.9606555412699147
1045	0.03917085924083009	0.0	0.9608291407591699
1050	0.038985189277507735	0.0	0.9610148107224923
1055	0.03878795770928869	0.0	0.9612120422907113
1060	0.03857941333856015	0.0	0.9614205866614398
1065	0.03836005839412095	0.0	0.9616399416058791
1070	0.03813012890270031	0.0	0.9618698710972997
1075	0.037890119088701255	0.0	0.9621098809112988
1080	0.03764610768646621	0.0	0.9623538923135337
1085	0.03740144879438073	0.0	0.9625985512056192
1090	0.03714755657112671	0.0	0.9628524434288733
1095	0.036884888003231246	0.0	0.9631151119967688
1100	0.03661363971114469	0.0	0.9633863602888553
1105	0.036334260594924755	0.0	0.9636657394050753
1110	0.03604694522399394	0.0	0.963953054776006
1115	0.035752120876142233	0.0	0.9642478791238578
1120	0.03544998108995861	0.0	0.9645500189100414
1125	0.03514094522866668	0.0	0.9648590547713333
1130	0.034842793364841744	0.0	0.9651572066351582
1135	0.0345471982313203	0.0	0.9654528017686796
1140	0.03424194290328551	0.0	0.9657580570967145
1145	0.0339274975577189	0.0	0.9660725024422812
1150	0.03360410665170752	0.0	0.9663958933482925
1155	0.033272226192497235	0.0	0.9667277738075027
1160	0.03293208922280719	0.0	0.9670679107771928
1165	0.03258415059717366	0.0	0.9674158494028263
1170	0.03222864971167565	0.0	0.9677713502883244
1175	0.03186602409892757	0.0	0.9681339759010724
1180	0.03149649909458193	0.0	0.968503500905418
1185	0.031079698957901854	0.0	0.9689203010420981
1190	0.030646990130068833	0.0	0.9693530098699311
1195	0.03020913351662352	0.0	0.9697908664833765
1200	0.029766377415755642	0.0	0.9702336225842444
1205	0.029319196216820186	0.0	0.9706808037831798
1210	0.02886781669126483	0.0	0.9711321833087352
1215	0.028412714679716674	0.0	0.9715872853202834
1220	0.0279541227456802	0.0	0.9720458772543198
1225	0.027492477792297527	0.0	0.9725075222077024
1230	0.02702801862725244	0.0	0.9729719813727475
1235	0.02656118503063646	0.0	0.9734388149693636
1240	0.026092194284062526	0.0	0.9739078057159375
1245	0.025603360446319206	0.0	0.9743966395536808
1250	0.02511293406747308	0.0	0.9748870659325269
1255	0.02462134346092912	0.0	0.9753786565390709
1260	0.024128850298403958	0.0	0.975871149701596
1265	0.02363585402318954	0.0	0.9763641459768104
1270	0.023128273132884646	0.0	0.9768717268671153
1275	0.022621836731746992	0.0	0.977378163268253
1280	0.022116710278721922	0.0	0.977883289721278
1285	0.021613283000664382	0.0	0.9783867169993357
1290	0.021111777334537125	0.0	0.9788882226654628
1295	0.020592002839322554	0.0	0.9794079971606775
1300	0.02006947309484115	0.0	0.9799305269051588
1305	0.01954969871566987	0.0	0.9804503012843301
1310	0.01903291283865689	0.0	0.9809670871613431
1315	0.01851948986740886	0.0	0.9814805101325912
1320	0.01800670473393382	0.0	0.9819932952660662
1325	0.017486449308023125	0.0	0.9825135506919769
1330	0.01697108885787721	0.0	0.9830289111421228
1335	0.016460961501848004	0.0	0.9835390384981519
1340	0.01595626526474875	0.0	0.9840437347352512
1345	0.015457322503285263	0.0	0.9845426774967148
1350	0.01494682494651266	0.0	0.9850531750534873
1355	0.014417576327526143	0.0	0.9855824236724738
1360	0.013896512966833866	0.0	0.9861034870331661
1365	0.013383927615588114	0.0	0.9866160723844118
1370	0.012879988250548943	0.0	0.9871200117494511
1375	0.012384968701419497	0.0	0.9876150312985805
1380	0.011885816881370057	0.0	0.98811418311863
1385	0.011377600747100869	0.0	0.9886223992528991
1390	0.01088086917290397	0.0	0.989119130827096
1395	0.010395814986424518	0.0	0.9896041850135755
1400	0.009922524521283792	0.0	0.9900774754787162
1405	0.009461207967130899	0.0	0.9905387920328691
1410	0.009002281582606688	0.0	0.9909977184173933
1415	0.0085188142616233	0.0	0.9914811857383767
1420	0.008050709550473316	0.0	0.9919492904495267
1425	0.007598033848040057	0.0	0.99240196615196
1430	0.007139962257367209	0.0	0.9928600377426328
1435	0.006699564295128942	0.0	0.993300435704871
1440	0.00627675223907093	0.0	0.993723247760929
1445	0.005837371581483206	0.0	0.9941626284185168
1450	0.005396532190585665	0.0	0.9946034678094143
1455	0.004977782969772105	0.0	0.9950222170302279
1460	0.0045823001174977425	0.0	0.9954176998825023
1465	0.004216458258719205	0.0	0.9957835417412808
1470	0.0038761110266655927	0.0	0.9961238889733344
1475	0.0035614322355903066	0.0	0.9964385677644096
1480	0.003326505409863917	0.0	0.9966734945901361
1485	0.003128856013291206	0.0	0.9968711439867088
1490	0.0029549996015460238	0.0	0.997045000398454
1495	0.0028153908202058603	0.0	0.9971846091797941
1500	0.0027392272812476626	0.0	0.9972607727187524
1505	0.0026851636032266747	0.0	0.9973148363967733
1510	0.0026532847399669455	0.0	0.997346715260033
1515	0.002636085420349473	0.0	0.9973639145796506
1520	0.0026310896853504913	0.0	0.9973689103146495
1525	0.0026420890041841645	0.0	0.9973579109958158
1530	0.0026689966359691453	0.0	0.9973310033640308
1535	0.002711804125450212	0.0	0.9972881958745498
1540	0.0027703943085433808	0.0	0.9972296056914566
1545	0.0028447510508487124	0.0	0.9971552489491513
1550	0.002934741261545741	0.0	0.9970652587384543
1555	0.0030120181286087573	0.0	0.9969879818713913
1560	0.0031019723064346287	0.0	0.9968980276935654
1565	0.003204557885012266	0.0	0.9967954421149877
1570	0.0033197057158928533	0.0	0.9966802942841071
1575	0.0034473630547905087	0.0	0.9965526369452095
1580	0.0035874563691211305	0.0	0.9964125436308788
1585	0.003739926292231485	0.0	0.9962600737077685
1590	0.0039046615111933414	0.0	0.9960953384888067
1595	0.004105413840052994	0.0	0.995894586159947
1600	0.004320904992150952	0.0	0.995679095007849
1605	0.004551125474402839	0.0	0.9954488745255972
1610	0.00479590565850066	0.0	0.9952040943414994
1615	0.005055231543671315	0.0	0.9949447684563287
1620	0.005328920843102336	0.0	0.9946710791568977
1625	0.005616912740944966	0.0	0.994383087259055
1630	0.005919096150306621	0.0	0.9940809038496934
1635	0.006223087307211009	0.0	0.993776912692789
1640	0.006539590008747026	0.0	0.993460409991253
1645	0.006868478618773596	0.0	0.9931315213812264
1650	0.007209620568898632	0.0	0.9927903794311014
1655	0.007562883615065534	0.0	0.9924371163849345
1660	0.007928079485010052	0.0	0.9920719205149899
1665	0.00830517020849402	0.0	0.991694829791506
1670	0.008693964105416343	0.0	0.9913060358945837
1675	0.0090942626702776	0.0	0.9909057373297224
1680	0.009505436867096958	0.0	0.9904945631329031
1685	0.009926705269470334	0.0	0.9900732947305296
1690	0.010357997727189731	0.0	0.9896420022728103
1695	0.010799014650777409	0.0	0.9892009853492226
1700	0.011249628290765399	0.0	0.9887503717092346
1705	0.011709650076565941	0.0	0.988290349923434
1710	0.012178893977805028	0.0	0.987821106022195
1715	0.012657231765367476	0.0	0.9873427682346325
1720	0.013144351337763207	0.0	0.9868556486622367
1725	0.013630354889091888	0.0	0.9863696451109081
1730	0.01411720075265616	0.0	0.9858827992473438
1735	0.014610855901073385	0.0	0.9853891440989266
1740	0.015111258523163851	0.0	0.9848887414768361
1745	0.015618142664048611	0.0	0.9843818573359514
1750	0.016131315557191633	0.0	0.9838686844428084
1755	0.016650507892570443	0.0	0.9833494921074295
1760	0.01717566879874627	0.0	0.9828243312012537
1765	0.017706531421454976	0.0	0.982293468578545
1770	0.01824283411307818	0.0	0.9817571658869219
1775	0.018747028496802893	0.0	0.9812529715031971
1780	0.01924610594026662	0.0	0.9807538940597333
1785	0.019749357044021806	0.0	0.9802506429559782
1790	0.020256502149197178	0.0	0.9797434978508028
1795	0.020767478591029974	0.0	0.97923252140897
1800	0.021282237075269966	0.0	0.97871776292473
1805	0.02180048900763321	0.0	0.9781995109923668
1810	0.022322187561531242	0.0	0.9776778124384687
1815	0.022847201081662123	0.0	0.9771527989183378
1820	0.023375409230789002	0.0	0.976624590769211
1825	0.02390459695183922	0.0	0.9760954030481608
1830	0.024433828746772777	0.0	0.9755661712532272
1835	0.024966214888122746	0.0	0.9750337851118772
1840	0.025501654422270932	0.0	0.9744983455777291
1845	0.026040037033393044	0.0	0.9739599629666069
1850	0.026581264595891548	0.0	0.9734187354041085
1855	0.0271252292877149	0.0	0.9728747707122851
1860	0.02767183581092463	0.0	0.9723281641890754
1865	0.028220893283373363	0.0	0.9717791067166266
1870	0.02877247981283608	0.0	0.971227520187164
1875	0.029326407609880225	0.0	0.9706735923901197
1880	0.02988553452350195	0.0	0.970114465476498
1885	0.030458834671159354	0.0	0.9695411653288406
1890	0.031033754854683192	0.0	0.9689662451453168
1895	0.031610351164434135	0.0	0.9683896488355659
1900	0.032188340193836824	0.0	0.9678116598061631
1905	0.03276778314157273	0.0	0.9672322168584273
1910	0.033348397652592295	0.0	0.9666516023474077
1915	0.033930249944897635	0.0	0.9660697500551023
1920	0.034513058758129544	0.0	0.9654869412418705
1925	0.03509680340193198	0.0	0.964903196598068
1930	0.03568147924844226	0.0	0.9643185207515578
1935	0.03626679401222411	0.0	0.9637332059877759
1940	0.03684406950496553	0.0	0.9631559304950345
1945	0.03741628315540501	0.0	0.962583716844595
1950	0.03798919053609422	0.0	0.9620108094639058
1955	0.038562706164808065	0.0	0.9614372938351919
1960	0.0391368537424911	0.0	0.9608631462575089
1965	0.03971136108527211	0.0	0.9602886389147279
1970	0.04028625418966723	0.0	0.9597137458103328
1975	0.0408614527259185	0.0	0.9591385472740815
1980	0.04143689089560192	0.0	0.9585631091043981
1985	0.04201249088774231	0.0	0.9579875091122577
1990	0.04258809241069631	0.0	0.9574119075893037
1995	0.043163813969763265	0.0	0.9568361860302368
2000	0.043739498180624135	0.0	0.9562605018193758
2005	0.04427865438817037	0.0	0.9557213456118296
2010	0.04481624790809377	0.0	0.9551837520919062
2015	0.045352111520699	0.0	0.954647888479301
2020	0.045886388754045736	0.0	0.9541136112459543
2025	0.04641891581732494	0.0	0.9535810841826751
2030	0.04694964231867462	0.0	0.9530503576813254
2035	0.04747840622129032	0.0	0.9525215937787097
2040	0.048005359285513576	0.0	0.9519946407144865
2045	0.04853024256332611	0.0	0.951469757436674
2050	0.0490532117425907	0.0	0.9509467882574093
2055	0.04957411048891357	0.0	0.9504258895110864
2060	0.05009279642694528	0.0	0.9499072035730547
2065	0.05060941750194009	0.0	0.94939058249806
2070	0.05109084329158077	0.0	0.9489091567084192
2075	0.05156219537356357	0.0	0.9484378046264365
2080	0.052031839778354814	0.0	0.9479681602216452
2085	0.05249956109896461	0.0	0.9475004389010354
2090	0.05296556521402196	0.0	0.947034434785978
2095	0.05342963915395631	0.0	0.9465703608460437
2100	0.053891890373541584	0.0	0.9461081096264584
2105	0.054352414926424536	0.0	0.9456475850735755
2110	0.05481101717889729	0.0	0.9451889828211028
2115	0.05526779612175624	0.0	0.9447322038782437
2120	0.05572276379342177	0.0	0.9442772362065782
2125	0.056175920112821354	0.0	0.9438240798871786
2130	0.05662738329534823	0.0	0.9433726167046518
2135	0.05707695054530506	0.0	0.942923049454695
2140	0.05751177756871489	0.0	0.9424882224312852
2145	0.057926239164405896	0.0	0.9420737608355941
2150	0.05834020416463022	0.0	0.9416597958353697
2155	0.05875372447483141	0.0	0.9412462755251686
2160	0.05916686820741234	0.0	0.9408331317925877
2165	0.05957969134209407	0.0	0.9404203086579059
2170	0.05999226634956686	0.0	0.9400077336504331
2175	0.06040465341646015	0.0	0.9395953465835398
2180	0.06081692952378094	0.0	0.9391830704762191
2185	0.061229159211028436	0.0	0.9387708407889716
2190	0.061641424135527166	0.0	0.9383585758644728
2195	0.06205379334959551	0.0	0.9379462066504045
2200	0.06246635336756345	0.0	0.9375336466324365
2205	0.06287917792923184	0.0	0.9371208220707682
2210	0.06329235860207351	0.0	0.9367076413979265
2215	0.06371103496539718	0.0	0.9362889650346028
2220	0.0641516168878244	0.0	0.9358483831121756
2225	0.06459382808661734	0.0	0.9354061719133826
2230	0.06503777200736655	0.0	0.9349622279926335
2235	0.06548353839240859	0.0	0.9345164616075914
2240	0.06593113084407572	0.0	0.9340688691559242
2245	0.06638085377658359	0.0	0.9336191462234165
2250	0.0668327162213252	0.0	0.9331672837786749
2255	0.06728671257041272	0.0	0.9327132874295873
2260	0.06774317268309578	0.0	0.9322568273169042
2265	0.06820209632179035	0.0	0.9317979036782097
2270	0.06866350322848634	0.0	0.9313364967715136
2275	0.06912771479490111	0.0	0.9308722852050989
2280	0.06959465120902925	0.0	0.9304053487909707
2285	0.07006464000986361	0.0	0.9299353599901364
2290	0.07053771326311234	0.0	0.9294622867368877
2295	0.07101388720096807	0.0	0.928986112799032
2300	0.07150291385670537	0.0	0.9284970861432946
2305	0.07199923385548934	0.0	0.9280007661445107
2310	0.07250106261926648	0.0	0.9274989373807335
2315	0.07300835085461371	0.0	0.9269916491453862
2320	0.0735214981879269	0.0	0.9264785018120731
2325	0.07404046194917577	0.0	0.9259595380508242
2330	0.07456554326526267	0.0	0.9254344567347373
2335	0.07509702673292601	0.0	0.9249029732670739
2340	0.07563490152067562	0.0	0.9243650984793244
2345	0.07617956694142704	0.0	0.923820433058573
2350	0.07673102019833902	0.0	0.923268979801661
2355	0.07728956172895478	0.0	0.9227104382710453
2360	0.07785551927324819	0.0	0.9221444807267518
2365	0.07842887973189767	0.0	0.9215711202681023
2370	0.0790099799654149	0.0	0.9209900200345851
2375	0.07959913840166123	0.0	0.9204008615983388
2380	0.08019637849293589	0.0	0.9198036215070641
2385	0.0808164085937026	0.0	0.9191835914062974
2390	0.08150362234316687	0.0	0.9184963776568331
2395	0.08220148330792426	0.0	0.9177985166920757
2400	0.08291000823653052	0.0	0.9170899917634695
2405	0.08362951669816955	0.0	0.9163704833018305
2410	0.08436024966828101	0.0	0.915639750331719
2415	0.08510242494653558	0.0	0.9148975750534645
2420	0.08585640048827152	0.0	0.9141435995117285
2425	0.0866221821158397	0.0	0.9133778178841603
2430	0.08740013529625915	0.0	0.9125998647037409
2435	0.08819049144552694	0.0	0.9118095085544731
2440	0.08899351463474965	0.0	0.9110064853652503
2445	0.08980944330612814	0.0	0.9101905566938718
2450	0.09063854955544207	0.0	0.909361450444558
2455	0.09148107898596916	0.0	0.9085189210140309
2460	0.0923373118680261	0.0	0.9076626881319739
2465	0.0932075010906748	0.0	0.9067924989093252
2470	0.094092046682862	0.0	0.905907953317138
2475	0.09499098625194066	0.0	0.9050090137480593
2480	0.09590472805844479	0.0	0.9040952719415553
2485	0.09680523481065144	0.0	0.9031947651893486
2490	0.09772305190468748	0.0	0.9022769480953126
2495	0.09865853655085896	0.0	0.901341463449141
2500	0.09961197371301175	0.0	0.9003880262869882
2550	0.11427452530442767	0.0	0.8857254746955723
2600	0.1277823503698211	0.0	0.8722176496301789
2650	0.14451689827232503	0.0	0.8554831017276749
2700	0.1636484795345934	0.0	0.8363515204654066
2750	0.18487097326324958	0.0	0.8151290267367504
2800	0.20835579925298073	0.0	0.7916442007470192
2850	0.23350699991609536	0.0	0.7664930000839046
2900	0.2602285374386649	0.0	0.7397714625613351
2950	0.2886431382219622	0.0	0.7113568617780378
3000	0.31763679504630127	0.0	0.6823632049536987
3050	0.34822778080524935	0.0	0.6517722191947506
3100	0.38023593911796133	0.0	0.6197640608820387
3150	0.4129153347578806	0.0	0.5870846652421193
3200	0.4469287154407467	0.0	0.5530712845592534
3250	0.48186492747042936	0.0	0.5181350725295706
3300	0.5176510657774727	0.0	0.48234893422252734
3350	0.5530889777377348	0.0	0.4469110222622652
3400	0.5872784075551136	0.0	0.4127215924448864
3450	0.6198914718397966	0.0	0.38010852816020335
3500	0.6521866265841033	0.0	0.3478133734158967
3550	0.6818369961339223	0.0	0.31816300386607765
3600	0.7086747331650477	0.0	0.2913252668349523
3650	0.73270920210086	0.0	0.26729079789914
3700	0.753650243447219	0.0	0.24634975655278102
3750	0.7720552262788805	0.0	0.22794477372111954
3800	0.7882762128041125	0.0	0.21172378719588747
3850	0.8026269235714025	0.0	0.19737307642859747
3900	0.8151359840773211	0.0	0.18486401592267887
3950	0.8260513503505169	0.0	0.1739486496494831
4000	0.8358214284225678	0.0	0.1641785715774322
4050	0.8446165223375219	0.0	0.15538347766247806
4100	0.8525698491831609	0.0	0.14743015081683908
4150	0.859477050614108	0.0	0.14052294938589205
4200	0.8652080112021636	0.0	0.13479198879783638
4250	0.8704915990410917	0.0	0.12950840095890825
4300	0.875378987304142	0.0	0.12462101269585801
4350	0.8799117893623414	0.0	0.12008821063765862
4400	0.8841284372445561	0.0	0.11587156275544386
4450	0.8880608285689904	0.0	0.11193917143100962
4500	0.8917371878942926	0.0	0.10826281210570743
4550	0.8951817623515831	0.0	0.10481823764841691
4600	0.8984158486687888	0.0	0.10158415133121124
4650	0.9014582813774664	0.0	0.09854171862253358
4700	0.904325680729131	0.0	0.095674319270869
4750	0.9070321649059094	0.0	0.09296783509409057
4800	0.9095916686009107	0.0	0.09040833139908933
4850	0.9120158120597355	0.0	0.08798418794026452
4900	0.9143149588380055	0.0	0.08568504116199449
4950	0.9164981617352195	0.0	0.08350183826478053
5000	0.9184397889764646	0.0	0.08156021102353539
5050	0.9202631373578181	0.0	0.07973686264218194
5100	0.9220048052512568	0.0	0.07799519474874317
5150	0.9236703257326213	0.0	0.07632967426737869
5200	0.9252638692734867	0.0	0.0747361307265133
5250	0.9267912745706564	0.0	0.07320872542934365
5300	0.9282552576692028	0.0	0.0717447423307972
5350	0.9296606311210848	0.0	0.07033936887891523
5400	0.9310110143758302	0.0	0.06898898562416977
5450	0.932308795493826	0.0	0.06769120450617405
5500	0.933557601403591	0.0	0.06644239859640899
5550	0.9347602835238122	0.0	0.06523971647618776
5600	0.9359192971788065	0.0	0.06408070282119349
5650	0.9370367982915138	0.0	0.06296320170848624
5700	0.9381150605138169	0.0	0.06188493948618312
5750	0.9391563800149172	0.0	0.06084361998508281
5800	0.9401621919942946	0.0	0.05983780800570537
5850	0.9411348524538173	0.0	0.05886514754618266
5900	0.9420755632084301	0.0	0.05792443679156989
5950	0.9429865155476105	0.0	0.05701348445238952
6000	0.9438686237971152	0.0	0.056131376202884775
6050	0.9447231538037346	0.0	0.05527684619626538
6100	0.9455518013448209	0.0	0.054448198655179136
6150	0.9463554502172525	0.0	0.053644549782747464
6200	0.9471341645138184	0.0	0.05286583548618162
6250	0.9478188562660966	0.0	0.05218114373390337
6300	0.9484849303977408	0.0	0.051515069602259156
6350	0.9491331884612793	0.0	0.050866811538720746
6400	0.9497645733405384	0.0	0.05023542665946157
6450	0.9503797134034624	0.0	0.04962028659653761
6500	0.9509792105746906	0.0	0.04902078942530941
6550	0.9515636392113407	0.0	0.048436360788659316
6600	0.952133812172647	0.0	0.04786618782735297
6650	0.9526899323537079	0.0	0.04731006764629209
6700	0.9532329094442413	0.0	0.04676709055575867
6750	0.9537630843060307	0.0	0.04623691569396926
6800	0.9542809316428398	0.0	0.04571906835716022
6850	0.9547867561495298	0.0	0.04521324385047021
6900	0.9552662540421586	0.0	0.04473374595784141
6950	0.9556879557014979	0.0	0.04431204429850211
7000	0.9561008911187066	0.0	0.04389910888129345
7050	0.9565057520145726	0.0	0.04349424798542745
7100	0.9569023487724604	0.0	0.04309765122753961
7150	0.9572908864353579	0.0	0.04270911356464213
7200	0.9576715673193789	0.0	0.04232843268062114
7250	0.9580442771975761	0.0	0.04195572280242388
7300	0.9584090215145414	0.0	0.04159097848545856
7350	0.9587657225013053	0.0	0.04123427749869468
7400	0.9591135059707855	0.0	0.040886494029214515
7450	0.9594518494485929	0.0	0.04054815055140715
7500	0.9597795843902526	0.0	0.04022041560974743
7550	0.9600947270973407	0.0	0.03990527290265933
7600	0.9603946267227514	0.0	0.03960537327724856
7650	0.9606742229046209	0.0	0.0393257770953791
7700	0.9609278988421959	0.0	0.03907210115780413
7750	0.9611467665779918	0.0	0.03885323342200819
7800	0.9613020438370015	0.0	0.03869795616299854
7850	0.9614013308752355	0.0	0.038598669124764506
7900	0.9614366026707967	0.0	0.03856339732920333
7950	0.96140985611533	0.0	0.03859014388466997
8000	0.961337195730116	0.0	0.038662804269884
8050	0.9612420190111717	0.0	0.03875798098882832
8100	0.9611399454015459	0.0	0.0388600545984541
8150	0.9610286453629867	0.0	0.03897135463701329
8200	0.9608938813925942	0.0	0.03910611860740576
8250	0.9607336656281349	0.0	0.03926633437186511
8300	0.960582275570785	0.0	0.039417724429214984
8350	0.960491579614486	0.0	0.039508420385514054
8400	0.9604840433554227	0.0	0.0395159566445773
8450	0.9605382785239382	0.0	0.03946172147606175
8500	0.9606176574127692	0.0	0.039382342587230834
8550	0.9607323734763907	0.0	0.03926762652360927
8600	0.9609313759775238	0.0	0.03906862402247624
8650	0.9612015405293927	0.0	0.03879845947060734
8700	0.9614589415366128	0.0	0.03854105846338718
8750	0.9616629796662627	0.0	0.038337020333737315
8800	0.9617902952563104	0.0	0.038209704743689565
8850	0.961764974393966	0.0	0.03823502560603398
8900	0.9614524944815136	0.0	0.0385475055184864
8950	0.9606430538702081	0.0	0.0393569461297919
9000	0.9591590279678296	0.0	0.04084097203217041
9050	0.956834961303554	0.0	0.043165038696445945
9100	0.9538117480434889	0.0	0.046188251956511106
9150	0.9504284746022917	0.0	0.04957152539770826
9200	0.9468433058349319	0.0	0.053156694165068075
9250	0.9429141776308081	0.0	0.05708582236919191
9300	0.9388220134931505	0.0	0.06117798650684947
9350	0.9352355247293612	0.0	0.06476447527063878
9400	0.9323752364483208	0.0	0.06762476355167923
9450	0.9303967930058268	0.0	0.06960320699417322
9500	0.9295625188206027	0.0	0.0704374811793973
9550	0.9296516224948178	0.0	0.07034837750518219
9600	0.9308483204309516	0.0	0.06915167956904844
9650	0.9332159341865292	0.0	0.06678406581347085
9700	0.9362431109858862	0.0	0.0637568890141138
9750	0.9395387992833951	0.0	0.06046120071660488
9800	0.943136022204705	0.0	0.05686397779529495
9850	0.9469475697723333	0.0	0.0530524302276667
9900	0.9505966116889223	0.0	0.04940338831107771
9950	0.95383428374568	0.0	0.04616571625431998
10000	0.9566277308483734	0.0	0.04337226915162662
10050	0.9590216367704604	0.0	0.04097836322953963
10100	0.9611102884230021	0.0	0.03888971157699794
10150	0.9629000725030474	0.0	0.03709992749695257
10200	0.964389198692738	0.0	0.03561080130726202
10250	0.9655817329767937	0.0	0.03441826702320627
10300	0.9665206169974329	0.0	0.03347938300256714
10350	0.967253504385991	0.0	0.032746495614009
10400	0.9678179929277766	0.0	0.032182007072223406
10450	0.9682705597220166	0.0	0.03172944027798341
10500	0.9686393909158425	0.0	0.0313606090841575
10550	0.9689444702168615	0.0	0.031055529783138525
10600	0.9692006018507602	0.0	0.03079939814923982
10650	0.9694217442694484	0.0	0.030578255730551618
10700	0.9696154670797437	0.0	0.030384532920256335
10750	0.9697871560977903	0.0	0.030212843902209685
10800	0.9699407699385006	0.0	0.030059230061499354
10850	0.9700791837144755	0.0	0.029920816285524454
10900	0.9702045551150104	0.0	0.02979544488498964
10950	0.9703183381748859	0.0	0.029681661825114114
11000	0.9704218186433887	0.0	0.029578181356611277
11050	0.9705158033770931	0.0	0.02948419662290691
11100	0.9706012162176729	0.0	0.029398783782327076
11150	0.9706788372710952	0.0	0.029321162728904837
11200	0.9707495926358203	0.0	0.02925040736417972
11250	0.9708144512311735	0.0	0.029185548768826508
11300	0.970874351594076	0.0	0.02912564840592402
11350	0.970930353602485	0.0	0.02906964639751497
11400	0.9709833225517805	0.0	0.029016677448219452
11450	0.971034016372656	0.0	0.02896598362734404
11500	0.971082857995269	0.0	0.028917142004730945
11550	0.9711300822393797	0.0	0.02886991776062031
11600	0.9711756569969431	0.0	0.028824343003056918
11650	0.9712195427621573	0.0	0.028780457237842727
11700	0.9712617531612933	0.0	0.028738246838706738
11750	0.9713023910646934	0.0	0.028697608935306596
11800	0.9713419609332181	0.0	0.028658039066781882
11850	0.9713811136677308	0.0	0.028618886332269167
11900	0.9714209060136558	0.0	0.028579093986344173
11950	0.9714628956253049	0.0	0.028537104374695144
12000	0.9715079815184577	0.0	0.02849201848154226
12050	0.9715568777300674	0.0	0.02844312226993262
12100	0.9716098022005542	0.0	0.02839019779944585
12150	0.9716666152889332	0.0	0.028333384711066834
12200	0.9717269579234378	0.0	0.028273042076562227
12250	0.9717904559674967	0.0	0.02820954403250331
12300	0.97185658572068	0.0	0.02814341427931999
12350	0.9719248917369032	0.0	0.028075108263096782
12400	0.9719957911803028	0.0	0.02800420881969723
12450	0.9720521065522182	0.0	0.027947893447781813
12500	0.9721124476950207	0.0	0.0278875523049793
12550	0.9721792162681344	0.0	0.027820783731865584
12600	0.9722505161355108	0.0	0.027749483864489166
12650	0.9723255851337531	0.0	0.027674414866246888
12700	0.972403661010132	0.0	0.02759633898986802
12750	0.972484195631627	0.0	0.027515804368372976
12800	0.9725667138093856	0.0	0.02743328619061436
12850	0.9726505634959484	0.0	0.02734943650405164
12900	0.9727357552672794	0.0	0.0272642447327206
12950	0.97282255461834	0.0	0.027177445381660004
13000	0.972912022535802	0.0	0.027087977464198
13050	0.9730032363992438	0.0	0.026996763600756202
13100	0.9730960163685335	0.0	0.02690398363146651
13150	0.9731906461606891	0.0	0.026809353839310934
13200	0.9732867460206711	0.0	0.026713253979328888
13250	0.9733831544947787	0.0	0.026616845505221254
13300	0.9734796088213683	0.0	0.026520391178631697
13350	0.9735758245814847	0.0	0.026424175418515272
13400	0.9736710696071412	0.0	0.026328930392858774
13450	0.9737652426960711	0.0	0.02623475730392888
13500	0.973858013948996	0.0	0.02614198605100404
13550	0.973949378800349	0.0	0.02605062119965096
13600	0.9740394796227141	0.0	0.02596052037728591
13650	0.974128211060719	0.0	0.025871788939280993
13700	0.9742156708085186	0.0	0.025784329191481437
13750	0.9743020406728591	0.0	0.025697959327140918
13800	0.9743813685357485	0.0	0.025618631464251473
13850	0.9744508869151315	0.0	0.025549113084868513
13900	0.9745196090695581	0.0	0.025480390930441854
13950	0.9745874146865013	0.0	0.02541258531349866
14000	0.9746542418696685	0.0	0.025345758130331464
14050	0.9747202152036638	0.0	0.02527978479633619
14100	0.9747849104584713	0.0	0.025215089541528735
14150	0.974848517520026	0.0	0.025151482479974008
14200	0.974911091594106	0.0	0.02508890840589395
14250	0.9749720449080578	0.0	0.025027955091942222
14300	0.9750273799644573	0.0	0.02497262003554268
14350	0.9750699681285234	0.0	0.024930031871476577
14400	0.9751125258139403	0.0	0.024887474186059744
14450	0.975155051104425	0.0	0.02484494889557498
14500	0.9751975421320292	0.0	0.02480245786797075
14550	0.975239997076065	0.0	0.024760002923934987
14600	0.975282414162052	0.0	0.02471758583794803
14650	0.9753247916606926	0.0	0.024675208339307364
14700	0.9753671278868683	0.0	0.0246328721131317
14750	0.9754094211986575	0.0	0.024590578801342522
14800	0.975451669996377	0.0	0.024548330003622998
14850	0.9754938727216494	0.0	0.024506127278350553
14900	0.9755360278564845	0.0	0.024463972143515478
14950	0.975578133922387	0.0	0.024421866077612986
15000	0.9756201894794815	0.0	0.02437981052051852
15050	0.97566219312566	0.0	0.02433780687433995
15100	0.9757041434957459	0.0	0.024295856504254143
15150	0.975746039260679	0.0	0.024253960739320957
15200	0.975787879126718	0.0	0.02421212087328195
15250	0.9758296618346611	0.0	0.024170338165338867
15300	0.9758713861590838	0.0	0.024128613840916247
15350	0.9759130509075964	0.0	0.02408694909240361
15400	0.9759546549200115	0.0	0.024045345079988456
15450	0.975996197067721	0.0	0.024003802932278995
15500	0.9760376762533407	0.0	0.023962323746659298
15550	0.9760604980953297	0.0	0.023939501904670313
15600	0.9760834701447697	0.0	0.023916529855230295
15650	0.9761065887296309	0.0	0.023893411270369147
15700	0.976129850242949	0.0	0.02387014975705104
15750	0.9761532511416549	0.0	0.023846748858345146
15800	0.9761767879454306	0.0	0.023823212054569387
15850	0.9762004572355821	0.0	0.02379954276441787
15900	0.9762242556539362	0.0	0.023775744346063776
15950	0.9762481799017574	0.0	0.023751820098242615
16000	0.9762722267386851	0.0	0.02372777326131492
16050	0.9762963929816939	0.0	0.023703607018306094
16100	0.9763206755040693	0.0	0.023679324495930687
16150	0.9763450712344044	0.0	0.023654928765595606
16200	0.9763695771556192	0.0	0.023630422844380772
16250	0.9763941903039935	0.0	0.023605809696006452
16300	0.9764189077682187	0.0	0.023581092231781287
16350	0.9764437266884713	0.0	0.023556273311528653
16400	0.9764686442554994	0.0	0.023531355744500604
16450	0.9764936577097305	0.0	0.02350634229026949
16500	0.9765187643403912	0.0	0.0234812356596088
16550	0.9765439614846495	0.0	0.023456038515350497
16600	0.9765692465267667	0.0	0.023430753473233312
16650	0.9765946168972712	0.0	0.023405383102728772
16700	0.9766200700723023	0.0	0.023379929927697662
16750	0.9766456035724104	0.0	0.02335439642758963
16800	0.9766712149620267	0.0	0.02332878503797331
16850	0.9766969018487603	0.0	0.023303098151239654
16900	0.976722661882571	0.0	0.023277338117429047
16950	0.9767484927550253	0.0	0.023251507244974712
17000	0.976774392198573	0.0	0.023225607801427017
17050	0.9768003579858326	0.0	0.023199642014167354
17100	0.976826387928895	0.0	0.02317361207110502
17150	0.9768524798786326	0.0	0.02314752012136745
17200	0.9768786317240277	0.0	0.02312136827597233
17250	0.9769048413915123	0.0	0.023095158608487654
17300	0.9769311068443168	0.0	0.023068893155683168
17350	0.9769574260818362	0.0	0.023042573918163778
17400	0.9769837971390003	0.0	0.0230162028609997
17450	0.9770102180856641	0.0	0.02298978191433587
17500	0.9770366870260037	0.0	0.02296331297399634
17550	0.9770632020979244	0.0	0.02293679790207559
17600	0.9770897614724832	0.0	0.022910238527516835
17650	0.9771163633533155	0.0	0.02288363664668447
17700	0.9771430059760772	0.0	0.022856994023922828
17750	0.9771592573043985	0.0	0.022840742695601546
17800	0.9771730452417631	0.0	0.022826954758236928
17850	0.977186986568778	0.0	0.022813013431221996
17900	0.9772010785823515	0.0	0.0227989214176485
17950	0.9772153186181483	0.0	0.022784681381851746
18000	0.9772297040500387	0.0	0.022770295949961272
18050	0.9772442322895468	0.0	0.02275576771045318
18100	0.9772589007853146	0.0	0.022741099214685367
18150	0.9772737070225728	0.0	0.02272629297742723
18200	0.9772886485226254	0.0	0.022711351477374575
18250	0.9773037228423297	0.0	0.022696277157670308
18300	0.9773189275735519	0.0	0.022681072426448123
18350	0.9773342603427202	0.0	0.022665739657279804
18400	0.9773497188103096	0.0	0.02265028118969037
18450	0.9773653006703611	0.0	0.022634699329638908
18500	0.9773810036500019	0.0	0.02261899634999809
18550	0.9773968255089721	0.0	0.02260317449102789
18600	0.9774127640391652	0.0	0.022587235960834784
18650	0.9774288170641666	0.0	0.022571182935833378
18700	0.9774449824388052	0.0	0.022555017561194823
18750	0.9774612580487095	0.0	0.022538741951290464
18800	0.9774776418098696	0.0	0.022522358190130376
18850	0.977494131668207	0.0	0.022505868331793022
18900	0.9775107255991486	0.0	0.022489274400851356
18950	0.9775274216072113	0.0	0.02247257839278871
19000	0.977544217725587	0.0	0.022455782274413028
19050	0.9775611120157368	0.0	0.02243888798426319
19100	0.9775781025669937	0.0	0.022421897433006266
19150	0.977595187496164	0.0	0.02240481250383597
19200	0.9776123649471431	0.0	0.022387635052856902
19250	0.9776296330905296	0.0	0.022370366909470363
19300	0.9776469901232502	0.0	0.02235300987674982
19350	0.9776644342681851	0.0	0.022335565731814944
19400	0.9776819637738067	0.0	0.022318036226193327
19450	0.9776995769138146	0.0	0.022300423086185406
19500	0.9777172719867813	0.0	0.022282728013218733
19550	0.9777350473158011	0.0	0.022264952684198924
19600	0.9777529012481474	0.0	0.0222470987518526
19650	0.97777083215493	0.0	0.022229167845070008
19700	0.9777888384307585	0.0	0.022211161569241522
19750	0.9778069184934167	0.0	0.02219308150658328
19800	0.9778250707835326	0.0	0.022174929216467354
19850	0.9778432937642595	0.0	0.02215670623574051
19900	0.9778615859209577	0.0	0.022138414079042268
19950	0.9778799457608882	0.0	0.022120054239111786
20000	0.9778983718128967	0.0	0.02210162818710326
20050	0.9779168626345098	0.0	0.02208313736549017
20100	0.9779354168016402	0.0	0.0220645831983598
20150	0.977954032905808	0.0	0.022045967094192043
20200	0.9779727095589441	0.0	0.02202729044105589
20250	0.9779914453931029	0.0	0.0220085546068971
20300	0.9780102390601835	0.0	0.021989760939816527
20350	0.9780290892316494	0.0	0.02197091076835056
20400	0.9780479945982576	0.0	0.021952005401742358
20450	0.9780669538697869	0.0	0.021933046130213074
20500	0.9780859657747734	0.0	0.021914034225226642
20550	0.9781050290602477	0.0	0.021894970939752345
20600	0.9781241424914757	0.0	0.021875857508524277
20650	0.9781433048517093	0.0	0.021856695148290695
20700	0.9781514273297525	0.0	0.021848572670247535
20750	0.9781569135341157	0.0	0.021843086465884287
20800	0.9781625435208896	0.0	0.021837456479110395
20850	0.9781683155232153	0.0	0.02183168447678474
20900	0.9781742277934372	0.0	0.021825772206562788
20950	0.9781802786023865	0.0	0.021819721397613456
21000	0.9781864662400123	0.0	0.021813533759987735
21050	0.9781927890148552	0.0	0.02180721098514482
21100	0.9781992452538476	0.0	0.021800754746152395
21150	0.9782058333021205	0.0	0.02179416669787948
21200	0.9782125515228093	0.0	0.02178744847719072
21250	0.9782193982968627	0.0	0.021780601703137337
21300	0.9782263720228542	0.0	0.02177362797714577
21350	0.9782334711167933	0.0	0.021766528883206737
21400	0.9782406940119367	0.0	0.021759305988063304
21450	0.9782480391586111	0.0	0.021751960841388862
21500	0.9782555050240235	0.0	0.021744494975976525
21550	0.9782630900920856	0.0	0.021736909907914437
21600	0.9782707928632318	0.0	0.02172920713676818
21650	0.9782786118542448	0.0	0.021721388145755194
21700	0.9782865455980778	0.0	0.021713454401922183
21750	0.9782945926437884	0.0	0.021705407356211626
21800	0.978302751556464	0.0	0.021697248443536044
21850	0.9783110209161519	0.0	0.021688979083848148
21900	0.9783193993187723	0.0	0.02168060068122768
21950	0.9783278853755676	0.0	0.021672114624432415
22000	0.9783364777129316	0.0	0.02166352228706836
22050	0.9783451749722517	0.0	0.021654825027748292
22100	0.978353975809746	0.0	0.021646024190253965
22150	0.9783628788962999	0.0	0.021637121103700085
22200	0.9783718829173105	0.0	0.021628117082689524
22250	0.9783809865725291	0.0	0.021619013427470857
22300	0.9783901885759039	0.0	0.021609811424096126
22350	0.9783994876554277	0.0	0.021600512344572276
22400	0.9784088825529861	0.0	0.02159111744701392
22450	0.9784183720242059	0.0	0.021581627975794104
22500	0.9784279548383044	0.0	0.02157204516169564
22550	0.9784376297779455	0.0	0.02156237022205454
22600	0.9784473956390889	0.0	0.02155260436091111
22650	0.9784572512308506	0.0	0.02154274876914941
22700	0.9784671953753544	0.0	0.021532804624645574
22750	0.9784772269071021	0.0	0.02152277309289785
22800	0.9784873446736839	0.0	0.021512655326316077
22850	0.9784975475360241	0.0	0.021502452463975863
22900	0.9785078343668864	0.0	0.021492165633113625
22950	0.9785182040513535	0.0	0.02148179594864652
23000	0.9785286554866868	0.0	0.02147134451331323
23050	0.9785391875821998	0.0	0.02146081241780018
23100	0.9785497992591223	0.0	0.021450200740877667
23150	0.9785604894504701	0.0	0.02143951054952986
23200	0.9785712571009196	0.0	0.021428742899080366
23250	0.9785821011666768	0.0	0.021417898833323235
23300	0.9785930206153513	0.0	0.02140697938464875
23350	0.9786040144258348	0.0	0.02139598557416522
23400	0.9786150815881732	0.0	0.02138491841182677
23450	0.9786262211034482	0.0	0.021373778896551787
23500	0.9786374319836527	0.0	0.021362568016347283
23550	0.978648713251576	0.0	0.021351286748424014
23600	0.9786600639406802	0.0	0.02133993605931983
23650	0.9786714830949875	0.0	0.021328516905012473
23700	0.9786829697689614	0.0	0.021317030231038592
23750	0.9786945230273937	0.0	0.02130547697260632
23800	0.9787061419452925	0.0	0.021293858054707515
23850	0.9787178256087178	0.0	0.021282174391282216
23900	0.9787295731120987	0.0	0.02127042688790126
23950	0.9787413835601755	0.0	0.021258616439824518
24000	0.9787532560677036	0.0	0.02124674393229642
24050	0.9787651897591069	0.0	0.02123481024089313
24100	0.9787771837683672	0.0	0.0212228162316328
24150	0.9787892372389231	0.0	0.021210762761076918
24200	0.9788013493235641	0.0	0.021198650676435893
24250	0.9788135191843289	0.0	0.021186480815671094
24300	0.9788257459924016	0.0	0.021174254007598425
24350	0.9788380289280149	0.0	0.02116197107198514
24400	0.9788503671803459	0.0	0.021149632819654096
24450	0.9788627599474247	0.0	0.021137240052575335
24500	0.9788752064360301	0.0	0.0211247935639699
24550	0.9788877058615965	0.0	0.021112294138403542
24600	0.9789002574481197	0.0	0.021099742551880296
24650	0.9789128604280632	0.0	0.021087139571936753
24700	0.9789255140422615	0.0	0.02107448595773853
24750	0.978938217539833	0.0	0.02106178246016699
24800	0.9789509701780841	0.0	0.02104902982191592
24850	0.9789637712224253	0.0	0.021036228777574717
24900	0.9789766199462765	0.0	0.021023380053723506
24950	0.9789895156309819	0.0	0.02101048436901809
25000	0.9790024575657229	0.0	0.020997542434277094
25050	0.9790154450471253	0.0	0.020984554952874657
25100	0.9790284773800974	0.0	0.02097152261990265
25150	0.979041553876825	0.0	0.02095844612317499
25200	0.9790546738569876	0.0	0.020945326143012366
25250	0.9790678366476785	0.0	0.02093216335232151
25300	0.9790810415833286	0.0	0.02091895841667135
25350	0.9790942880056226	0.0	0.020905711994377407
25400	0.97910757526342	0.0	0.02089242473658004
25450	0.9791209027126757	0.0	0.02087909728732429
25500	0.9791342697163671	0.0	0.02086573028363292
25550	0.9791476756444091	0.0	0.020852324355590923
25600	0.9791611198735852	0.0	0.02083888012641477
25650	0.9791746017874688	0.0	0.020825398212531154
25700	0.9791881207763502	0.0	0.0208118792236498
25750	0.9792016762371618	0.0	0.02079832376283819
25800	0.9792152675734078	0.0	0.02078473242659218
25850	0.9792288941950902	0.0	0.020771105804909817
25900	0.9792425555186377	0.0	0.020757444481362297
25950	0.9792562509668374	0.0	0.020743749033162562
26000	0.9792699799687647	0.0	0.020730020031235252
26050	0.9792837419597129	0.0	0.020716258040287094
26100	0.9792975363811266	0.0	0.0207024636188734
26150	0.9793113626805364	0.0	0.020688637319463576
26200	0.9793252203114899	0.0	0.02067477968851006
26250	0.9793391087334868	0.0	0.02066089126651316
26300	0.9793530274119135	0.0	0.020646972588086454
26350	0.9793669758188428	0.0	0.0206330241811572
26400	0.9793809534308455	0.0	0.020619046569154476
26450	0.9793949597301446	0.0	0.020605040269855435
26500	0.9794089942050447	0.0	0.02059100579495532
26550	0.979423056349421	0.0	0.02057694365057905
26600	0.9794371456626663	0.0	0.020562854337333736
26650	0.9794512616496241	0.0	0.02054873835037585
26700	0.979465403820533	0.0	0.020534596179466957
26750	0.9794795716909678	0.0	0.020520428309032224
26800	0.9794937647817809	0.0	0.02050623521821915
26850	0.9795079826190457	0.0	0.020492017380954297
26900	0.9795222247339993	0.0	0.020477775266000697
26950	0.9795364906629881	0.0	0.02046350933701191
27000	0.9795507799474106	0.0	0.020449220052589423
27050	0.9795650921336646	0.0	0.020434907866335394
27100	0.9795794267730891	0.0	0.020420573226910932
27150	0.9795937834219183	0.0	0.020406216578081726
27200	0.9796081616412219	0.0	0.020391838358778114
27250	0.9796225609968545	0.0	0.02037743900314548
27300	0.9796369810594074	0.0	0.02036301894059256
27350	0.9796514214041515	0.0	0.020348578595848488
27400	0.9796658816109939	0.0	0.020334118389006117
27450	0.9796803612644223	0.0	0.02031963873557774
27500	0.9796948599534565	0.0	0.02030514004654349
27550	0.9797093772716037	0.0	0.020290622728396324
27600	0.9797239128168058	0.0	0.02027608718319418
27650	0.9797384661913927	0.0	0.02026153380860729
27700	0.9797530370020372	0.0	0.020246962997962803
27750	0.9797676248597054	0.0	0.020232375140294634
27800	0.9797822293794949	0.0	0.020217770620505116
27850	0.9797968501808063	0.0	0.02020314981919369
27900	0.9798114868874015	0.0	0.020188513112598505
27950	0.9798261391269714	0.0	0.020173860873028637
28000	0.9798408065312754	0.0	0.020159193468724634
28050	0.9798554887361011	0.0	0.020144511263898934
28100	0.9798701853812172	0.0	0.020129814618782826
28150	0.9798848961103325	0.0	0.02011510388966753
28200	0.9798996205710544	0.0	0.020100379428945603
28250	0.9799143584148493	0.0	0.020085641585150693
28300	0.9799291092969951	0.0	0.02007089070300494
28350	0.9799438728765474	0.0	0.020056127123452616
28400	0.9799586488162959	0.0	0.020041351183704093
28450	0.979973436782724	0.0	0.020026563217276028
28500	0.9799882364459724	0.0	0.020011763554027562
28550	0.9800030474797975	0.0	0.019996952520202504
28600	0.9800178695615326	0.0	0.019982130438467416
28650	0.9800327023720536	0.0	0.019967297627946357
28700	0.9800475455957381	0.0	0.019952454404261855
28750	0.9800623989204279	0.0	0.019937601079572098
28800	0.9800772620373966	0.0	0.019922737962603354
28850	0.980092134641306	0.0	0.019907865358694044
28900	0.9801070164301786	0.0	0.019892983569821387
28950	0.9801219071053546	0.0	0.01987809289464537
29000	0.9801368063714619	0.0	0.019863193628538056
29050	0.9801517139363779	0.0	0.0198482860636221
29100	0.9801666295111986	0.0	0.019833370488801405
29150	0.9801815528102016	0.0	0.019818447189798416
29200	0.9801964835508136	0.0	0.01980351644918643
29250	0.9802114214535786	0.0	0.019788578546421354
29300	0.9802263662421219	0.0	0.019773633757878106
29350	0.9802413176431207	0.0	0.019758682356879276
29400	0.9802562753862708	0.0	0.019743724613729197
29450	0.9802712392027135	0.0	0.01972876079728647
29500	0.9802862088290558	0.0	0.019713791170944184
29550	0.9803011840044664	0.0	0.01969881599553358
29600	0.9803161644704018	0.0	0.01968383552959818
29650	0.9803311499711815	0.0	0.019668850028818463
29700	0.9803461402539582	0.0	0.019653859746041835
29750	0.9803611350686879	0.0	0.01963886493131206
29800	0.9803761341681038	0.0	0.019623865831896237
29850	0.9803911373076795	0.0	0.01960886269232054
29900	0.9804061442456095	0.0	0.019593855754390543
29950	0.9804211547427734	0.0	0.01957884525722664
30000	0.9804361685627114	0.0	0.01956383143728857
