1.000000000000000000e+06 1.664382251452655339e+02 1.918447298273103740e+02 4.891050467723378858e+01 1.759492948632902198e+02 6.305416297790991109e+01 9.906559346489301277e+01 0.000000000000000000e+00 0.000000000000000000e+00 1.581129486644975435e-01 1.981379126408255864e-01 2.030581456329009216e-01 0.000000000000000000e+00 0.000000000000000000e+00
1.000000000000000000e+06 8.964427502170906337e+01 8.592358481097622303e+01 6.674193412445659135e+01 8.806798052573054747e+01 8.251833036677392386e+01 1.348613154774646148e+02 0.000000000000000000e+00 0.000000000000000000e+00 5.195948241451491256e-01 5.852018387905039143e-01 3.484182694074773323e-01 0.000000000000000000e+00 0.000000000000000000e+00
1.000000000000000000e+06 1.633169037851351675e+02 1.435003379960180325e+02 5.248858439175909751e+01 1.457757584114541771e+02 5.874997752074408908e+01 1.741251755946047979e+02 0.000000000000000000e+00 0.000000000000000000e+00 3.277066725850382722e-01 5.363575414136879660e-01 2.234168765977555537e-01 0.000000000000000000e+00 0.000000000000000000e+00
1.000000000000000000e+06 1.701166701204965932e+02 1.631817774295956269e+02 7.705274830900290794e+01 4.833509269310647483e+01 8.365577608492537820e+01 8.767469779273169195e+01 0.000000000000000000e+00 0.000000000000000000e+00 9.523016430557053047e-01 2.810364487052868787e-01 2.717496157469937446e-01 0.000000000000000000e+00 0.000000000000000000e+00
1.000000000000000000e+06 2.512553788812738986e+01 9.710053899362658569e+01 4.129111575990265237e+01 8.848280730871729816e+01 1.332377116165284292e+01 1.268451708588788733e+02 0.000000000000000000e+00 0.000000000000000000e+00 3.638222053450944626e-01 1.356008663949125337e-01 9.863558316529297265e-03 0.000000000000000000e+00 0.000000000000000000e+00
1.000000000000000000e+06 6.851482773051830577e+01 1.531701092777834106e+02 3.080575998854637731e+01 6.133955718855723660e+01 5.225138228344044222e+01 5.496830445836391732e+01 0.000000000000000000e+00 0.000000000000000000e+00 6.463024522864784238e-01 1.449490581081170903e-01 2.986489377923495780e-01 0.000000000000000000e+00 0.000000000000000000e+00
1.000000000000000000e+06 1.069629892668437492e+02 6.833605615803799083e+01 9.447814118853345633e+01 8.069926768904611691e-01 8.137148273789318864e+01 1.092065443768218529e+02 0.000000000000000000e+00 0.000000000000000000e+00 1.981672600750115087e-01 1.962485802254869682e-01 1.161391080309407409e-01 0.000000000000000000e+00 0.000000000000000000e+00
1.000000000000000000e+06 1.726723386812920467e+02 1.929650416062809768e+02 3.585274247231977540e+01 1.529540385899251476e+02 7.855715056578833355e+01 1.042940591207809291e+02 0.000000000000000000e+00 0.000000000000000000e+00 5.926417643939219104e-01 5.077067754126390886e-01 1.930887319699765570e-01 0.000000000000000000e+00 0.000000000000000000e+00
1.000000000000000000e+06 1.668359240022175527e+02 1.748244064259999107e+02 4.022277102547424477e+01 9.101205518777915415e+01 5.380219517382762717e+01 5.444112233290594816e+01 0.000000000000000000e+00 0.000000000000000000e+00 8.329969513133986814e-01 3.465314365404672525e-01 2.302953239161668053e-01 0.000000000000000000e+00 0.000000000000000000e+00
1.000000000000000000e+06 1.700039341051186454e+02 1.786941119585216953e-01 1.157047157549425265e+02 5.963038237662361496e+01 6.233988283459241586e+01 4.086763441446281320e+01 0.000000000000000000e+00 0.000000000000000000e+00 9.541960577150799816e-01 2.772847889103503549e-01 2.325116902976399613e-01 0.000000000000000000e+00 0.000000000000000000e+00
1.000000000000000000e+06 6.788185529885217306e+01 1.072544742702318956e+02 8.103702659934334918e+01 5.973285845644959835e+01 5.920918596450401594e+01 6.117464734148472161e+01 0.000000000000000000e+00 0.000000000000000000e+00 5.912181439518529036e-01 4.888926536534731193e-01 2.674699926632212454e-01 0.000000000000000000e+00 0.000000000000000000e+00
1.000000000000000000e+06 1.358209801921491078e+02 1.650387606005779446e+02 8.372740395679245751e+01 1.834839741358125025e+02 8.378813145182257927e+01 9.783903298955962669e+01 0.000000000000000000e+00 0.000000000000000000e+00 8.029504152736143263e-01 5.514359180969455876e-01 2.336069056923654186e-01 0.000000000000000000e+00 0.000000000000000000e+00
1.000000000000000000e+06 1.986931070616251418e+02 2.245535453627553935e+01 1.680953370272225129e+02 1.739175821939395519e+02 1.946883567494772080e+02 1.897555054574328608e+02 0.000000000000000000e+00 0.000000000000000000e+00 5.807650424176160620e-01 2.479475401290494041e-01 9.860120792908610987e-02 0.000000000000000000e+00 0.000000000000000000e+00
1.000000000000000000e+06 1.604404964083982748e+02 2.713141627988178328e+01 5.112870211451510016e+01 1.125331295357745489e+02 4.937721973466424430e+01 7.313638406850692775e+01 0.000000000000000000e+00 0.000000000000000000e+00 6.619322462621751724e-01 8.575824025962154318e-01 2.753678257338957325e-01 0.000000000000000000e+00 0.000000000000000000e+00
1.000000000000000000e+06 1.851262106032436066e+02 1.432285730091635685e+02 1.068826709599539626e+01 1.257459714826656665e+02 1.061266241099034318e+02 6.180357794674036143e+01 0.000000000000000000e+00 0.000000000000000000e+00 2.815287661095240423e-01 5.792305277628261306e-01 1.907136072674253668e-01 0.000000000000000000e+00 0.000000000000000000e+00
1.000000000000000000e+06 1.792510421278364561e+02 8.724766636499892059e+01 1.399195584916920438e+02 7.505322702848660299e+01 1.130610501087708570e+02 1.207760093859316868e+02 0.000000000000000000e+00 0.000000000000000000e+00 4.267519038016690525e-01 3.800911220104795651e-01 1.190296686272710458e-01 0.000000000000000000e+00 0.000000000000000000e+00
1.000000000000000000e+06 7.881193216938146406e+01 9.182164174663796530e+01 7.737244101588316880e+01 1.542263625613699389e+02 1.925249517137402222e+02 1.133293244731886915e+02 0.000000000000000000e+00 0.000000000000000000e+00 4.908092199578049097e-01 7.834319194297070243e-01 2.513039434094103131e-01 0.000000000000000000e+00 0.000000000000000000e+00
1.000000000000000000e+06 1.522219315979134535e+02 1.996207259326191377e+02 1.842175165190407995e+02 1.294911436508490965e+02 8.649946721967245367e+01 2.839732079758023886e+01 0.000000000000000000e+00 0.000000000000000000e+00 6.885191132016873494e-01 8.357549133279958964e-01 2.865384380966519151e-01 0.000000000000000000e+00 0.000000000000000000e+00
1.000000000000000000e+06 1.352079798317385553e+02 1.895194294507286088e+02 5.821675746745360414e+01 1.147982711795889657e+02 1.082667767813724851e+02 2.032565232608272154e+01 0.000000000000000000e+00 0.000000000000000000e+00 2.526251211953999265e-01 7.593315301630578773e-01 1.845624658144696673e-01 0.000000000000000000e+00 0.000000000000000000e+00
1.000000000000000000e+06 2.025836470646962084e+01 1.085106828461036770e+02 1.425711313008259253e+02 1.047653810782710480e+02 5.274728160626518303e+01 8.684464451891767567e+01 0.000000000000000000e+00 0.000000000000000000e+00 4.057818136130925124e-01 4.257280705508817986e-01 1.634239956188447973e-01 0.000000000000000000e+00 0.000000000000000000e+00
1.000000000000000000e+06 1.427906706051635943e+01 1.320685945915817285e+02 5.672667355082295160e+01 1.440405356905384053e+02 6.641823258793995421e+01 4.768736340960337827e+01 0.000000000000000000e+00 0.000000000000000000e+00 6.958509989578104404e-01 6.392246265037693220e-01 2.773372324594978178e-01 0.000000000000000000e+00 0.000000000000000000e+00
1.000000000000000000e+06 7.971549614804678185e+01 1.187938215197736440e+02 4.780336021723814355e+01 1.141231644963214364e+01 2.700378067711362107e+01 1.540628053671652253e+02 0.000000000000000000e+00 0.000000000000000000e+00 2.196893960601193907e-01 1.862010642570088859e-02 5.118051345407570452e-01 0.000000000000000000e+00 0.000000000000000000e+00
1.000000000000000000e+06 1.666068601165823395e+02 1.473675545118335037e+02 3.185462351641010770e+00 1.789820943921264984e+02 5.664517584855588694e+01 7.938974149526083579e+01 0.000000000000000000e+00 0.000000000000000000e+00 4.986537590038575551e-01 9.726431878669172804e-03 2.664349830333568869e-01 0.000000000000000000e+00 0.000000000000000000e+00
1.000000000000000000e+06 1.498993728931498026e+02 2.199449949795524617e+01 2.056960934646383521e+01 1.220587955746685651e+02 7.839537479946731935e+01 2.851902971140862775e+01 0.000000000000000000e+00 0.000000000000000000e+00 1.753943163314741760e-02 3.754049623030712990e-01 2.119202545360980849e-01 0.000000000000000000e+00 0.000000000000000000e+00
1.000000000000000000e+06 1.740049327051461603e+02 1.693310163902981458e+02 1.006965680874754270e+02 1.323124458584544527e+02 4.517013072424382614e+01 2.099997848573789128e+01 0.000000000000000000e+00 0.000000000000000000e+00 6.196534435028369092e-01 5.194778786726351738e-01 2.410208361936742039e-01 0.000000000000000000e+00 0.000000000000000000e+00
1.000000000000000000e+06 7.743080492128571279e+01 1.088900502736560867e+02 1.112685068059687126e+02 1.322673794165841343e+02 7.385053433804455381e+01 2.722914881189670666e+01 0.000000000000000000e+00 0.000000000000000000e+00 7.610458318878813300e-01 5.506691886265464575e-01 2.770449055466827071e-01 0.000000000000000000e+00 0.000000000000000000e+00
1.000000000000000000e+06 1.049024624495533260e+02 1.184329185788031822e+02 6.121103879759881750e+01 1.600498868351482429e+02 9.748100618774755333e+01 1.231534940728812586e+02 0.000000000000000000e+00 0.000000000000000000e+00 7.199956761312279463e-01 9.970536337939560623e-01 2.402361632990992479e-01 0.000000000000000000e+00 0.000000000000000000e+00
1.000000000000000000e+06 1.678692955664345163e+02 1.975453468702825788e+00 1.889696280781629767e+01 1.075907924940690918e+02 5.272916398991291942e+01 1.206914021927541540e+02 0.000000000000000000e+00 0.000000000000000000e+00 9.091827477348938258e-01 8.345834027430798496e-02 2.511512460700231486e-01 0.000000000000000000e+00 0.000000000000000000e+00
1.000000000000000000e+06 1.001484032888878062e+02 1.333443569328296974e+02 1.425076880683644447e+02 1.975685787332446921e+02 2.399329675230890047e+01 1.130820160575439957e+02 0.000000000000000000e+00 0.000000000000000000e+00 6.745073365929818987e-01 1.544817528153737962e-01 1.840678254254359825e-01 0.000000000000000000e+00 0.000000000000000000e+00
1.000000000000000000e+06 1.720668810009553340e+01 1.622190103010302096e+02 6.208823902415492313e+01 1.530108132585828571e+02 9.585847187430465510e+01 2.301764044678897747e+01 0.000000000000000000e+00 0.000000000000000000e+00 7.117658862617132209e-01 3.353853990143328412e-01 1.842117805547754950e-01 0.000000000000000000e+00 0.000000000000000000e+00
1.000000000000000000e+06 1.695804407772558875e+02 4.132102065888174991e+01 6.933573405733977779e+01 7.956815519221269994e+01 7.624936460052340692e+01 1.070120232436678549e+02 0.000000000000000000e+00 0.000000000000000000e+00 8.958603059282840286e-01 4.833396794100445204e-01 1.615442053123054000e-01 0.000000000000000000e+00 0.000000000000000000e+00
1.000000000000000000e+06 5.210654593132433376e+01 1.738470399561384454e+02 6.616463093902251558e+01 8.397815493235252404e+01 1.320191975446408037e+02 1.116898418929086887e+02 0.000000000000000000e+00 0.000000000000000000e+00 9.186902013068044548e-01 4.446846672751599838e-01 1.936932256388272933e-01 0.000000000000000000e+00 0.000000000000000000e+00
1.000000000000000000e+06 9.501219244421037047e+01 7.133189881765984808e+01 1.371050039197545232e+02 1.379677045119160539e+02 9.687941142438043585e+01 9.966973342698419458e+01 0.000000000000000000e+00 0.000000000000000000e+00 2.078132291097029016e-01 9.277902406549760617e-01 1.753071821170469891e-01 0.000000000000000000e+00 0.000000000000000000e+00
1.000000000000000000e+06 7.348268128503690377e+01 1.916156391836532862e+02 1.931123195696670223e+02 9.636288909990524587e+01 1.075983057331383606e+02 9.123429157072430939e+01 0.000000000000000000e+00 0.000000000000000000e+00 1.106142671006735689e-01 4.111868095853397076e-01 2.097873159127087161e-01 0.000000000000000000e+00 0.000000000000000000e+00
1.000000000000000000e+06 9.208506896408441378e+01 1.322870959303799054e+01 1.605625267062690966e+02 4.112346702611724680e+01 8.564849072267976737e+01 2.334329643740162830e+00 0.000000000000000000e+00 0.000000000000000000e+00 7.198746422894741759e-02 2.529820927603011471e-01 1.867763485791910094e-01 0.000000000000000000e+00 0.000000000000000000e+00
1.000000000000000000e+06 5.967633738249477915e+01 1.316829481757895337e+02 1.912156084999016628e+02 1.055952345428301982e+02 9.318115525336123639e-01 6.992537405944401030e+01 0.000000000000000000e+00 0.000000000000000000e+00 8.423524495367199494e-01 3.994944507399428302e-01 1.080984644011576679e-01 0.000000000000000000e+00 0.000000000000000000e+00
1.000000000000000000e+06 1.323876174771988303e+02 1.241534350005317151e+02 7.488136605559121506e+01 7.879245997089230968e+01 3.695185431765624173e+01 3.652365418443068990e+01 0.000000000000000000e+00 0.000000000000000000e+00 5.401228325582828615e-01 9.459998000814238139e-01 2.534756186472612027e-01 0.000000000000000000e+00 0.000000000000000000e+00
1.000000000000000000e+06 1.239513226055778858e+02 6.166895470078237196e+01 1.594175627179519097e+02 1.568747592605604382e+02 7.331857435930433553e+01 3.471361901377805026e+01 0.000000000000000000e+00 0.000000000000000000e+00 6.221967703577627740e-01 9.366478458542880636e-01 2.323133051945596161e-01 0.000000000000000000e+00 0.000000000000000000e+00
1.000000000000000000e+06 5.550409940287659438e+00 5.240387645531636451e+01 1.194408795125545169e+02 5.504344469887521285e+01 4.381815960373842955e+01 2.751510454944938644e+01 0.000000000000000000e+00 0.000000000000000000e+00 5.596676087960730239e-01 5.782515605099149969e-01 2.615109024608144317e-01 0.000000000000000000e+00 0.000000000000000000e+00
1.000000000000000000e+06 9.339416533109825025e+01 1.854415721236256900e+02 6.085004149630832870e+01 1.554737296610148576e+02 7.932952780517450719e+01 2.028701063719196007e+00 0.000000000000000000e+00 0.000000000000000000e+00 4.689439704978145551e-01 5.194671726245465582e-01 1.543563966989457414e-01 0.000000000000000000e+00 0.000000000000000000e+00
1.000000000000000000e+06 2.570973955655997401e+00 1.847174573936250681e+02 2.986787363041623067e+01 1.476942062845571400e+02 7.524126008258480169e+01 9.422126271791914576e+01 0.000000000000000000e+00 0.000000000000000000e+00 2.219890222389924173e-01 7.275867763717092096e-01 4.213114398006583272e-01 0.000000000000000000e+00 0.000000000000000000e+00
1.000000000000000000e+06 1.811609647810431341e+02 1.474461356857644319e+02 5.284528115514828528e+01 7.907130443717960588e+01 1.623886470123896402e+02 7.820305845487342822e+01 0.000000000000000000e+00 0.000000000000000000e+00 6.725370150027050187e-01 4.119454611753430306e-01 1.646879486904141432e-01 0.000000000000000000e+00 0.000000000000000000e+00
1.000000000000000000e+06 1.588669411807763083e+02 1.880420422629460404e+02 3.405054586178488307e+01 1.134188775608388084e+02 3.138517261616178189e+01 4.394643546309553273e+01 0.000000000000000000e+00 0.000000000000000000e+00 6.845958410781139980e-01 8.817408444295332659e-01 2.419238060843501570e-01 0.000000000000000000e+00 0.000000000000000000e+00
1.000000000000000000e+06 3.661677178049041004e+01 7.814556228193774245e+01 1.719629672681599430e+01 1.943790057546420371e+02 4.419238006267647023e+01 7.364065993861797210e+01 0.000000000000000000e+00 0.000000000000000000e+00 1.256576974735754693e-01 5.709254071199864056e-01 1.644048424325750268e-01 0.000000000000000000e+00 0.000000000000000000e+00
1.000000000000000000e+06 1.309961556550445323e+02 1.969851809130007680e+01 6.687454227144465335e+01 5.552033429159006772e+01 1.024512792063787572e+02 1.991257692311025380e+02 0.000000000000000000e+00 0.000000000000000000e+00 2.032895237746455974e-01 3.449727099901446215e-01 1.314103710150412718e-01 0.000000000000000000e+00 0.000000000000000000e+00
1.000000000000000000e+06 5.843718373331536498e+01 9.091154679982342657e+01 1.744670424732249217e+02 1.113887765139933208e+02 6.715140614651171624e+00 1.305999693565394466e+02 0.000000000000000000e+00 0.000000000000000000e+00 8.149987515034746721e-01 9.473812077958826405e-01 2.762666114118305094e-01 0.000000000000000000e+00 0.000000000000000000e+00
1.000000000000000000e+06 1.239041594660478722e+02 1.254029299380334379e+02 6.740068513119518911e+01 9.344797032675944592e+01 6.038485195744132028e+01 1.450080388960019917e+01 0.000000000000000000e+00 0.000000000000000000e+00 2.107584379891267456e-01 7.724753264125494567e-01 2.767756817445059525e-01 0.000000000000000000e+00 0.000000000000000000e+00
1.000000000000000000e+06 3.720719822394873688e+01 1.743230804953405197e+02 1.365964048916988247e+02 4.688614409466070043e+01 4.868930486852356410e+01 1.405291624800233308e+01 0.000000000000000000e+00 0.000000000000000000e+00 4.192412063344023165e-01 5.193792085166983874e-01 1.694548029705958969e-01 0.000000000000000000e+00 0.000000000000000000e+00
