280	2.626207145914116	1.5208832406518031
285	2.595464605576206	1.5108070896849404
290	2.565294937633247	1.509448075487284
295	2.53595229849472	1.5176085229137737
300	2.515991232025589	1.5344648628216546
305	2.5012078102670565	1.555825270149094
310	2.4907461020891697	1.5810312874130559
315	2.4905549214896	1.6077594896337861
320	2.499761877026485	1.6372230814626472
325	2.5088253931563975	1.660992450349352
330	2.525451793777885	1.6904120171562151
335	2.5458747131499027	1.7081183730907044
340	2.572411387969589	1.7305323690951178
345	2.5996726887134303	1.7461088963606497
350	2.6328939907114086	1.7606158201532478
355	2.6740364143236723	1.7687236540253592
360	2.723584539567615	1.7686261345155192
365	2.7670261220760604	1.7454353375449077
370	2.79305299448256	1.710141341452949
375	2.8062894463284085	1.6812169408515507
380	2.8092914598155185	1.647895595665675
385	2.802561292958293	1.62196733348755
390	2.792176039847336	1.605121532559211
395	2.781773006850248	1.5940137074857552
400	2.771719675644054	1.583295197494788
405	2.7611251498583878	1.5879184447500514
410	2.7510122143665967	1.5890118633029835
415	2.7411425122004016	1.5901898454938994
420	2.731308475180882	1.5944702721939863
425	2.725819564237502	1.6031284046036707
430	2.7207025994453917	1.611886380720007
435	2.7156949132985915	1.6204621344422145
440	2.71086806920101	1.62870766670846
445	2.7095126085714916	1.6405646341873568
450	2.7125573959838194	1.6570309888001253
455	2.7126297732346027	1.6665172799630685
460	2.7125903777684566	1.6756545865713042
465	2.715415630984433	1.6910058226432858
470	2.719809889281222	1.7046986518511629
475	2.726388634185689	1.7160945293110899
480	2.7307547742970817	1.7249572001906048
485	2.733772680059959	1.7322644516496009
490	2.741578893362216	1.7447947797140302
495	2.750908027040889	1.7589850610332942
500	2.7626610880885685	1.770109334342896
505	2.7749616923433447	1.7805657114135505
510	2.7848057424907053	1.7857489030850413
515	2.7939664046771626	1.7894424417882624
520	2.802956243911926	1.7909765213532531
525	2.8118732882430404	1.7914912576397821
530	2.819222421397267	1.7919194895707846
535	2.824876753041531	1.7922537435061474
540	2.829468070419998	1.7930330252260638
545	2.829215332098047	1.7958417293659004
550	2.82896229162164	1.7986507472398958
555	2.8265016152429476	1.8033265864712438
560	2.8234864466720975	1.8084690457945916
565	2.8224768641185802	1.8165067242521051
570	2.8266139333774	1.8319999868165784
575	2.8307514307956927	1.8475037830352183
580	2.836631452958082	1.857859150348059
585	2.8434167683153904	1.8655608702477235
590	2.850205052513569	1.8732667471821962
595	2.856810927847842	1.878506649361571
600	2.863403216643867	1.8835337142098962
605	2.8699844629777833	1.8886405914105073
610	2.8761533427164303	1.8956434661607264
615	2.8823279042570555	1.9026488173122553
620	2.888582521483263	1.9096550479744525
625	2.8986448960437925	1.91654798875992
630	2.908713410703699	1.9234437224932805
635	2.918790835734923	1.9303414626845685
640	2.9285098722520204	1.9352621025556065
645	2.938167227631864	1.9398056274293796
650	2.947829578745471	1.9443496203903883
655	2.958249053232387	1.947932594497504
660	2.9694859497925044	1.9504734136033888
665	2.9807304718161514	1.9530117336903328
670	2.991980246770292	1.955548168670779
675	3.0031173692084585	1.9493089649470319
680	3.0142479093285104	1.9426978558426466
685	3.025378815709968	1.93607980651732
690	3.035154988303208	1.929072439244665
695	3.0406456523773455	1.9208483934750444
700	3.0461330039336745	1.912622724298854
705	3.051618896347161	1.9043949470253272
710	3.0551547577212523	1.894749056505226
715	3.0541462501744925	1.88180008713207
720	3.0531338430471964	1.868855791400086
725	3.0521191436309074	1.8559157164766522
730	3.050028041586938	1.8434583280724224
735	3.041351006167994	1.8339420763141991
740	3.0326773913942886	1.8244306667842127
745	3.0240086750032407	1.814923791764425
750	3.015343339716449	1.8054218701463016
755	3.001839707923386	1.7981257078076118
760	2.986461980143547	1.7916871275063673
765	2.9710960196642424	1.7852493491554922
770	2.955740562366888	1.778812783147786
775	2.9404034072011545	1.7726246026439951
780	2.925384581396487	1.778553646053286
785	2.9103683911922578	1.7844720559467335
790	2.895353571763095	1.7903799835833583
795	2.8803413354866185	1.7962770105918724
800	2.8654228764511362	1.8021846331285545
805	2.855033335616949	1.8091301067326837
810	2.844641679993506	1.8160692369392948
815	2.834248988110214	1.8230017092555448
820	2.823854093404259	1.8299277296213934
825	2.8134580289308375	1.83684699071344
830	2.801920952777111	1.8433744986119682
835	2.7898477592871216	1.849712462269102
840	2.7777734379959886	1.856042037033244
845	2.7656989487202184	1.8623628948456215
850	2.7536232501568736	1.868675180888978
855	2.7415472635867952	1.8749785718055538
860	2.7309906285019947	1.886257430995703
865	2.72045729754202	1.8976299854470735
870	2.709915076806753	1.9089947394713853
875	2.699364703031629	1.9203514635952876
880	2.688805116893409	1.9317003707608713
885	2.6782370188370606	1.9430412397616337
890	2.668310396390889	1.953675680433655
895	2.658464905827072	1.9642078256411188
900	2.648610874708161	1.9747332171183187
905	2.638748969921568	1.9852516497138912
910	2.6288782416351024	1.9957633366279057
915	2.61899932585853	2.006268080301617
920	2.6095106433250566	2.0183519900665896
925	2.600856852098564	2.0338018915365863
930	2.5921857193845192	2.0492496064186727
935	2.583497788247373	2.0646951485501455
940	2.5747921447298987	2.080138937665935
945	2.566069312085196	2.095581001822121
950	2.5573284047607348	2.1110217722609517
955	2.5490027702738445	2.1257215409750603
960	2.541894562571327	2.1383152796014584
965	2.534774696057349	2.1509085310607
970	2.5276424204817016	2.163501629874658
975	2.52049828661642	2.1760945252958552
980	2.5133415685939173	2.188687555409581
985	2.5061727998039656	2.201280677324412
990	2.498991278136379	2.213874232798156
995	2.492706189311614	2.231027131125837
1000	2.4869571240579287	2.2509853297696645
1005	2.4811859752477314	2.270957339023346
1010	2.4753923176591037	2.290943851333322
1015	2.4695768806040674	2.310945180364239
1020	2.4637392874360056	2.3309620173486016
1025	2.4578802788895393	2.3509946729379885
1030	2.451999526618836	2.371043835154
1035	2.448549301301592	2.3888075476251545
1040	2.4487674541719344	2.4031317666156204
1045	2.448982707369808	2.4174682787072883
1050	2.4491947296056886	2.431817300683619
1055	2.449404184604808	2.4461786703407533
1060	2.4496107592909104	2.4605525956791885
1065	2.4498151006039612	2.47493890969657
1070	2.450016912667945	2.489337811595261
1075	2.45021682597464	2.503749129599581
1080	2.4506339326902347	2.5182794304383456
1085	2.4513791567151526	2.532982154893007
1090	2.452123450825919	2.5476980876973707
1095	2.452867422277513	2.562427027101993
1100	2.4536108296359207	2.577169125301487
1105	2.454354263261966	2.591924175662123
1110	2.455097494208279	2.606692321449809
1115	2.4558410961748876	2.6214733513180337
1120	2.4565848518312925	2.6362673997457766
1125	2.4573293184360647	2.6510742508617278
1130	2.4593756295994758	2.6628986512167323
1135	2.4622924763903593	2.672732827847356
1140	2.465212463582967	2.6825723160511603
1145	2.4681359775088403	2.692416898198465
1150	2.471062692782491	2.702266689851954
1155	2.473992982080961	2.71212147653846
1160	2.4769265304810997	2.721981370422703
1165	2.4798636975026653	2.7318461601726294
1170	2.4828041782244905	2.741715954671071
1175	2.4857483194856904	2.751590545711642
1180	2.4886958259306047	2.7614700390086275
1185	2.4901315661568004	2.7696291324247535
1190	2.4911897235943314	2.777360331406729
1195	2.492249247282478	2.7850945836508605
1200	2.49330985537256	2.792832024015592
1205	2.494371856934106	2.8005724889340935
1210	2.4954349790594317	2.8083161099323037
1215	2.4964995213896004	2.8160627262284907
1220	2.497565219603488	2.823812466108565
1225	2.4986323642468578	2.8315651715094132
1230	2.4997006992469477	2.839320967566583
1235	2.5007705063727768	2.847079698871817
1240	2.5018415374771132	2.8548414874972776
1245	2.5027225676079015	2.8604909202665345
1250	2.503604331708156	2.8661419487271425
1255	2.5044870848620433	2.871794432709476
1260	2.5053705835188547	2.87744849808545
1265	2.506255075392099	2.8831040075391026
1270	2.505660217036616	2.8897568095205908
1275	2.5050655226557437	2.896411830088569
1280	2.5044707709852916	2.9030691942070175
1285	2.5038762042536953	2.9097287742624394
1290	2.503281607785371	2.9163906925269782
1295	2.502979718347615	2.919706964703319
1300	2.502750958866037	2.9221868050454924
1305	2.502522422478526	2.9246668580509856
1310	2.502293893728009	2.9271472432316927
1315	2.5020655836818033	2.929627843222943
1320	2.501599879137229	2.9320708505827464
1325	2.500184594675531	2.9343623230764733
1330	2.4987690188769727	2.9366540357970696
1335	2.4973533518956303	2.938945877495027
1340	2.4959373942813974	2.9412379607689774
1345	2.494521341204452	2.9435301767893103
1350	2.4923208662105103	2.944324559532731
1355	2.4889445650828446	2.9428714115816463
1360	2.4855686491015154	2.9414177161540493
1365	2.4821933058515113	2.9399633668491294
1370	2.4788183511364505	2.9385084665813728
1375	2.475443968495879	2.9370529113255985
1380	2.4708117361367954	2.9350494420270827
1385	2.464293505083043	2.9322231946420714
1390	2.457776809184209	2.9293948342192415
1395	2.4512618349944924	2.926564250304696
1400	2.444748420105787	2.923731528059415
1405	2.438236748000554	2.9208965589075544
1410	2.430980477488712	2.917132711932429
1415	2.420744880391442	2.909658582999575
1420	2.410517022214044	2.9021803363460394
1425	2.400297172551624	2.8946978660690648
1430	2.384392580563227	2.889113730640432
1435	2.368495906926177	2.883515287744605
1440	2.352607128563053	2.877902405713278
1445	2.332085674977252	2.869362503305464
1450	2.308491744335326	2.8588526048140186
1455	2.2849233942192386	2.8483100899851177
1460	2.2586150472423525	2.840732254442768
1465	2.221230015080162	2.845081287239051
1470	2.18380514955971	2.8493429732222304
1475	2.146337842706834	2.853514666801636
1480	2.114072353863714	2.8671547464114866
1485	2.0830374449582547	2.8831476764589183
1490	2.0519143723904762	2.89911092826487
1495	2.0220643456594556	2.916773222412403
1500	1.9975802211838292	2.9413544863491516
1505	1.9730066321073942	2.965973354865505
1510	1.948343340620364	2.9906337000679444
1515	1.9290793015159613	3.0128775801230785
1520	1.9134248749825689	3.0335210291080568
1525	1.8977317844477093	3.054204700816692
1530	1.8820007717155163	3.0749300864180245
1535	1.8662329355569653	3.095698461720531
1540	1.8504291569807794	3.116511277393207
1545	1.8345906662239457	3.1373697583254314
1550	1.818718483526591	3.1582752985161258
1555	1.8076164335068494	3.1750420635124503
1560	1.7964998705044681	3.1918397466317145
1565	1.7853696119134157	3.2086686522583636
1570	1.7742262307229066	3.2255292669092803
1575	1.7630705737169223	3.2424218523087265
1580	1.7519032495358007	3.2593468508779715
1585	1.7407251310789003	3.2763044781729938
1590	1.7295368590769853	3.2932951290297585
1595	1.7135982230544813	3.3115938525424506
1600	1.6976352816033844	3.329935385399097
1605	1.6816492614284997	3.348320488480543
1610	1.6656412029149508	3.3667500893033204
1615	1.6496124157451506	3.3852248688765876
1620	1.6335640276573264	3.4037456702324995
1625	1.6174974243731208	3.4223130833977047
1630	1.6014138132025992	3.4409278559333374
1635	1.5876429192566817	3.4600614880580327
1640	1.5738668758062855	3.479240982784662
1645	1.560087077144733	3.4984663243041516
1650	1.546304721718742	3.517737651342235
1655	1.5325212045440983	3.537054842047022
1660	1.5187377268559907	3.5564179284822712
1665	1.504955672802371	3.575826682509811
1670	1.4911762347080713	3.5952810298714937
1675	1.4774007742491384	3.614780637511615
1680	1.4646837404890594	3.636754373275597
1685	1.4519828213023191	3.6587762479444654
1690	1.439299216396062	3.6808455374281497
1695	1.4266342427341492	3.7029612660273954
1700	1.4139890076332904	3.7251226176851535
1705	1.401364723678622	3.7473285328021575
1710	1.3887623980842732	3.769578116529643
1715	1.3761831325939609	3.791870239138913
1720	1.363627828739242	3.8142039407709163
1725	1.3522062938485704	3.8374994177715807
1730	1.3415560639384085	3.8614454401550873
1735	1.330940120057622	3.8854255357336536
1740	1.3203588359638228	3.909438424998271
1745	1.309812649921803	3.9334826429898997
1750	1.2993018170399808	3.9575569287653773
1755	1.2888266539745759	3.9816598447760727
1760	1.278387305324234	4.005790159837505
1765	1.2679839750429687	4.029946474273856
1770	1.2576167062226915	4.054127596096099
1775	1.250099982833075	4.077382539331601
1780	1.243320562282975	4.100412481422323
1785	1.236574316153439	4.123452762883947
1790	1.2298608432921012	4.146502648690162
1795	1.2231798221223182	4.169561256205802
1800	1.2165308245108748	4.1926279072988875
1805	1.209913499932961	4.215701779412501
1810	1.203327399310032	4.2387822498474375
1815	1.1967721491693666	4.261868554420831
1820	1.190247284917962	4.284960123962782
1825	1.183921680452244	4.3076679775841376
1830	1.1778777711465056	4.329796997247871
1835	1.1718605548177463	4.3519288019913125
1840	1.165869596746641	4.37406299729117
1845	1.1599045325885262	4.3961990510104085
1850	1.1539649264547285	4.418336607166857
1855	1.1480504104092615	4.440475174725356
1860	1.1421605499052125	4.462614433988385
1865	1.1362949759427956	4.4847539326984815
1870	1.1304532574660664	4.50689338516872
1875	1.1246350265827303	4.5290323755906625
1880	1.1185998813522153	4.551398239384593
1885	1.1116292678773099	4.574674365784584
1890	1.1046838045866698	4.5979507646019275
1895	1.097763092430377	4.621226984654126
1900	1.0908666805274883	4.644502731799355
1905	1.0839941725699722	4.667777593007675
1910	1.0771451242621866	4.691051307666772
1915	1.070319143884475	4.714323498349307
1920	1.0635157952500216	4.7375939355208265
1925	1.0567346927609191	4.76086227488047
1930	1.0499754095760565	4.784128315605985
1935	1.0432375674743561	4.807391744138844
1940	1.037174297104746	4.830277988839587
1945	1.0315659931927532	4.8529106120999375
1950	1.025976224522219	4.875538877140685
1955	1.0204046530170519	4.898162584171806
1960	1.0148509080369317	4.920781661987554
1965	1.0093146625647427	4.9433959303881085
1970	1.0037955590288241	4.966005333981451
1975	0.9982932815656119	4.988609710516136
1980	0.9928074856119676	5.011209018906522
1985	0.9873378664629098	5.033803113325586
1990	0.9818840924281987	5.0563919656014455
1995	0.9764458698919477	5.078975444920359
2000	0.9710228798394162	5.1015535347407654
2005	0.9663367517514225	5.126536606356984
2010	0.9616674066004918	5.151511378490251
2015	0.957014478399277	5.176477786439764
2020	0.9523775823617172	5.201435873718526
2025	0.9477563703514648	5.226385587945571
2030	0.9431504764731595	5.251326981600083
2035	0.938559569672177	5.276260013215432
2040	0.9339833020930044	5.301184742983437
2045	0.9294213589961658	5.326101139090875
2050	0.9248734097267814	5.351009268324259
2055	0.9203391551036145	5.375909107393609
2060	0.915818280850626	5.400800728684519
2065	0.9113105026029898	5.4256841164181955
2070	0.9087434007351554	5.450599443548311
2075	0.9066690185912766	5.475514843620477
2080	0.9046049323081483	5.500420241630331
2085	0.9025509143298589	5.525315702780428
2090	0.900506724009792	5.550201377283545
2095	0.8984721464992392	5.575077330433396
2100	0.8964469543156568	5.599943710221209
2105	0.8944309445115903	5.624800581760667
2110	0.8924239019440426	5.649648090641397
2115	0.8904256348152982	5.674486301567997
2120	0.888435939552911	5.699315357585102
2125	0.8864546348082711	5.724135322795761
2130	0.884481527862354	5.748946337587944
2135	0.8825164471625279	5.773748465302418
2140	0.8815733281523943	5.798427666867295
2145	0.8821576227403732	5.822926159257026
2150	0.8827473956626036	5.847415048927005
2155	0.8833425347445049	5.87189443482877
2160	0.8839429165473623	5.896364485000713
2165	0.8845484352002712	5.92082529448994
2170	0.8851589738781251	5.945277025752445
2175	0.8857744325913527	5.969719770091738
2180	0.8863947006982043	5.994153684595887
2185	0.8870196837006915	6.0185788569803895
2190	0.8876492767427285	6.042995439172293
2195	0.8882833904579278	6.067403515449252
2200	0.8889219254079505	6.0918032327766385
2205	0.8895647970252454	6.116194672138979
2210	0.8902119109485677	6.140577975731809
2215	0.8909427233192144	6.164688094984895
2220	0.8919953403911696	6.187730203083154
2225	0.8930512789523116	6.210765148032824
2230	0.8941104707944035	6.233793051074878
2235	0.8951728604284239	6.25681397237047
2240	0.8962383828360697	6.27982802939577
2245	0.8973069852732238	6.302835279983158
2250	0.8983786057281254	6.325835837989299
2255	0.8994531940389018	6.348829759019523
2260	0.9005306910293486	6.371817153449942
2265	0.9016110489683691	6.394798074755833
2270	0.902694211355771	6.417772629965641
2275	0.9037801327500797	6.440740870517044
2280	0.904868759178151	6.463702900217896
2285	0.9059600473564932	6.48665876855643
2290	0.9070539456998111	6.509608576241439
2295	0.9081504129597574	6.532552370895696
2300	0.9105220605147889	6.554923840681329
2305	0.9132135053229223	6.577147843746223
2310	0.9159064574042319	6.5993660797086156
2315	0.9186008967027822	6.621578594534013
2320	0.9212967950608486	6.643785482057431
2325	0.9239941333594335	6.6659867864252424
2330	0.9266928845712602	6.688182598635584
2335	0.9293930304620726	6.710372961100661
2340	0.9320945450770735	6.73255796209413
2345	0.9347974110179365	6.754737642374398
2350	0.9375016033479592	6.776912087597494
2355	0.940207105459077	6.799081336944099
2360	0.9429138933816203	6.821245473554281
2365	0.9456219512550256	6.843404535102961
2370	0.9483312560286876	6.865558602311069
2375	0.951041792549477	6.887707711415918
2380	0.9537535386407571	6.909851940811481
2385	0.9566513778836018	6.931548078912345
2390	0.9602895822906766	6.9514669099787385
2395	0.9639282870224921	6.9713817429540565
2400	0.9675674828840212	6.991292640163572
2405	0.9712071677688533	7.01119962243025
2410	0.9748473327431771	7.031102750462363
2415	0.9784879758131548	7.05100204430872
2420	0.9821290882960333	7.070897563115819
2425	0.9857706683045382	7.090789326191469
2430	0.9894127073973149	7.110677391173203
2435	0.9930552037879901	7.13056177665935
2440	0.9966981492674303	7.150442538829108
2445	1.0003415421448296	7.170319695601267
2450	1.0039853744345333	7.190193301745178
2455	1.0076296445362842	7.210063374528596
2460	1.011274344679583	7.2299299673575
2465	1.0149194733499884	7.249793096875745
2470	1.0185650229842285	7.269652815170479
2475	1.0222109921492144	7.2895091382874835
2480	1.0258573734813439	7.30936211703782
2485	1.0306534960262534	7.330715927847519
2490	1.0354497913050937	7.3520658612833225
2495	1.040246261658727	7.373411941297382
2500	1.0450429036507773	7.39475422511146
2550	1.0930187224614778	7.60797624516371
2600	1.1408871551170323	7.803987977078387
2650	1.1885116567751624	7.967021337816812
2700	1.235107672491058	8.128419948582728
2750	1.2725439878752924	8.276534869360272
2800	1.3099828262856046	8.424525235419871
2850	1.3402555803042797	8.564600680219026
2900	1.3665065333488118	8.700196025006397
2950	1.3927692786104406	8.835706121791672
3000	1.3977182124529028	8.98224375562546
3050	1.4018165379958507	9.129165471863038
3100	1.4059507278379129	9.276012179752257
3150	1.3874255343195956	9.431380031832928
3200	1.3689559193202225	9.58668379297372
3250	1.3505381010700561	9.74192590461429
3300	1.3393715162619473	9.900491149182427
3350	1.3307758806628094	10.060180800927197
3400	1.3222170150561932	10.21980819078369
3450	1.3122951631010429	10.38156435951132
3500	1.2921673001715184	10.559306295632389
3550	1.2720843294258801	10.73698494913694
3600	1.2520431147333257	10.914603007762489
3650	1.2333057965261183	11.092895231461302
3700	1.2344175107910955	11.282595379843935
3750	1.2355526296787525	11.472228625745148
3800	1.2367095331273659	11.661798308988471
3850	1.2378867408790695	11.851307550479152
3900	1.2459599357471522	12.04370951935105
3950	1.2609226732894472	12.23900267240901
4000	1.2758954402177076	12.4342382762057
4050	1.2908776325433924	12.629419153323212
4100	1.3058686936343158	12.824547942069868
4150	1.3264670005097656	13.013982477691602
4200	1.3579356507487363	13.19241650607977
4250	1.389403284997602	13.37081109736013
4300	1.4208700430102033	13.54916791237875
4350	1.4523360515772188	13.727488518906057
4400	1.4838014257738077	13.905774398137893
4450	1.51526627007551	14.084026950653795
4500	1.5467306793577906	14.262247501885206
4550	1.5781947397926233	14.440437307140341
4600	1.609658529653803	14.618597556227492
4650	1.6411221200412316	14.79672937771392
4700	1.672585575533166	14.974833842853847
4750	1.7040489547742808	15.152911969215221
4800	1.7355123110065076	15.330964724032198
4850	1.7669756925487587	15.508993027307364
4900	1.7984391432309188	15.686997754685429
4950	1.8299027027868973	15.864979740117917
5000	1.8664486575543664	16.036902661692103
5050	1.9041089003006335	16.207480459150847
5100	1.9417677687528174	16.378039131739847
5150	1.9794253631510377	16.548579298015166
5200	2.017081777085536	16.719101550065115
5250	2.054737097975453	16.889606454914738
5300	2.092391407509272	17.06009455584152
5350	2.1300447820502986	17.230566373608998
5400	2.1676972930103076	17.401022407624023
5450	2.2053490071940764	17.571463137023244
5500	2.2429999871173867	17.741889021693794
5550	2.2806502913007094	17.91230050323274
5600	2.3182999745406563	18.08269800584968
5650	2.3559490881610796	18.253081937216184
5700	2.393597680245466	18.42345268926591
5750	2.4312457958522264	18.59381063894852
5800	2.468893477214208	18.7641561489407
5850	2.5065407639237844	18.934489568316852
5900	2.5441876931045995	19.10481123318237
5950	2.581834299571082	19.27512146727169
6000	2.6194806159766744	19.445420582513492
6050	2.6571266729516516	19.61570887956523
6100	2.694772499231345	19.785986648318687
6150	2.732418121775503	19.95625416837861
6200	2.7701904372698922	20.126430502677337
6250	2.814178908638891	20.292618141356364
6300	2.8581665065282813	20.458796612899732
6350	2.9021532789288984	20.624966146087672
6400	2.9461392713799928	20.791126962192045
6450	2.990124527105509	20.95727927528009
6500	3.0341090871419176	21.123423292503624
6550	3.078092990458225	21.28955921437459
6600	3.1220762740686485	21.45568723502751
6650	3.1660589731384943	21.621807542469767
6700	3.2100411210836692	21.787920318820156
6750	3.254022749664239	21.95402574053647
6800	3.298003889072486	22.12012397863275
6850	3.3419845680157403	22.286215198886545
6900	3.3873396757686893	22.450319035693212
6950	3.4370477733635427	22.608144838393194
7000	3.486754963744124	22.765964614591837
7050	3.5364612855905917	22.923778491629594
7100	3.5861667759445304	23.08158659334313
7150	3.6358714702854593	23.239389040182814
7200	3.6855754026033654	23.39718594932559
7250	3.735278605467493	23.554977434783616
7300	3.784981110091596	23.712763607508514
7350	3.8346829463958287	23.87054457549167
7400	3.8843841430655	24.028320443860736
7450	3.9340847276068605	24.186091314972366
7500	3.983784726400073	24.343857288501532
7550	4.033484164749553	24.501618461527382
7600	4.083183066931778	24.659374928615932
7650	4.132881456240768	24.817126781899628
7700	4.182579355031314	24.97487411115408
7750	4.232352404228829	25.132626276828606
7800	4.285830261928971	25.290828434525764
7850	4.3393075046318526	25.449026262809564
7900	4.392784156951619	25.607219843749025
7950	4.446260242553082	25.765409257391447
8000	4.4997357841917545	25.92359458182297
8050	4.553210803752028	26.081775893227054
8100	4.606685322283527	26.239953265940837
8150	4.660159360035845	26.398126772509727
8200	4.713632936491604	26.556296483739953
8250	4.767106070398041	26.71446246874933
8300	4.820578779797139	26.872624795016414
8350	4.874051082054402	27.03078352842791
8400	4.9275229938863	27.188938733324388
8450	4.980994531386502	27.347090472544632
8500	5.0344657100509345	27.505238807468448
8550	5.087936544801725	27.66338379805796
8600	5.141407050010063	27.821525502897636
8650	5.194877239518083	27.979663979232964
8700	5.248347126659765	28.13779928300783
8750	5.3018167242809415	28.295931468900733
8800	5.3552860447584125	28.454060590359727
8850	5.4087551000182605	28.612186699636347
8900	5.468830736521333	28.763394713869733
8950	5.529806773197312	28.913657039145665
9000	5.5907822767711925	29.063916703428486
9050	5.651757264192022	29.214173748311236
9100	5.712731751872211	29.36442821455626
9150	5.773705755706192	29.514680142115132
9200	5.8346792910883645	29.664929570147695
9250	5.895652372930332	29.815176537040806
9300	5.956625015677517	29.965421080426506
9350	6.017597233325102	30.11566323719975
9400	6.078569039433386	30.265903043535598
9450	6.13954044714257	30.416140534906035
9500	6.200511469186957	30.566375746096252
9550	6.261482117908644	30.716608711220616
9600	6.32245240527069	30.8668394637381
9650	6.383422342869798	31.01706803646735
9700	6.444391941948536	31.167294461601465
9750	6.505361213407082	31.31751877072216
9800	6.566330167814568	31.467740994813827
9850	6.62729881541999	31.617961164277023
9900	6.688267166162713	31.76817930894164
9950	6.749235229682623	31.918395458079935
10000	6.810203015329884	32.06860964041887
10050	6.871170532174351	32.21882188415254
10100	6.9321377890146545	32.369032216953805
10150	6.993104794386946	32.519240665986224
10200	7.0540715565733505	32.66944725791505
10250	7.115038083610084	32.81965201891841
10300	7.1760043832953375	32.969854974698045
10350	7.240152606053366	33.11725034765237
10400	7.3090736902748885	33.260435335589676
10450	7.37799437163073	33.403618696573716
10500	7.4469146607128796	33.546800451541195
10550	7.5158345678346485	33.689980621092275
10600	7.584754103038698	33.83315922549676
10650	7.653673276104814	33.97633628470018
10700	7.722592096557433	34.11951181832978
10750	7.791510573672912	34.26268584570035
10800	7.860428716486614	34.40585838581999
10850	7.929346533799742	34.54902945739574
10900	7.998264034185919	34.69219907883906
10950	8.067181225997693	34.83536726827126
11000	8.136098117372638	34.97853404352883
11050	8.205014716239479	35.12169942216859
11100	8.273931030323872	35.264863421472874
11150	8.342847067154072	35.408026058454375
11200	8.41176283406645	35.551187349861195
11250	8.480678338210735	35.69434731218162
11300	8.549593586555257	35.837505961648745
11350	8.618508585891867	35.98066331424512
11400	8.68742334284084	36.12381938570737
11450	8.75633786385553	36.2669741915305
11500	8.825252155226952	36.41012774697231
11550	8.894166223088188	36.553280067057635
11600	8.963080073418691	36.69643116658254
11650	9.03199371204841	36.83958106011838
11700	9.100907144661875	36.98272976201586
11750	9.169820376802067	37.125877286408965
11800	9.238733413874236	37.26902364721874
11850	9.307646261149582	37.4121688581572
11900	9.37655892376885	37.555312932730885
11950	9.445471406745778	37.698455884244616
12000	9.514383714970487	37.84159772580506
12050	9.583295853212745	37.98473847032408
12100	9.652207826125142	38.12787813052233
12150	9.721119638246206	38.27101671893252
12200	9.790031294003336	38.41415424790267
12250	9.858942797715788	38.55729072959949
12300	9.927854153597433	38.70042617601134
12350	9.996765365759547	38.84356059895147
12400	10.065676438213474	38.98669401006103
12450	10.14062426446739	39.123794206224886
12500	10.215571865785158	39.260893463334824
12550	10.290519247293545	39.39799179133306
12600	10.3654664140063	39.535089200031656
12650	10.440413370826839	39.67218569911442
12700	10.515360122550861	39.80928129813882
12750	10.59030667386893	39.94637600653775
12800	10.66525302936897	40.083469833621535
12850	10.740199193538649	40.220562788579606
12900	10.81514517076783	40.35765488048238
12950	10.890090965350772	40.49474611828289
13000	10.965036581488455	40.63183651081862
13050	11.039982023290735	40.768926066813265
13100	11.114927294778463	40.906014794878146
13150	11.189872399885587	41.04310270351419
13200	11.264817342461148	41.1801898011133
13250	11.339762126271285	41.317276095960146
13300	11.414706755001125	41.454361596233554
13350	11.489651232256659	41.591446310008216
13400	11.564595561566598	41.72853024525615
13450	11.639539746384115	41.865613409848216
13500	11.714483790088575	42.00269581155554
13550	11.789427695987278	42.139777458051064
13600	11.864371467317051	42.276858356910964
13650	11.939315107245877	42.41393851561599
13700	12.01425861887446	42.55101794155289
13750	12.08920200523776	42.68809664201587
13800	12.166515533293696	42.82263767115784
13850	12.247384289734228	42.95337258660041
13900	12.328252861480793	43.084106835852715
13950	12.409121252205662	43.21484042502281
14000	12.489989465510318	43.3455733601515
14050	12.570857504926868	43.476305647212925
14100	12.651725373919552	43.60703729211547
14150	12.732593075886061	43.73776830070242
14200	12.81346061415901	43.86849867875288
14250	12.89432799200719	43.999228431982345
14300	12.975195212636951	44.129957566043615
14350	13.056062279193464	44.26068608652751
14400	13.136929194761953	44.39141399896352
14450	13.217795962368957	44.522141308820665
14500	13.298662584983507	44.65286802150809
14550	13.379529065518321	44.78359414237587
14600	13.46039540683093	44.914319676715664
14650	13.541261611724819	45.04504462976149
14700	13.622127682950483	45.17576900669028
14750	13.702993623206574	45.30649281262266
14800	13.783859435140878	45.43721605262368
14850	13.86472512135137	45.56793873170336
14900	13.945590684387238	45.69866085481735
14950	14.02645612674981	45.829382426867724
15000	14.107321450893586	45.960103452703486
15050	14.188186659227103	46.090823937121286
15100	14.269051754113915	46.22154388486592
15150	14.349916737873441	46.35226330063122
15200	14.430781612781896	46.48298218906036
15250	14.511646381073094	46.6137005547467
15300	14.592511044939348	46.74441840223425
15350	14.67337560653223	46.87513573601831
15400	14.754240067963426	47.00585256054607
15450	14.835104431305517	47.13656888021713
15500	14.915968698592726	47.2672846993842
15550	15.006344469552944	47.3884003406217
15600	15.096720070828908	47.509515528655925
15650	15.187095505216368	47.63063026689173
15700	15.27747077546572	47.75174455870593
15750	15.367845884282858	47.872858407447204
15800	15.458220834329854	47.99397181643657
15850	15.548595628225808	48.11508478896729
15900	15.638970268547524	48.23619732830543
15950	15.729344757830262	48.35730943768953
16000	15.819719098568454	48.47842112033138
16050	15.910093293216393	48.59953237941566
16100	16.000467344188948	48.72064321810056
16150	16.090841253862216	48.84175363951775
16200	16.1812150245742	48.96286364677259
16250	16.27158865862544	49.08397324294442
16300	16.361962158279695	49.2050824310866
16350	16.452335525764514	49.32619121422685
16400	16.54270876327192	49.44729959536742
16450	16.633081872958943	49.56840757748517
16500	16.723454856948248	49.68951516353186
16550	16.813827717328778	49.81062235643445
16600	16.904200456156172	49.93172915909491
16650	16.99457307545353	50.05283557439094
16700	17.084945577211787	50.17394160517571
16750	17.175317963390345	50.29504725427835
16800	17.265690235917617	50.41615252450402
16850	17.356062396691474	50.53725741863399
16900	17.446434447579826	50.65836193942613
16950	17.53680639042113	50.77946608961481
17000	17.627178227024817	50.900569871911216
17050	17.71754995917185	51.02167328900364
17100	17.80792158861516	51.142776343557365
17150	17.898293117080147	51.26387903821523
17200	17.988664546265074	51.38498137559752
17250	18.079035877841594	51.5060833583023
17300	18.169407113455183	51.627184988905576
17350	18.259778254725525	51.748286269961525
17400	18.350149303246987	51.86938720400254
17450	18.440520260589015	51.99048779353955
17500	18.530891128296567	52.111588041062134
17550	18.62126190789051	52.232687949038784
17600	18.711632600867997	52.35378751991693
17650	18.80200320870289	52.47488675612331
17700	18.892373732846146	52.59598566006397
17750	18.987824789570524	52.708268610008645
17800	19.084545880441905	52.8183473581732
17850	19.18126684915774	52.92842581593584
17900	19.27798769742712	53.03850398506765
17950	19.37470842693594	53.1485818673289
18000	19.471429039347214	53.25865946446911
18050	19.56814953630146	53.3687367782271
18100	19.664869919416915	53.478813810330934
18150	19.761590190289976	53.58889056249789
18200	19.858310350495362	53.69896703643472
18250	19.95503040158659	53.80904323383744
18300	20.051750345096185	53.91911915639155
18350	20.148470182535902	54.02919480577194
18400	20.24518991539721	54.139270183642886
18450	20.341909545151417	54.24934529165827
18500	20.438629073250038	54.359420131461476
18550	20.535348501125046	54.46949470468544
18600	20.632067830189143	54.579569012952625
18650	20.728787061836055	54.6896430578753
18700	20.825506197440795	54.79971684105533
18750	20.92222523835991	54.90979036408431
18800	21.018944185931744	55.01986362854357
18850	21.11566304147672	55.129936636004274
18900	21.212381806297596	55.240009388027495
18950	21.30910048167964	55.350081886164084
19000	21.405819068890974	55.460154131954916
19050	21.502537569182778	55.57022612693083
19100	21.599255983789472	55.68029787261264
19150	21.695974313929053	55.79036937051131
19200	21.79269256080321	55.90044062212783
19250	21.8894107255977	56.01051162895346
19300	21.986128809482413	56.12058239246957
19350	22.082846813611713	56.23065291414789
19400	22.179564739124583	56.340723195450366
19450	22.276282587144884	56.45079323782936
19500	22.37300035878155	56.56086304272757
19550	22.46971805512877	56.67093261157824
19600	22.566435677266238	56.78100194580505
19650	22.66315322625933	56.891071046822255
19700	22.759870703159322	57.001139916034724
19750	22.85658810900356	57.111208554837965
19800	22.953305444815662	57.22127696461816
19850	23.050022711605724	57.33134514675232
19900	23.146739910370467	57.44141310260817
19950	23.243457042093507	57.551480833544396
20000	23.34017410774544	57.6615483409105
20050	23.43689110824914	57.77161562613287
20100	23.533608044526833	57.8816826905987
20150	23.630324917511803	57.991749535628415
20200	23.72704172812496	58.10181616253357
20250	23.823758477275167	58.211882572616986
20300	23.920475165859298	58.32194876717271
20350	24.017191794762503	58.432014747485994
20400	24.113908364858275	58.54208051483361
20450	24.210624877008676	58.65214607048357
20500	24.307341332064443	58.76221141569544
20550	24.404057730865215	58.87227655172031
20600	24.50077407423954	58.98234147980072
20650	24.597490363005246	59.09240620117094
20700	24.69953739815419	59.18888612892757
20750	24.802917047905144	59.28196973781858
20800	24.906296609581574	59.375053179254245
20850	25.00967608416055	59.46813645397552
20900	25.113055472608725	59.561219562720815
20950	25.21643477588256	59.654302506226514
21000	25.31981399492842	59.747385285226656
21050	25.4231931306826	59.84046790045294
21100	25.52657218407152	59.9335503526348
21150	25.62995115601181	60.02663264249926
21200	25.733330047410416	60.11971477077103
21250	25.83670885916464	60.21279673817241
21300	25.94008759216237	60.305878545423326
21350	26.043466247282087	60.39896019324119
21400	26.146844825392968	60.49204168234109
21450	26.250223327355016	60.58512301343554
21500	26.353601754019184	60.67820418723468
21550	26.45698010622739	60.77128520444604
21600	26.560358384812705	60.86436606577482
21650	26.66373659059939	60.95744677192347
21700	26.767114724403	61.050527323592114
21750	26.870492787030525	61.14360772147822
21800	26.973870779280393	61.236687966276705
21850	27.07724870194262	61.32976805867991
21900	27.180626555798913	61.42284799937763
21950	27.28400434162277	61.51592778905705
22000	27.387382060179466	61.60900742840278
22050	27.490759712226254	61.70208691809671
22100	27.594137298512425	61.795166258818256
22150	27.69751481977935	61.88824545124407
22200	27.80089227676059	61.981324496048224
22250	27.904269670182032	62.074403393902244
22300	28.007647000761906	62.16748214547482
22350	28.11102426921082	62.26056075143212
22400	28.214401476232034	62.35363921243756
22450	28.31777862252129	62.44671752915194
22500	28.421155708767117	62.53979570223341
22550	28.52453273565072	62.63287373233733
22600	28.627909703846232	62.725951620116525
22650	28.73128661402064	62.819029366221024
22700	28.834663466833952	62.91210697129821
22750	28.938040262939257	63.005184435992746
22800	29.04141700298279	63.09826176094662
22850	29.144793687603954	63.19133894679918
22900	29.248170317435545	63.284415994186936
22950	29.35154689310362	63.37749290374379
23000	29.45492341522775	63.47056967610101
23050	29.55829988442096	63.563646311887005
23100	29.66167630128991	63.6567228117276
23150	29.765052666434816	63.74979917624586
23200	29.86842898044969	63.84287540606213
23250	29.971805243922297	63.93595150179415
23300	30.07518145743424	64.02902746405684
23350	30.17855762156105	64.12210329346256
23400	30.281933736872254	64.21517899062079
23450	30.385309803931374	64.3082545561385
23500	30.488685823296077	64.40132999061983
23550	30.592061795518195	64.49440529466627
23600	30.695437721143808	64.5874804688767
23650	30.798813600713263	64.68055551384715
23700	30.902189434761283	64.77363043017112
23750	31.005565223817015	64.86670521843942
23800	31.108940968404028	64.95977987923997
23850	31.212316669040522	65.05285441315836
23900	31.31569232623923	65.14592882077727
23950	31.419067940507535	65.2390031026767
24000	31.522443512347557	65.33207725943419
24050	31.625819042256165	65.4251512916244
24100	31.729194530725042	65.51822519981954
24150	31.83256997824078	65.611298984589
24200	31.93594538528491	65.70437264649964
24250	32.03932075233387	65.79744618611565
24300	32.142696079859235	65.8905196039986
24350	32.246071368327655	65.98359290070736
24400	32.34944661820085	66.0766660767983
24450	32.452821829935814	66.1697391328252
24500	32.556197003984764	66.26281206933903
24550	32.65957214079525	66.35588488688835
24600	32.76294724081011	66.44895758601909
24650	32.8663223044676	66.5420301672745
24700	32.96969733220148	66.63510263119541
24750	33.07307232444095	66.72817497831994
24800	33.17644728161074	66.82124720918367
24850	33.27982220413125	66.91431932431966
24900	33.38319709241843	67.00739132425846
24950	33.48657194688396	67.10046320952793
25000	33.58994676793525	67.1935349806535
25050	33.69332155597552	67.28660663815812
25100	33.79669631140371	67.379678182562
25150	33.90007103461474	67.47274961438316
25200	34.003445725999356	67.56582093413681
25250	34.10682038594431	67.65889214233584
25300	34.21019501483234	67.75196323949059
25350	34.313569613042155	67.84503422610892
25400	34.41694418094866	67.93810510269623
25450	34.520318718922816	68.03117586975542
25500	34.623693227331735	68.12424652778701
25550	34.727067706538776	68.217317077289
25600	34.83044215690348	68.31038751875695
25650	34.93381657878174	68.40345785268404
25700	35.03719097252573	68.49652807956097
25750	35.140565338484	68.5895981998761
25800	35.24393967700149	68.68266821411524
25850	35.34731398841959	68.77573812276204
25900	35.45068827307618	68.8688079262975
25950	35.55406253130557	68.96187762520037
26000	35.65743676343873	69.0549472199471
26050	35.76081096980314	69.14801671101164
26100	35.864185150722946	69.24108609886565
26150	35.96755930651895	69.33415538397851
26200	36.070933437508586	69.42722456681715
26250	36.17430754400609	69.52029364784622
26300	36.27768162632243	69.61336262752806
26350	36.381055684765364	69.70643150632277
26400	36.48442971963946	69.79950028468808
26450	36.58780373124618	69.89256896307936
26500	36.69117771988392	69.98563754194986
26550	36.794551685847885	70.0787060217505
26600	36.89792562943037	70.17177440292984
26650	37.00129955092058	70.2648426859344
26700	37.104673450604764	70.35791087120828
26750	37.20804732876624	70.45097895919338
26800	37.31142118568541	70.54404695032949
26850	37.41479502163977	70.63711484505399
26900	37.518168836903975	70.73018264380232
26950	37.621542631749875	70.82325034700746
27000	37.72491640644647	70.91631795510034
27050	37.82829016126007	71.00938546850982
27100	37.931663896454204	71.10245288766235
27150	38.03503761228967	71.19552021298243
27200	38.13841130902467	71.2885874448923
27250	38.24178498691464	71.38165458381214
27300	38.34515864621247	71.47472163015996
27350	38.44853228716847	71.56778858435169
27400	38.551905910030314	71.6608554468011
27450	38.65527951504316	71.75392221791988
27500	38.75865310244965	71.84698889811769
27550	38.86202667248998	71.94005548780206
27600	38.96540022540179	72.03312198737845
27650	39.06877376142034	72.12618839725026
27700	39.17214728077851	72.21925471781888
27750	39.27552078370668	72.31232094948362
27800	39.378894270432994	72.40538709264182
27850	39.482267741183165	72.49845314768868
27900	39.58564119618059	72.5915191150175
27950	39.68901463564649	72.68458499501959
28000	39.79238805979964	72.77765078808415
28050	39.89576146885677	72.87071649459854
28100	39.99913486303217	72.963782114948
28150	40.10250824253814	73.05684764951596
28200	40.20588160758467	73.14991309868381
28250	40.30925495837962	73.24297846283096
28300	40.41262829512878	73.33604374233505
28350	40.51600161803573	73.42910893757151
28400	40.6193749273021	73.52217404891415
28450	40.72274822312729	73.61523907673475
28500	40.826121505708805	73.70830402140315
28550	40.929494775242034	73.80136888328731
28600	41.03286803192038	73.89443366275344
28650	41.13624127593529	73.98749836016572
28700	41.23961450747623	74.08056297588654
28750	41.34298772673073	74.17362751027646
28800	41.446360933884435	74.26669196369416
28850	41.549734129120985	74.35975633649653
28900	41.65310731262225	74.45282062903854
28950	41.75648048456815	74.54588484167357
29000	41.85985364513686	74.63894897475289
29050	41.96322679450459	74.7320130286262
29100	42.06659993284591	74.82507700364137
29150	42.169973060333454	74.91814090014438
29200	42.27334617713817	75.0112047184796
29250	42.37671928342924	75.10426845898951
29300	42.480092379374085	75.19733212201497
29350	42.58346546513847	75.290395707895
29400	42.68683854088636	75.3834592169669
29450	42.79021160678015	75.47652264956628
29500	42.89358466298048	75.56958600602701
29550	42.99695770964645	75.66264928668129
29600	43.10033074693537	75.75571249185955
29650	43.20370377500309	75.84877562189061
29700	43.307076794003784	75.94183867710156
29750	43.41044980409008	76.0349016578179
29800	43.51382280541299	76.12796456436331
29850	43.61719579812206	76.22102739706
29900	43.72056878236519	76.31409015622837
29950	43.82394175828888	76.40715284218737
30000	43.92731472603802	76.50021545525414
