2.48E+02	8.49E-01	1.19E+00
2.53E+02	8.25E-01	1.22E+00
2.58E+02	7.97E-01	1.28E+00
2.63E+02	8.00E-01	1.40E+00
2.68E+02	8.75E-01	1.52E+00
2.74E+02	1.03E+00	1.61E+00
2.79E+02	1.24E+00	1.61E+00
2.85E+02	1.42E+00	1.50E+00
2.90E+02	1.54E+00	1.30E+00
2.96E+02	1.55E+00	1.06E+00
3.02E+02	1.46E+00	8.36E-01
3.08E+02	1.28E+00	6.62E-01
3.14E+02	1.04E+00	5.66E-01
3.20E+02	7.68E-01	5.65E-01
3.27E+02	5.22E-01	6.74E-01
3.33E+02	3.64E-01	8.47E-01
3.40E+02	2.80E-01	1.01E+00
3.46E+02	2.32E-01	1.16E+00
3.53E+02	2.02E-01	1.29E+00
3.60E+02	1.82E-01	1.40E+00
3.67E+02	1.67E-01	1.51E+00
3.75E+02	1.57E-01	1.60E+00
3.82E+02	1.50E-01	1.70E+00
3.90E+02	1.45E-01	1.79E+00
3.97E+02	1.41E-01	1.87E+00
4.05E+02	1.39E-01	1.96E+00
4.13E+02	1.37E-01	2.04E+00
4.22E+02	1.36E-01	2.12E+00
4.30E+02	1.36E-01	2.20E+00
4.39E+02	1.35E-01	2.28E+00
4.47E+02	1.35E-01	2.36E+00
4.56E+02	1.36E-01	2.43E+00
4.65E+02	1.36E-01	2.51E+00
4.74E+02	1.37E-01	2.59E+00
4.84E+02	1.38E-01	2.67E+00
4.93E+02	1.39E-01	2.75E+00
5.03E+02	1.40E-01	2.83E+00
5.13E+02	1.41E-01	2.90E+00
5.23E+02	1.42E-01	2.98E+00
5.34E+02	1.43E-01	3.07E+00
5.44E+02	1.44E-01	3.15E+00
5.55E+02	1.46E-01	3.23E+00
5.66E+02	1.47E-01	3.31E+00
5.77E+02	1.49E-01	3.40E+00
5.89E+02	1.50E-01	3.48E+00
6.01E+02	1.52E-01	3.57E+00
6.13E+02	1.54E-01	3.66E+00
6.25E+02	1.56E-01	3.75E+00
6.37E+02	1.57E-01	3.84E+00
6.50E+02	1.59E-01	3.93E+00
6.63E+02	1.61E-01	4.02E+00
6.76E+02	1.64E-01	4.11E+00
6.89E+02	1.66E-01	4.21E+00
7.03E+02	1.68E-01	4.31E+00
7.17E+02	1.71E-01	4.41E+00
7.31E+02	1.73E-01	4.51E+00
7.46E+02	1.76E-01	4.61E+00
7.60E+02	1.78E-01	4.71E+00
7.75E+02	1.81E-01	4.82E+00
7.91E+02	1.84E-01	4.93E+00
8.07E+02	1.87E-01	5.03E+00
8.23E+02	1.91E-01	5.15E+00
8.39E+02	1.94E-01	5.26E+00
8.56E+02	1.97E-01	5.37E+00
8.73E+02	2.01E-01	5.49E+00
8.90E+02	2.05E-01	5.61E+00
9.08E+02	2.09E-01	5.73E+00
9.26E+02	2.13E-01	5.85E+00
9.44E+02	2.17E-01	5.98E+00
9.63E+02	2.22E-01	6.11E+00
9.82E+02	2.26E-01	6.24E+00
1.00E+03	2.31E-01	6.37E+00
1.02E+03	2.36E-01	6.50E+00
1.04E+03	2.42E-01	6.64E+00
1.06E+03	2.47E-01	6.78E+00
1.08E+03	2.53E-01	6.92E+00
1.10E+03	2.59E-01	7.07E+00
1.13E+03	2.65E-01	7.22E+00
1.15E+03	2.71E-01	7.37E+00
1.17E+03	2.78E-01	7.52E+00
1.20E+03	2.85E-01	7.68E+00
1.22E+03	2.92E-01	7.84E+00
1.24E+03	3.00E-01	8.00E+00
1.27E+03	3.08E-01	8.17E+00
1.29E+03	3.16E-01	8.33E+00
1.32E+03	3.25E-01	8.51E+00
1.34E+03	3.34E-01	8.68E+00
1.37E+03	3.43E-01	8.86E+00
1.40E+03	3.52E-01	9.04E+00
1.43E+03	3.62E-01	9.23E+00
1.45E+03	3.73E-01	9.41E+00
1.48E+03	3.84E-01	9.61E+00
1.51E+03	3.95E-01	9.80E+00
1.54E+03	4.07E-01	1.00E+01
1.57E+03	4.19E-01	1.02E+01
1.61E+03	4.32E-01	1.04E+01
1.64E+03	4.45E-01	1.06E+01
1.67E+03	4.59E-01	1.08E+01
1.70E+03	4.73E-01	1.11E+01
1.74E+03	4.88E-01	1.13E+01
1.77E+03	5.04E-01	1.15E+01
1.81E+03	5.20E-01	1.17E+01
1.84E+03	5.36E-01	1.20E+01
1.88E+03	5.54E-01	1.22E+01
1.92E+03	5.72E-01	1.25E+01
1.95E+03	5.91E-01	1.27E+01
1.99E+03	6.11E-01	1.30E+01
2.03E+03	6.31E-01	1.32E+01
2.07E+03	6.52E-01	1.35E+01
2.11E+03	6.74E-01	1.38E+01
2.16E+03	6.97E-01	1.40E+01
2.20E+03	7.21E-01	1.43E+01
2.24E+03	7.46E-01	1.46E+01
2.29E+03	7.72E-01	1.49E+01
2.33E+03	7.99E-01	1.52E+01
2.38E+03	8.26E-01	1.55E+01
2.43E+03	8.55E-01	1.58E+01
2.47E+03	8.86E-01	1.61E+01
2.52E+03	9.17E-01	1.65E+01
2.57E+03	9.50E-01	1.68E+01
2.62E+03	9.84E-01	1.71E+01
2.68E+03	1.02E+00	1.75E+01
2.73E+03	1.06E+00	1.78E+01
2.78E+03	1.09E+00	1.82E+01
2.84E+03	1.13E+00	1.85E+01
2.89E+03	1.17E+00	1.89E+01
2.95E+03	1.22E+00	1.93E+01
3.01E+03	1.26E+00	1.96E+01
3.07E+03	1.31E+00	2.00E+01
3.13E+03	1.36E+00	2.04E+01
3.19E+03	1.41E+00	2.08E+01
3.26E+03	1.46E+00	2.12E+01
3.32E+03	1.51E+00	2.17E+01
3.39E+03	1.57E+00	2.21E+01
3.45E+03	1.63E+00	2.25E+01
3.52E+03	1.69E+00	2.30E+01
3.59E+03	1.75E+00	2.34E+01
3.66E+03	1.82E+00	2.39E+01
3.74E+03	1.88E+00	2.43E+01
3.81E+03	1.95E+00	2.48E+01
3.89E+03	2.03E+00	2.53E+01
3.96E+03	2.10E+00	2.58E+01
4.04E+03	2.18E+00	2.63E+01
4.12E+03	2.27E+00	2.68E+01
4.21E+03	2.35E+00	2.73E+01
4.29E+03	2.44E+00	2.79E+01
4.37E+03	2.53E+00	2.84E+01
4.46E+03	2.63E+00	2.90E+01
4.55E+03	2.73E+00	2.95E+01
4.64E+03	2.83E+00	3.01E+01
4.73E+03	2.94E+00	3.07E+01
4.83E+03	3.05E+00	3.13E+01
4.92E+03	3.17E+00	3.19E+01
5.02E+03	3.29E+00	3.25E+01
5.12E+03	3.41E+00	3.31E+01
5.22E+03	3.54E+00	3.38E+01
5.32E+03	3.67E+00	3.44E+01
5.43E+03	3.81E+00	3.51E+01
5.54E+03	3.96E+00	3.58E+01
5.65E+03	4.11E+00	3.65E+01
5.76E+03	4.27E+00	3.72E+01
5.87E+03	4.43E+00	3.79E+01
5.99E+03	4.60E+00	3.86E+01
6.11E+03	4.77E+00	3.93E+01
6.23E+03	4.95E+00	4.01E+01
6.35E+03	5.14E+00	4.08E+01
6.48E+03	5.33E+00	4.16E+01
6.61E+03	5.53E+00	4.24E+01
6.74E+03	5.74E+00	4.32E+01
6.87E+03	5.96E+00	4.40E+01
7.01E+03	6.19E+00	4.49E+01
7.15E+03	6.42E+00	4.57E+01
7.29E+03	6.66E+00	4.66E+01
7.44E+03	6.91E+00	4.74E+01
7.58E+03	7.17E+00	4.83E+01
7.74E+03	7.44E+00	4.92E+01
7.89E+03	7.72E+00	5.01E+01
8.05E+03	8.01E+00	5.11E+01
8.21E+03	8.30E+00	5.20E+01
8.37E+03	8.61E+00	5.30E+01
8.53E+03	8.93E+00	5.39E+01
8.70E+03	9.26E+00	5.49E+01
8.88E+03	9.61E+00	5.59E+01
9.05E+03	9.96E+00	5.69E+01
9.23E+03	1.03E+01	5.80E+01
9.42E+03	1.07E+01	5.90E+01
9.60E+03	1.11E+01	6.01E+01
9.79E+03	1.15E+01	6.12E+01
9.99E+03	1.19E+01	6.23E+01
1.02E+04	1.24E+01	6.34E+01
1.04E+04	1.28E+01	6.45E+01
1.06E+04	1.33E+01	6.56E+01
1.08E+04	1.37E+01	6.68E+01
1.10E+04	1.42E+01	6.80E+01
1.12E+04	1.47E+01	6.92E+01
1.15E+04	1.53E+01	7.04E+01
1.17E+04	1.58E+01	7.16E+01
1.19E+04	1.64E+01	7.28E+01
1.22E+04	1.69E+01	7.41E+01
1.24E+04	1.75E+01	7.53E+01
