280	1.644128008	2.8272E-06
285	1.640530621	2.8272E-06
290	1.637205416	2.8272E-06
295	1.634122168	2.8272E-06
300	1.631255149	2.8272E-06
305	1.628582295	2.8272E-06
310	1.626084548	2.8272E-06
315	1.623745344	2.8272E-06
320	1.621550202	2.8272E-06
325	1.619486398	2.8272E-06
330	1.617542693	2.8272E-06
335	1.615709121	2.6921E-06
340	1.613976805	2.0168E-06
345	1.612337809	1.3414E-06
350	1.610785013	6.6604E-07
355	1.609312009	5.1155E-07
360	1.607913011	3.5706E-07
365	1.60658278	2.0257E-07
370	1.60531656	1.3725E-07
375	1.604110021	1.0605E-07
380	1.602959215	7.4843E-08
385	1.601860531	5.8251E-08
390	1.60081066	4.1658E-08
395	1.599806564	3.3691E-08
400	1.598845449	2.5723E-08
405	1.59792474	2.2104E-08
410	1.597042061	2.0567E-08
415	1.596195213	1.9031E-08
420	1.595382163	1.7494E-08
425	1.594601023	1.7263E-08
430	1.59385004	1.7032E-08
435	1.593127585	1.6801E-08
440	1.59243214	1.6662E-08
445	1.59176229	1.6545E-08
450	1.591116715	1.6429E-08
455	1.590494181	1.6312E-08
460	1.589893533	1.6196E-08
465	1.58931369	1.5369E-08
470	1.588753638	1.4542E-08
475	1.588212426	1.3714E-08
480	1.587689161	1.2887E-08
485	1.587183002	1.2060E-08
490	1.586693159	1.1233E-08
495	1.586218888	1.0405E-08
500	1.585759487	9.5781E-09
505	1.585314294	9.2942E-09
510	1.584882683	9.0102E-09
515	1.584464065	8.7263E-09
520	1.584057881	8.4423E-09
525	1.583663603	8.1584E-09
530	1.58328073	7.8744E-09
535	1.582908788	7.5905E-09
540	1.582547329	7.3065E-09
545	1.582195925	7.0226E-09
550	1.581854173	7.0168E-09
555	1.581521687	7.0806E-09
560	1.581198102	7.1444E-09
565	1.580883071	7.2082E-09
570	1.580576263	7.2720E-09
575	1.580277363	7.3358E-09
580	1.579986071	7.3996E-09
585	1.579702102	7.7112E-09
590	1.579425183	8.0228E-09
595	1.579155054	8.3344E-09
600	1.578891467	8.6460E-09
605	1.578634184	8.9576E-09
610	1.57838298	9.2692E-09
615	1.578137638	9.5808E-09
620	1.57789795	9.8924E-09
625	1.57766372	9.9722E-09
630	1.577434757	1.0052E-08
635	1.57721088	1.0132E-08
640	1.576991916	1.0212E-08
645	1.576777697	1.0292E-08
650	1.576568064	1.0371E-08
655	1.576362864	1.0451E-08
660	1.576161951	1.0531E-08
665	1.575965182	1.0051E-08
670	1.575772423	9.5719E-09
675	1.575583544	9.0924E-09
680	1.57539842	8.6128E-09
685	1.575216931	8.1333E-09
690	1.575038961	7.6537E-09
695	1.5748644	7.1742E-09
700	1.57469314	6.6946E-09
705	1.574525079	6.8365E-09
710	1.574360119	6.9784E-09
715	1.574198163	7.1204E-09
720	1.574039121	7.2623E-09
725	1.573882903	7.4042E-09
730	1.573729424	7.5461E-09
735	1.573578603	7.6881E-09
740	1.573430361	7.8300E-09
745	1.573284619	7.9719E-09
750	1.573141306	8.1138E-09
755	1.57300035	8.2557E-09
760	1.572861682	8.3977E-09
765	1.572725236	8.5396E-09
770	1.572590947	8.6815E-09
775	1.572458755	8.8234E-09
780	1.572328598	8.9654E-09
785	1.572200419	9.1073E-09
790	1.572074163	9.2492E-09
795	1.571949775	9.3911E-09
800	1.571827202	9.5330E-09
805	1.571706395	9.6750E-09
810	1.571587304	9.8169E-09
815	1.571469882	9.9588E-09
820	1.571354083	1.0101E-08
825	1.571239862	1.0243E-08
830	1.571127176	1.0385E-08
835	1.571015984	1.0526E-08
840	1.570906245	1.0668E-08
845	1.57079792	1.0810E-08
850	1.570690971	1.0952E-08
855	1.570585361	1.1094E-08
860	1.570481055	1.1236E-08
865	1.570378017	1.1378E-08
870	1.570276214	1.1520E-08
875	1.570175614	1.1662E-08
880	1.570076184	1.1804E-08
885	1.569977894	1.1946E-08
890	1.569880715	1.2088E-08
895	1.569784616	1.2230E-08
900	1.56968957	1.2371E-08
905	1.56959555	1.2513E-08
910	1.569502529	1.2655E-08
915	1.569410481	1.2797E-08
920	1.569319381	1.2939E-08
925	1.569229204	1.3081E-08
930	1.569139927	1.3223E-08
935	1.569051527	1.3365E-08
940	1.568963982	1.3507E-08
945	1.568877268	1.3649E-08
950	1.568791366	1.3791E-08
955	1.568706254	1.3933E-08
960	1.568621913	1.4075E-08
965	1.568538322	1.4216E-08
970	1.568455463	1.4358E-08
975	1.568373316	1.4500E-08
980	1.568291865	1.4642E-08
985	1.568211091	1.4784E-08
990	1.568130977	1.4926E-08
995	1.568051507	1.5068E-08
1000	1.567972663	1.5210E-08
1005	1.567894431	1.5352E-08
1010	1.567816794	1.5494E-08
1015	1.567739738	1.5636E-08
1020	1.567663248	1.5778E-08
1025	1.56758731	1.5920E-08
1030	1.567511909	1.6061E-08
1035	1.567437031	1.6203E-08
1040	1.567362664	1.6345E-08
1045	1.567288795	1.6487E-08
1050	1.567215411	1.6629E-08
1055	1.567142499	1.6771E-08
1060	1.567070047	1.6913E-08
1065	1.566998044	1.7674E-08
1070	1.566926478	1.8435E-08
1075	1.566855337	1.9196E-08
1080	1.566784612	1.9958E-08
1085	1.566714291	2.0719E-08
1090	1.566644363	2.1480E-08
1095	1.566574818	2.2241E-08
1100	1.566505647	2.3002E-08
1105	1.56643684	2.3763E-08
1110	1.566368386	2.4524E-08
1115	1.566300277	2.5286E-08
1120	1.566232504	2.6047E-08
1125	1.566165058	2.6808E-08
1130	1.566097929	2.7569E-08
1135	1.56603111	2.8330E-08
1140	1.565964592	2.9091E-08
1145	1.565898367	2.9853E-08
1150	1.565832426	3.0614E-08
1155	1.565766763	3.1375E-08
1160	1.56570137	3.2136E-08
1165	1.565636238	3.2897E-08
1170	1.565571361	3.3658E-08
1175	1.565506732	3.4419E-08
1180	1.565442343	3.5181E-08
1185	1.565378188	3.5942E-08
1190	1.56531426	3.6703E-08
1195	1.565250552	3.7464E-08
1200	1.565187058	3.8225E-08
1205	1.565123772	3.8986E-08
1210	1.565060688	3.9747E-08
1215	1.564997799	4.0509E-08
1220	1.564935099	4.1270E-08
1225	1.564872583	4.2031E-08
1230	1.564810245	4.2792E-08
1235	1.56474808	4.3553E-08
1240	1.564686082	4.4314E-08
1245	1.564624245	4.5076E-08
1250	1.564562565	4.5837E-08
1255	1.564501036	4.6598E-08
1260	1.564439653	4.7359E-08
1265	1.564378411	4.8120E-08
1270	1.564317306	4.8881E-08
1275	1.564256333	4.9642E-08
1280	1.564195486	5.0404E-08
1285	1.564134762	5.1165E-08
1290	1.564074156	5.1926E-08
1295	1.564013664	5.2687E-08
1300	1.563953281	5.3448E-08
1305	1.563893003	5.4209E-08
1310	1.563832826	5.4970E-08
1315	1.563772745	5.5732E-08
1320	1.563712757	5.6493E-08
1325	1.563652858	5.7254E-08
1330	1.563593044	5.8015E-08
1335	1.563533312	5.8776E-08
1340	1.563473657	5.9537E-08
1345	1.563414075	6.0298E-08
1350	1.563354564	6.1060E-08
1355	1.56329512	6.1821E-08
1360	1.563235738	6.2582E-08
1365	1.563176417	6.3343E-08
1370	1.563117152	6.4104E-08
1375	1.563057941	6.4865E-08
1380	1.562998779	6.5627E-08
1385	1.562939665	6.6388E-08
1390	1.562880594	6.7149E-08
1395	1.562821563	6.7910E-08
1400	1.562762571	6.8671E-08
1405	1.562703613	6.9432E-08
1410	1.562644687	7.0193E-08
1415	1.56258579	7.0955E-08
1420	1.562526919	7.1716E-08
1425	1.562468072	7.2477E-08
1430	1.562409245	7.3238E-08
1435	1.562350437	7.3999E-08
1440	1.562291643	7.4760E-08
1445	1.562232863	7.5521E-08
1450	1.562174093	7.6283E-08
1455	1.56211533	7.7044E-08
1460	1.562056573	7.7805E-08
1465	1.561997819	7.8566E-08
1470	1.561939066	7.9327E-08
1475	1.56188031	8.0088E-08
1480	1.561821551	8.0850E-08
1485	1.561762785	8.1611E-08
1490	1.56170401	8.2372E-08
1495	1.561645225	8.3133E-08
1500	1.561586426	8.3894E-08
1505	1.561527613	8.4655E-08
1510	1.561468782	8.5416E-08
1515	1.561409932	8.6178E-08
1520	1.561351061	8.6939E-08
1525	1.561292167	8.7700E-08
1530	1.561233247	8.8461E-08
1535	1.5611743	9.4963E-08
1540	1.561115323	1.0147E-07
1545	1.561056316	1.0797E-07
1550	1.560997276	1.1447E-07
1555	1.560938201	1.2097E-07
1560	1.560879089	1.2748E-07
1565	1.56081994	1.3398E-07
1570	1.56076075	1.4048E-07
1575	1.560701518	1.4698E-07
1580	1.560642243	1.5349E-07
1585	1.560582923	1.5999E-07
1590	1.560523555	1.6649E-07
1595	1.56046414	1.7299E-07
1600	1.560404674	1.7950E-07
1605	1.560345157	1.8600E-07
1610	1.560285586	1.9250E-07
1615	1.560225961	1.9900E-07
1620	1.560166279	2.0551E-07
1625	1.560106539	2.1201E-07
1630	1.560046741	2.1851E-07
1635	1.559986881	2.2501E-07
1640	1.559926959	2.3152E-07
1645	1.559866974	2.3802E-07
1650	1.559806924	2.4452E-07
1655	1.559746807	2.5102E-07
1660	1.559686622	2.5753E-07
1665	1.559626368	2.6403E-07
1670	1.559566044	2.7053E-07
1675	1.559505648	2.7703E-07
1680	1.559445179	2.8354E-07
1685	1.559384636	2.9004E-07
1690	1.559324016	2.9654E-07
1695	1.55926332	3.0304E-07
1700	1.559202546	3.0955E-07
1705	1.559141693	3.1605E-07
1710	1.559080759	3.2255E-07
1715	1.559019743	3.2905E-07
1720	1.558958644	3.3556E-07
1725	1.558897461	3.4206E-07
1730	1.558836193	3.4856E-07
1735	1.558774839	3.5506E-07
1740	1.558713397	3.6157E-07
1745	1.558651866	3.6807E-07
1750	1.558590246	3.7457E-07
1755	1.558528535	3.8107E-07
1760	1.558466732	3.8758E-07
1765	1.558404836	3.9408E-07
1770	1.558342846	4.0058E-07
1775	1.558280761	4.0708E-07
1780	1.55821858	4.1359E-07
1785	1.558156302	4.2009E-07
1790	1.558093926	4.2659E-07
1795	1.558031451	4.3309E-07
1800	1.557968876	4.3960E-07
1805	1.5579062	4.4610E-07
1810	1.557843422	4.5260E-07
1815	1.557780541	4.5910E-07
1820	1.557717556	4.6561E-07
1825	1.557654466	4.7211E-07
1830	1.557591271	4.7861E-07
1835	1.557527969	4.8511E-07
1840	1.557464559	4.9162E-07
1845	1.557401041	4.9812E-07
1850	1.557337414	5.0462E-07
1855	1.557273677	5.1112E-07
1860	1.557209829	5.1763E-07
1865	1.557145868	5.2413E-07
1870	1.557081795	5.3063E-07
1875	1.557017609	5.3713E-07
1880	1.556953308	5.4364E-07
1885	1.556888891	5.5014E-07
1890	1.556824359	5.5664E-07
1895	1.55675971	5.6314E-07
1900	1.556694943	5.6965E-07
1905	1.556630058	5.7615E-07
1910	1.556565053	5.8265E-07
1915	1.556499929	5.8915E-07
1920	1.556434683	5.9566E-07
1925	1.556369316	6.0216E-07
1930	1.556303827	6.0866E-07
1935	1.556238214	6.1516E-07
1940	1.556172478	6.2167E-07
1945	1.556106617	6.2817E-07
1950	1.556040631	6.3467E-07
1955	1.555974519	6.4117E-07
1960	1.55590828	6.4768E-07
1965	1.555841913	6.5418E-07
1970	1.555775419	6.6068E-07
1975	1.555708795	6.8707E-07
1980	1.555642042	7.1347E-07
1985	1.555575158	7.3986E-07
1990	1.555508144	7.6626E-07
1995	1.555440998	7.9265E-07
2000	1.555373719	8.1905E-07
2005	1.555306308	8.4544E-07
2010	1.555238763	8.7184E-07
2015	1.555171083	8.9823E-07
2020	1.555103269	9.2463E-07
2025	1.555035318	9.5102E-07
2030	1.554967232	9.7742E-07
2035	1.554899008	1.0038E-06
2040	1.554830647	1.0302E-06
2045	1.554762148	1.0566E-06
2050	1.55469351	1.0830E-06
2055	1.554624732	1.1094E-06
2060	1.554555815	1.1358E-06
2065	1.554486756	1.1622E-06
2070	1.554417556	1.1886E-06
2075	1.554348215	1.2150E-06
2080	1.55427873	1.2414E-06
2085	1.554209103	1.2678E-06
2090	1.554139332	1.2942E-06
2095	1.554069416	1.3205E-06
2100	1.553999356	1.3469E-06
2105	1.55392915	1.3733E-06
2110	1.553858797	1.3997E-06
2115	1.553788299	1.4261E-06
2120	1.553717653	1.4525E-06
2125	1.553646859	1.4789E-06
2130	1.553575916	1.5053E-06
2135	1.553504825	1.5317E-06
2140	1.553433584	1.5581E-06
2145	1.553362193	1.5845E-06
2150	1.553290652	1.6109E-06
2155	1.553218959	1.6373E-06
2160	1.553147115	1.6637E-06
2165	1.553075118	1.6901E-06
2170	1.553002968	1.7165E-06
2175	1.552930665	1.7429E-06
2180	1.552858208	1.7693E-06
2185	1.552785596	1.7956E-06
2190	1.55271283	1.8220E-06
2195	1.552639908	1.8484E-06
2200	1.55256683	1.8748E-06
2205	1.552493595	1.9012E-06
2210	1.552420203	1.9276E-06
2215	1.552346654	1.9540E-06
2220	1.552272946	1.9804E-06
2225	1.55219908	2.0068E-06
2230	1.552125055	2.0332E-06
2235	1.552050869	2.0596E-06
2240	1.551976524	2.0860E-06
2245	1.551902018	2.1124E-06
2250	1.55182735	2.1388E-06
2255	1.551752521	2.1652E-06
2260	1.55167753	2.1916E-06
2265	1.551602376	2.2180E-06
2270	1.551527058	2.2444E-06
2275	1.551451577	2.2708E-06
2280	1.551375932	2.2971E-06
2285	1.551300122	2.3235E-06
2290	1.551224147	2.3499E-06
2295	1.551148006	2.3763E-06
2300	1.551071698	2.4027E-06
2305	1.550995225	2.4291E-06
2310	1.550918584	2.4555E-06
2315	1.550841775	2.4819E-06
2320	1.550764798	2.5083E-06
2325	1.550687653	2.5347E-06
2330	1.550610338	2.6024E-06
2335	1.550532854	2.6701E-06
2340	1.5504552	2.7377E-06
2345	1.550377375	2.8054E-06
2350	1.55029938	2.8731E-06
2355	1.550221213	2.9408E-06
2360	1.550142874	3.0085E-06
2365	1.550064362	3.0761E-06
2370	1.549985678	3.1438E-06
2375	1.54990682	3.2115E-06
2380	1.549827789	3.2792E-06
2385	1.549748583	3.3469E-06
2390	1.549669202	3.4145E-06
2395	1.549589647	3.4822E-06
2400	1.549509916	3.5499E-06
2405	1.549430008	3.6176E-06
2410	1.549349924	3.6853E-06
2415	1.549269663	3.7529E-06
2420	1.549189225	3.8206E-06
2425	1.549108608	3.8883E-06
2430	1.549027813	3.9560E-06
2435	1.54894684	4.0237E-06
2440	1.548865687	4.0913E-06
2445	1.548784354	4.1590E-06
2450	1.548702841	4.2267E-06
2455	1.548621147	4.2944E-06
2460	1.548539272	4.3621E-06
2465	1.548457216	4.4297E-06
2470	1.548374978	4.4974E-06
2475	1.548292557	4.5651E-06
2480	1.548209953	4.6328E-06
2485	1.548127166	4.7005E-06
2490	1.548044195	4.7681E-06
2495	1.54796104	4.8358E-06
2500	1.5478777	4.9035E-06
