280.0	1.555486044	5.6803E-6
285.0	1.553947186	5.6803E-6
290.0	1.552408328	5.6803E-6
295.0	1.55086947	5.6803E-6
300.0	1.549330612	5.6803E-6
305.0	1.547791754	5.6803E-6
310.0	1.546252896	5.6803E-6
315.0	1.544714038	3.9447E-6
320.0	1.54317518	2.2091E-6
325.0	1.541636322	1.65599E-6
330.0	1.540097464	1.10287E-6
335.0	1.538760318	6.29878E-7
340.0	1.537546801	4.77365E-7
345.0	1.536333284	3.24853E-7
350.0	1.535119768	1.7234E-7
355.0	1.533962756	1.43386E-7
360.0	1.532984674	1.14432E-7
365.0	1.532006593	8.5478E-8
370.0	1.531028512	7.1527E-8
375.0	1.530050431	6.1688E-8
380.0	1.529223319	5.1849E-8
385.0	1.528420783	4.46585E-8
390.0	1.527618247	3.7468E-8
395.0	1.526815712	3.47295E-8
400.0	1.526077525	3.1991E-8
405.0	1.525409052	3.2391E-8
410.0	1.524740578	3.2791E-8
415.0	1.524072104	3.3191E-8
420.0	1.523414071	3.3591E-8
425.0	1.522850016	3.39907E-8
430.0	1.522285961	3.43904E-8
435.0	1.521721906	3.47901E-8
440.0	1.52115785	3.519E-8
445.0	1.520653331	3.559E-8
450.0	1.520171965	3.599E-8
455.0	1.519690598	3.639E-8
460.0	1.519209232	3.679E-8
465.0	1.518750446	3.5685E-8
470.0	1.518335494	3.458E-8
475.0	1.517920541	3.3475E-8
480.0	1.517505589	3.237E-8
485.0	1.517090636	3.1265E-8
490.0	1.516727523	3.016E-8
495.0	1.516366569	2.9055E-8
500.0	1.516005616	2.795E-8
505.0	1.515644662	2.77541E-8
510.0	1.515309448	2.75583E-8
515.0	1.514992873	2.73624E-8
520.0	1.514676298	2.71665E-8
525.0	1.514359723	2.69707E-8
530.0	1.514050511	2.67748E-8
535.0	1.513770753	2.65789E-8
540.0	1.513490994	2.6383E-8
545.0	1.513211236	2.61872E-8
550.0	1.512931478	2.63395E-8
555.0	1.512676976	2.65789E-8
560.0	1.512428019	2.68184E-8
565.0	1.512179061	2.70578E-8
570.0	1.511930104	2.72972E-8
575.0	1.51169257	2.75366E-8
580.0	1.511469574	2.7776E-8
585.0	1.511246578	2.73954E-8
590.0	1.511023582	2.70148E-8
595.0	1.510801908	2.66341E-8
600.0	1.510600942	2.62535E-8
605.0	1.510399975	2.58729E-8
610.0	1.510199009	2.54923E-8
615.0	1.509998042	2.51116E-8
620.0	1.509809864	2.4731E-8
625.0	1.509627703	2.49304E-8
630.0	1.509445543	2.51297E-8
635.0	1.509263382	2.53291E-8
640.0	1.509086064	2.55285E-8
645.0	1.508920045	2.57279E-8
650.0	1.508754026	2.59272E-8
655.0	1.508588007	2.61266E-8
660.0	1.508421988	2.6326E-8
665.0	1.508268777	2.5826E-8
670.0	1.508116679	2.5326E-8
675.0	1.507964582	2.4826E-8
680.0	1.507812485	2.4326E-8
685.0	1.507666901	2.3826E-8
690.0	1.507526865	2.3326E-8
695.0	1.50738683	2.2826E-8
700.0	1.507246794	2.2326E-8
705.0	1.507108437	2.2721E-8
710.0	1.506978892	2.31159E-8
715.0	1.506849347	2.35109E-8
720.0	1.506719802	2.39059E-8
725.0	1.506590257	2.43009E-8
730.0	1.506467855	2.46958E-8
735.0	1.506347468	2.50908E-8
740.0	1.506227081	2.54858E-8
745.0	1.506106693	2.58807E-8
750.0	1.505989514	2.62757E-8
755.0	1.505877146	2.66707E-8
760.0	1.505764778	2.70657E-8
765.0	1.50565241	2.74606E-8
770.0	1.505540182	2.78556E-8
775.0	1.505434857	2.82506E-8
780.0	1.505329532	2.86456E-8
785.0	1.505224206	2.90405E-8
790.0	1.505118881	2.94355E-8
795.0	1.505017524	2.98305E-8
800.0	1.5049184	3.02254E-8
805.0	1.504819276	3.06204E-8
810.0	1.504720151	3.10154E-8
815.0	1.504622449	3.14104E-8
820.0	1.504528796	3.18053E-8
825.0	1.504435143	3.22003E-8
830.0	1.50434149	3.25953E-8
835.0	1.504247836	3.29902E-8
840.0	1.50415844	3.33852E-8
845.0	1.504069624	3.37802E-8
850.0	1.503980808	3.41752E-8
855.0	1.503891992	3.45701E-8
860.0	1.503805318	3.49651E-8
865.0	1.503720785	3.53601E-8
870.0	1.503636252	3.57551E-8
875.0	1.503551719	3.615E-8
880.0	1.503467642	3.6545E-8
885.0	1.503386907	3.694E-8
890.0	1.503306171	3.73349E-8
895.0	1.503225436	3.77299E-8
900.0	1.503144701	3.81249E-8
905.0	1.50306646	3.85199E-8
910.0	1.502989096	3.89148E-8
915.0	1.502911731	3.93098E-8
920.0	1.502834366	3.97048E-8
925.0	1.502758079	4.00997E-8
930.0	1.502683708	4.04947E-8
935.0	1.502609336	4.08897E-8
940.0	1.502534965	4.12847E-8
945.0	1.502460593	4.16796E-8
950.0	1.502388828	4.20746E-8
955.0	1.502317116	4.24696E-8
960.0	1.502245405	4.28646E-8
965.0	1.502173693	4.32595E-8
970.0	1.502103399	4.36545E-8
975.0	1.502034049	4.40495E-8
980.0	1.5019647	4.44444E-8
985.0	1.501895351	4.48394E-8
990.0	1.501826466	4.52344E-8
995.0	1.501759224	4.56294E-8
1000.0	1.501691983	4.60243E-8
1005.0	1.501624741	4.64193E-8
1010.0	1.501557499	4.68143E-8
1015.0	1.501491756	4.72092E-8
1020.0	1.501426388	4.76042E-8
1025.0	1.501361019	4.79992E-8
1030.0	1.501295651	4.83942E-8
1035.0	1.501230945	4.87891E-8
1040.0	1.501167232	4.91841E-8
1045.0	1.501103519	4.95791E-8
1050.0	1.501039807	4.99741E-8
1055.0	1.500976094	5.0369E-8
1060.0	1.500913845	5.0764E-8
1065.0	1.500851596	5.28408E-8
1070.0	1.500789347	5.49175E-8
1075.0	1.500727099	5.69943E-8
1080.0	1.500665609	5.90711E-8
1085.0	1.500604625	6.11478E-8
1090.0	1.50054364	6.32246E-8
1095.0	1.500482656	6.53014E-8
1100.0	1.500422118	6.73781E-8
1105.0	1.500362249	6.94549E-8
1110.0	1.50030238	7.15317E-8
1115.0	1.50024251	7.36084E-8
1120.0	1.500182641	7.56852E-8
1125.0	1.500123774	7.7762E-8
1130.0	1.500064906	7.98387E-8
1135.0	1.500006039	8.19155E-8
1140.0	1.499947171	8.39923E-8
1145.0	1.499888828	8.6069E-8
1150.0	1.499830833	8.81458E-8
1155.0	1.499772839	9.02226E-8
1160.0	1.499714845	9.22993E-8
1165.0	1.499657003	9.43761E-8
1170.0	1.499599766	9.64529E-8
1175.0	1.49954253	9.85296E-8
1180.0	1.499485293	1.00606E-7
1185.0	1.499428056	1.02683E-7
1190.0	1.499371341	1.0476E-7
1195.0	1.499314756	1.06837E-7
1200.0	1.49925817	1.08913E-7
1205.0	1.499201585	1.1099E-7
1210.0	1.499145222	1.13067E-7
1215.0	1.499089191	1.15144E-7
1220.0	1.499033161	1.17221E-7
1225.0	1.49897713	1.19297E-7
1230.0	1.4989211	1.21374E-7
1235.0	1.498865536	1.23451E-7
1240.0	1.498809972	1.25528E-7
1245.0	1.498754408	1.27604E-7
1250.0	1.498698845	1.29681E-7
1255.0	1.498643512	1.31758E-7
1260.0	1.498588334	1.33835E-7
1265.0	1.498533156	1.35911E-7
1270.0	1.498477978	1.37988E-7
1275.0	1.498422862	1.40065E-7
1280.0	1.498367995	1.42142E-7
1285.0	1.498313128	1.44218E-7
1290.0	1.498258261	1.46295E-7
1295.0	1.498203394	1.48372E-7
1300.0	1.498148718	1.50449E-7
1305.0	1.49809409	1.52526E-7
1310.0	1.498039462	1.54602E-7
1315.0	1.497984833	1.56679E-7
1320.0	1.497930312	1.58756E-7
1325.0	1.497875862	1.60833E-7
1330.0	1.497821411	1.62909E-7
1335.0	1.497766961	1.64986E-7
1340.0	1.497712536	1.67063E-7
1345.0	1.497658211	1.6914E-7
1350.0	1.497603886	1.71216E-7
1355.0	1.49754956	1.73293E-7
1360.0	1.497495235	1.7537E-7
1365.0	1.497440967	1.77447E-7
1370.0	1.497386712	1.79523E-7
1375.0	1.497332458	1.816E-7
1380.0	1.497278204	1.83677E-7
1385.0	1.497223958	1.85754E-7
1390.0	1.497169725	1.87831E-7
1395.0	1.497115491	1.89907E-7
1400.0	1.497061258	1.91984E-7
1405.0	1.497007025	1.94061E-7
1410.0	1.496952767	1.96138E-7
1415.0	1.496898509	1.98214E-7
1420.0	1.49684425	2.00291E-7
1425.0	1.496789992	2.02368E-7
1430.0	1.496735693	2.04445E-7
1435.0	1.496681367	2.06521E-7
1440.0	1.496627041	2.08598E-7
1445.0	1.496572715	2.10675E-7
1450.0	1.496518367	2.12752E-7
1455.0	1.496463933	2.14829E-7
1460.0	1.496409499	2.16905E-7
1465.0	1.496355065	2.18982E-7
1470.0	1.496300631	2.21059E-7
1475.0	1.49624608	2.23136E-7
1480.0	1.496191501	2.25212E-7
1485.0	1.496136921	2.27289E-7
1490.0	1.496082342	2.29366E-7
1495.0	1.49602769	2.31443E-7
1500.0	1.49597293	2.33519E-7
1505.0	1.495918171	2.35596E-7
1510.0	1.495863411	2.37673E-7
1515.0	1.495808651	2.3975E-7
1520.0	1.495753684	2.41826E-7
1525.0	1.495698717	2.43903E-7
1530.0	1.49564375	2.4598E-7
1535.0	1.495588782	2.85178E-7
1540.0	1.495533626	3.24376E-7
1545.0	1.495478422	3.63574E-7
1550.0	1.495423218	4.02772E-7
1555.0	1.495368014	4.4197E-7
1560.0	1.495312702	4.81168E-7
1565.0	1.495257227	5.20366E-7
1570.0	1.495201752	5.59564E-7
1575.0	1.495146277	5.98762E-7
1580.0	1.495090802	6.3796E-7
1585.0	1.49503503	6.77157E-7
1590.0	1.494979257	7.16355E-7
1595.0	1.494923485	7.55553E-7
1600.0	1.494867712	7.94751E-7
1605.0	1.494811745	8.33949E-7
1610.0	1.494755649	8.73147E-7
1615.0	1.494699553	9.12345E-7
1620.0	1.494643457	9.51543E-7
1625.0	1.494587291	9.90741E-7
1630.0	1.494530848	1.02994E-6
1635.0	1.494474405	1.06914E-6
1640.0	1.494417961	1.10833E-6
1645.0	1.494361518	1.14753E-6
1650.0	1.494304778	1.18673E-6
1655.0	1.494247965	1.22593E-6
1660.0	1.494191151	1.26513E-6
1665.0	1.494134338	1.30432E-6
1670.0	1.494077368	1.34352E-6
1675.0	1.494020163	1.38272E-6
1680.0	1.493962957	1.42192E-6
1685.0	1.493905752	1.46112E-6
1690.0	1.493848547	1.50031E-6
1695.0	1.49379093	1.53951E-6
1700.0	1.493733312	1.57871E-6
1705.0	1.493675695	1.61791E-6
1710.0	1.493618078	1.65711E-6
1715.0	1.493560202	1.6963E-6
1720.0	1.493502153	1.7355E-6
1725.0	1.493444105	1.7747E-6
1730.0	1.493386056	1.8139E-6
1735.0	1.493327919	1.8531E-6
1740.0	1.493269431	1.89229E-6
1745.0	1.493210943	1.93149E-6
1750.0	1.493152455	1.97069E-6
1755.0	1.493093967	2.00989E-6
1760.0	1.493035022	2.04909E-6
1765.0	1.492976078	2.08828E-6
1770.0	1.492917133	2.12748E-6
1775.0	1.492858189	2.16668E-6
1780.0	1.492798954	2.20588E-6
1785.0	1.492739526	2.24508E-6
1790.0	1.492680098	2.28427E-6
1795.0	1.49262067	2.32347E-6
1800.0	1.492561142	2.36267E-6
1805.0	1.492501215	2.40187E-6
1810.0	1.492441287	2.44107E-6
1815.0	1.492381359	2.48026E-6
1820.0	1.492321432	2.51946E-6
1825.0	1.492261092	2.55866E-6
1830.0	1.49220065	2.59786E-6
1835.0	1.492140207	2.63706E-6
1840.0	1.492079765	2.67625E-6
1845.0	1.49201911	2.71545E-6
1850.0	1.491958138	2.75465E-6
1855.0	1.491897165	2.79385E-6
1860.0	1.491836193	2.83304E-6
1865.0	1.49177522	2.87224E-6
1870.0	1.491713703	2.91144E-6
1875.0	1.491652187	2.95064E-6
1880.0	1.49159067	2.98984E-6
1885.0	1.491529154	3.02903E-6
1890.0	1.491467302	3.06823E-6
1895.0	1.491405228	3.10743E-6
1900.0	1.491343154	3.14663E-6
1905.0	1.491281079	3.18583E-6
1910.0	1.491218891	3.22502E-6
1915.0	1.491156246	3.26422E-6
1920.0	1.491093601	3.30342E-6
1925.0	1.491030955	3.34262E-6
1930.0	1.49096831	3.38182E-6
1935.0	1.490905198	3.42101E-6
1940.0	1.490841969	3.46021E-6
1945.0	1.49077874	3.49941E-6
1950.0	1.490715511	3.53861E-6
1955.0	1.49065205	3.57781E-6
1960.0	1.490588238	3.617E-6
1965.0	1.490524427	3.6562E-6
1970.0	1.490460616	3.6954E-6
1975.0	1.490396686	3.82397E-6
1980.0	1.490332281	3.95254E-6
1985.0	1.490267877	4.08112E-6
1990.0	1.490203472	4.20969E-6
1995.0	1.490139067	4.33826E-6
2000.0	1.490074167	4.46683E-6
2005.0	1.490009143	4.5954E-6
2010.0	1.489944119	4.72397E-6
2015.0	1.489879094	4.85255E-6
2020.0	1.489813818	4.98112E-6
2025.0	1.489748164	5.10969E-6
2030.0	1.48968251	5.23826E-6
2035.0	1.489616856	5.36683E-6
2040.0	1.489551202	5.49541E-6
2045.0	1.489484907	5.62398E-6
2050.0	1.489418611	5.75255E-6
2055.0	1.489352316	5.88112E-6
2060.0	1.48928602	6.00969E-6
2065.0	1.489219334	6.13826E-6
2070.0	1.489152386	6.26684E-6
2075.0	1.489085439	6.39541E-6
2080.0	1.489018492	6.52398E-6
2085.0	1.488951412	6.65255E-6
2090.0	1.488883802	6.78112E-6
2095.0	1.488816192	6.9097E-6
2100.0	1.488748583	7.03827E-6
2105.0	1.488680973	7.16684E-6
2110.0	1.488612825	7.29541E-6
2115.0	1.488544543	7.42398E-6
2120.0	1.48847626	7.55255E-6
2125.0	1.488407978	7.68113E-6
2130.0	1.488339422	7.8097E-6
2135.0	1.488270457	7.93827E-6
2140.0	1.488201492	8.06684E-6
2145.0	1.488132527	8.19541E-6
2150.0	1.488063562	8.32399E-6
2155.0	1.487993905	8.45256E-6
2160.0	1.487924247	8.58113E-6
2165.0	1.48785459	8.7097E-6
2170.0	1.487784932	8.83827E-6
2175.0	1.487714863	8.96685E-6
2180.0	1.487644519	9.09542E-6
2185.0	1.487574176	9.22399E-6
2190.0	1.487503832	9.35256E-6
2195.0	1.487433211	9.48113E-6
2200.0	1.487362172	9.6097E-6
2205.0	1.487291134	9.73828E-6
2210.0	1.487220095	9.86685E-6
2215.0	1.487149057	9.99542E-6
2220.0	1.487077298	1.0124E-5
2225.0	1.487005539	1.02526E-5
2230.0	1.48693378	1.03811E-5
2235.0	1.486862021	1.05097E-5
2240.0	1.486789824	1.06383E-5
2245.0	1.486717335	1.07669E-5
2250.0	1.486644846	1.08954E-5
2255.0	1.486572357	1.1024E-5
2260.0	1.486499721	1.11526E-5
2265.0	1.486426493	1.12811E-5
2270.0	1.486353266	1.14097E-5
2275.0	1.486280038	1.15383E-5
2280.0	1.486206811	1.16669E-5
2285.0	1.486132985	1.17954E-5
2290.0	1.48605901	1.1924E-5
2295.0	1.485985034	1.20526E-5
2300.0	1.485911059	1.21811E-5
2305.0	1.485836781	1.23097E-5
2310.0	1.485762049	1.24383E-5
2315.0	1.485687318	1.25669E-5
2320.0	1.485612586	1.26954E-5
2325.0	1.485537854	1.2824E-5
2330.0	1.485462357	1.30708E-5
2335.0	1.485386859	1.33176E-5
2340.0	1.485311362	1.35644E-5
2345.0	1.485235865	1.38112E-5
2350.0	1.485159903	1.4058E-5
2355.0	1.485083632	1.43048E-5
2360.0	1.48500736	1.45516E-5
2365.0	1.484931089	1.47984E-5
2370.0	1.484854661	1.50452E-5
2375.0	1.484777607	1.5292E-5
2380.0	1.484700553	1.55388E-5
2385.0	1.484623499	1.57856E-5
2390.0	1.484546445	1.60324E-5
2395.0	1.484468772	1.62792E-5
2400.0	1.484390944	1.6526E-5
2405.0	1.484313117	1.67728E-5
2410.0	1.484235289	1.70196E-5
2415.0	1.484156993	1.72664E-5
2420.0	1.484078383	1.75132E-5
2425.0	1.483999774	1.776E-5
2430.0	1.483921165	1.80068E-5
2435.0	1.483842395	1.82536E-5
2440.0	1.483762978	1.85004E-5
2445.0	1.483683561	1.87472E-5
2450.0	1.483604143	1.8994E-5
2455.0	1.483524726	1.92408E-5
2460.0	1.483444656	1.94876E-5
2465.0	1.483364422	1.97344E-5
2470.0	1.483284188	1.99812E-5
2475.0	1.483203954	2.0228E-5
2480.0	1.483123391	2.04748E-5
2485.0	1.483042332	2.07216E-5
2490.0	1.482961273	2.09684E-5
2495.0	1.482880215	2.12152E-5
2500.0	1.482799156	2.1462E-5
