280.0	1.854678182	4.1097E-6
285.0	1.847568606	4.1097E-6
290.0	1.841148929	4.1097E-6
295.0	1.835315502	4.1097E-6
300.0	1.829985791	4.1097E-6
305.0	1.825093057	4.1097E-6
310.0	1.820582612	4.1097E-6
315.0	1.816409102	4.1097E-6
320.0	1.812534512	4.1097E-6
325.0	1.808926677	4.1097E-6
330.0	1.805558145	4.1097E-6
335.0	1.802405309	4.1097E-6
340.0	1.799447721	4.1097E-6
345.0	1.796667564	4.1097E-6
350.0	1.794049217	4.1097E-6
355.0	1.791578915	3.19337E-6
360.0	1.789244469	2.27703E-6
365.0	1.787035036	1.3607E-6
370.0	1.784940934	9.9398E-7
375.0	1.782953481	7.76425E-7
380.0	1.781064865	5.5887E-7
385.0	1.779268037	4.4978E-7
390.0	1.777556611	3.4069E-7
395.0	1.775924793	2.8134E-7
400.0	1.774367303	2.2199E-7
405.0	1.772879326	1.8696E-7
410.0	1.771456454	1.64227E-7
415.0	1.770094647	1.41493E-7
420.0	1.768790192	1.1876E-7
425.0	1.767539671	1.08483E-7
430.0	1.766339933	9.82056E-8
435.0	1.765188064	8.79284E-8
440.0	1.764081368	8.1015E-8
445.0	1.763017347	7.49425E-8
450.0	1.761993679	6.887E-8
455.0	1.761008208	6.27975E-8
460.0	1.760058926	5.6725E-8
465.0	1.759143958	5.30455E-8
470.0	1.758261559	4.9366E-8
475.0	1.757410094	4.56865E-8
480.0	1.756588034	4.2007E-8
485.0	1.755793948	3.83275E-8
490.0	1.755026493	3.4648E-8
495.0	1.754284409	3.09685E-8
500.0	1.753566511	2.7289E-8
505.0	1.752871685	2.54597E-8
510.0	1.752198884	2.36303E-8
515.0	1.751547118	2.1801E-8
520.0	1.750915457	1.99716E-8
525.0	1.750303021	1.81423E-8
530.0	1.749708978	1.63129E-8
535.0	1.749132545	1.44836E-8
540.0	1.748572977	1.26542E-8
545.0	1.748029573	1.08249E-8
550.0	1.747501664	1.07543E-8
555.0	1.746988621	1.11234E-8
560.0	1.746489843	1.14925E-8
565.0	1.746004761	1.18616E-8
570.0	1.745532836	1.22308E-8
575.0	1.745073553	1.25999E-8
580.0	1.744626424	1.2969E-8
585.0	1.744190984	1.33294E-8
590.0	1.743766791	1.36897E-8
595.0	1.743353423	1.40501E-8
600.0	1.742950478	1.44105E-8
605.0	1.742557572	1.47709E-8
610.0	1.742174341	1.51312E-8
615.0	1.741800434	1.54916E-8
620.0	1.741435519	1.5852E-8
625.0	1.741079277	1.57153E-8
630.0	1.740731402	1.55785E-8
635.0	1.740391605	1.54418E-8
640.0	1.740059605	1.5305E-8
645.0	1.739735137	1.51683E-8
650.0	1.739417944	1.50315E-8
655.0	1.739107782	1.48948E-8
660.0	1.738804416	1.4758E-8
665.0	1.738507621	1.40296E-8
670.0	1.738217181	1.33011E-8
675.0	1.737932889	1.25727E-8
680.0	1.737654546	1.18443E-8
685.0	1.737381961	1.11158E-8
690.0	1.737114951	1.03874E-8
695.0	1.736853339	9.65894E-9
700.0	1.736596957	8.9305E-9
705.0	1.73634564	8.94726E-9
710.0	1.736099232	8.96401E-9
715.0	1.735857583	8.98077E-9
720.0	1.735620546	8.99753E-9
725.0	1.735387983	9.01428E-9
730.0	1.735159759	9.03104E-9
735.0	1.734935743	9.0478E-9
740.0	1.734715811	9.06456E-9
745.0	1.734499842	9.08131E-9
750.0	1.73428772	9.09807E-9
755.0	1.734079332	9.11483E-9
760.0	1.733874571	9.13158E-9
765.0	1.733673332	9.14834E-9
770.0	1.733475514	9.1651E-9
775.0	1.73328102	9.18185E-9
780.0	1.733089755	9.19861E-9
785.0	1.732901629	9.21537E-9
790.0	1.732716554	9.23212E-9
795.0	1.732534445	9.24888E-9
800.0	1.73235522	9.26564E-9
805.0	1.732178799	9.2824E-9
810.0	1.732005106	9.29915E-9
815.0	1.731834067	9.31591E-9
820.0	1.731665608	9.33267E-9
825.0	1.731499662	9.34942E-9
830.0	1.73133616	9.36618E-9
835.0	1.731175037	9.38294E-9
840.0	1.731016229	9.39969E-9
845.0	1.730859677	9.41645E-9
850.0	1.730705319	9.43321E-9
855.0	1.730553099	9.44997E-9
860.0	1.73040296	9.46672E-9
865.0	1.73025485	9.48348E-9
870.0	1.730108714	9.50024E-9
875.0	1.729964502	9.51699E-9
880.0	1.729822165	9.53375E-9
885.0	1.729681655	9.55051E-9
890.0	1.729542925	9.56726E-9
895.0	1.729405931	9.58402E-9
900.0	1.729270627	9.60078E-9
905.0	1.729136972	9.61753E-9
910.0	1.729004924	9.63429E-9
915.0	1.728874442	9.65105E-9
920.0	1.728745489	9.66781E-9
925.0	1.728618026	9.68456E-9
930.0	1.728492015	9.70132E-9
935.0	1.728367421	9.71808E-9
940.0	1.72824421	9.73483E-9
945.0	1.728122346	9.75159E-9
950.0	1.728001798	9.76835E-9
955.0	1.727882533	9.7851E-9
960.0	1.727764519	9.80186E-9
965.0	1.727647727	9.81862E-9
970.0	1.727532126	9.83537E-9
975.0	1.727417688	9.85213E-9
980.0	1.727304385	9.86889E-9
985.0	1.727192189	9.88565E-9
990.0	1.727081074	9.9024E-9
995.0	1.726971014	9.91916E-9
1000.0	1.726861984	9.93592E-9
1005.0	1.726753958	9.95267E-9
1010.0	1.726646913	9.96943E-9
1015.0	1.726540826	9.98619E-9
1020.0	1.726435674	1.00029E-8
1025.0	1.726331435	1.00197E-8
1030.0	1.726228086	1.00365E-8
1035.0	1.726125607	1.00532E-8
1040.0	1.726023977	1.007E-8
1045.0	1.725923177	1.00867E-8
1050.0	1.725823185	1.01035E-8
1055.0	1.725723984	1.01202E-8
1060.0	1.725625555	1.0137E-8
1065.0	1.725527879	1.05499E-8
1070.0	1.725430939	1.09627E-8
1075.0	1.725334717	1.13756E-8
1080.0	1.725239196	1.17885E-8
1085.0	1.72514436	1.22014E-8
1090.0	1.725050192	1.26142E-8
1095.0	1.724956677	1.30271E-8
1100.0	1.7248638	1.344E-8
1105.0	1.724771545	1.38529E-8
1110.0	1.724679897	1.42657E-8
1115.0	1.724588843	1.46786E-8
1120.0	1.724498367	1.50915E-8
1125.0	1.724408457	1.55043E-8
1130.0	1.724319099	1.59172E-8
1135.0	1.724230279	1.63301E-8
1140.0	1.724141986	1.6743E-8
1145.0	1.724054205	1.71558E-8
1150.0	1.723966926	1.75687E-8
1155.0	1.723880136	1.79816E-8
1160.0	1.723793823	1.83944E-8
1165.0	1.723707976	1.88073E-8
1170.0	1.723622584	1.92202E-8
1175.0	1.723537635	1.96331E-8
1180.0	1.723453118	2.00459E-8
1185.0	1.723369024	2.04588E-8
1190.0	1.723285342	2.08717E-8
1195.0	1.723202062	2.12846E-8
1200.0	1.723119174	2.16974E-8
1205.0	1.723036667	2.21103E-8
1210.0	1.722954534	2.25232E-8
1215.0	1.722872764	2.2936E-8
1220.0	1.722791348	2.33489E-8
1225.0	1.722710278	2.37618E-8
1230.0	1.722629545	2.41747E-8
1235.0	1.72254914	2.45875E-8
1240.0	1.722469054	2.50004E-8
1245.0	1.72238928	2.54133E-8
1250.0	1.72230981	2.58261E-8
1255.0	1.722230635	2.6239E-8
1260.0	1.722151749	2.66519E-8
1265.0	1.722073142	2.70648E-8
1270.0	1.721994809	2.74776E-8
1275.0	1.721916741	2.78905E-8
1280.0	1.721838932	2.83034E-8
1285.0	1.721761375	2.87163E-8
1290.0	1.721684062	2.91291E-8
1295.0	1.721606986	2.9542E-8
1300.0	1.721530143	2.99549E-8
1305.0	1.721453524	3.03677E-8
1310.0	1.721377123	3.07806E-8
1315.0	1.721300935	3.11935E-8
1320.0	1.721224953	3.16064E-8
1325.0	1.721149171	3.20192E-8
1330.0	1.721073583	3.24321E-8
1335.0	1.720998184	3.2845E-8
1340.0	1.720922967	3.32579E-8
1345.0	1.720847928	3.36707E-8
1350.0	1.72077306	3.40836E-8
1355.0	1.720698359	3.44965E-8
1360.0	1.720623818	3.49093E-8
1365.0	1.720549434	3.53222E-8
1370.0	1.7204752	3.57351E-8
1375.0	1.720401112	3.6148E-8
1380.0	1.720327165	3.65608E-8
1385.0	1.720253354	3.69737E-8
1390.0	1.720179674	3.73866E-8
1395.0	1.720106121	3.77994E-8
1400.0	1.72003269	3.82123E-8
1405.0	1.719959376	3.86252E-8
1410.0	1.719886176	3.90381E-8
1415.0	1.719813084	3.94509E-8
1420.0	1.719740097	3.98638E-8
1425.0	1.71966721	4.02767E-8
1430.0	1.71959442	4.06896E-8
1435.0	1.719521721	4.11024E-8
1440.0	1.719449111	4.15153E-8
1445.0	1.719376585	4.19282E-8
1450.0	1.719304139	4.2341E-8
1455.0	1.71923177	4.27539E-8
1460.0	1.719159474	4.31668E-8
1465.0	1.719087247	4.35797E-8
1470.0	1.719015086	4.39925E-8
1475.0	1.718942986	4.44054E-8
1480.0	1.718870945	4.48183E-8
1485.0	1.71879896	4.52311E-8
1490.0	1.718727026	4.5644E-8
1495.0	1.71865514	4.60569E-8
1500.0	1.718583299	4.64698E-8
1505.0	1.718511501	4.68826E-8
1510.0	1.718439741	4.72955E-8
1515.0	1.718368016	4.77084E-8
1520.0	1.718296324	4.81213E-8
1525.0	1.718224662	4.85341E-8
1530.0	1.718153026	4.8947E-8
1535.0	1.718081413	5.3562E-8
1540.0	1.718009822	5.81771E-8
1545.0	1.717938248	6.27921E-8
1550.0	1.717866689	6.74071E-8
1555.0	1.717795142	7.20222E-8
1560.0	1.717723605	7.66372E-8
1565.0	1.717652074	8.12522E-8
1570.0	1.717580548	8.58673E-8
1575.0	1.717509024	9.04823E-8
1580.0	1.717437498	9.50973E-8
1585.0	1.717365969	9.97124E-8
1590.0	1.717294434	1.04327E-7
1595.0	1.71722289	1.08942E-7
1600.0	1.717151336	1.13557E-7
1605.0	1.717079768	1.18173E-7
1610.0	1.717008185	1.22788E-7
1615.0	1.716936584	1.27403E-7
1620.0	1.716864962	1.32018E-7
1625.0	1.716793318	1.36633E-7
1630.0	1.716721649	1.41248E-7
1635.0	1.716649954	1.45863E-7
1640.0	1.716578229	1.50478E-7
1645.0	1.716506473	1.55093E-7
1650.0	1.716434684	1.59708E-7
1655.0	1.71636286	1.64323E-7
1660.0	1.716290998	1.68938E-7
1665.0	1.716219096	1.73553E-7
1670.0	1.716147153	1.78168E-7
1675.0	1.716075167	1.82783E-7
1680.0	1.716003135	1.87398E-7
1685.0	1.715931057	1.92013E-7
1690.0	1.715858929	1.96628E-7
1695.0	1.715786749	2.01243E-7
1700.0	1.715714518	2.05858E-7
1705.0	1.715642231	2.10473E-7
1710.0	1.715569888	2.15088E-7
1715.0	1.715497486	2.19703E-7
1720.0	1.715425025	2.24318E-7
1725.0	1.715352502	2.28933E-7
1730.0	1.715279915	2.33548E-7
1735.0	1.715207263	2.38163E-7
1740.0	1.715134545	2.42778E-7
1745.0	1.715061758	2.47393E-7
1750.0	1.714988901	2.52008E-7
1755.0	1.714915972	2.56624E-7
1760.0	1.71484297	2.61239E-7
1765.0	1.714769893	2.65854E-7
1770.0	1.714696739	2.70469E-7
1775.0	1.714623508	2.75084E-7
1780.0	1.714550197	2.79699E-7
1785.0	1.714476806	2.84314E-7
1790.0	1.714403332	2.88929E-7
1795.0	1.714329774	2.93544E-7
1800.0	1.71425613	2.98159E-7
1805.0	1.7141824	3.02774E-7
1810.0	1.714108582	3.07389E-7
1815.0	1.714034674	3.12004E-7
1820.0	1.713960675	3.16619E-7
1825.0	1.713886584	3.21234E-7
1830.0	1.713812399	3.25849E-7
1835.0	1.713738119	3.30464E-7
1840.0	1.713663743	3.35079E-7
1845.0	1.713589269	3.39694E-7
1850.0	1.713514697	3.44309E-7
1855.0	1.713440024	3.48924E-7
1860.0	1.713365249	3.53539E-7
1865.0	1.713290372	3.58154E-7
1870.0	1.713215391	3.62769E-7
1875.0	1.713140304	3.67384E-7
1880.0	1.713065111	3.71999E-7
1885.0	1.712989811	3.76614E-7
1890.0	1.712914401	3.81229E-7
1895.0	1.712838882	3.85844E-7
1900.0	1.712763251	3.9046E-7
1905.0	1.712687508	3.95075E-7
1910.0	1.712611652	3.9969E-7
1915.0	1.712535681	4.04305E-7
1920.0	1.712459594	4.0892E-7
1925.0	1.71238339	4.13535E-7
1930.0	1.712307068	4.1815E-7
1935.0	1.712230627	4.22765E-7
1940.0	1.712154067	4.2738E-7
1945.0	1.712077384	4.31995E-7
1950.0	1.71200058	4.3661E-7
1955.0	1.711923652	4.41225E-7
1960.0	1.7118466	4.4584E-7
1965.0	1.711769423	4.50455E-7
1970.0	1.711692119	4.5507E-7
1975.0	1.711614687	4.87338E-7
1980.0	1.711537127	5.19606E-7
1985.0	1.711459438	5.51874E-7
1990.0	1.711381618	5.84142E-7
1995.0	1.711303667	6.1641E-7
2000.0	1.711225583	6.48678E-7
2005.0	1.711147366	6.80946E-7
2010.0	1.711069015	7.13214E-7
2015.0	1.710990528	7.45482E-7
2020.0	1.710911905	7.7775E-7
2025.0	1.710833145	8.10018E-7
2030.0	1.710754247	8.42286E-7
2035.0	1.71067521	8.74554E-7
2040.0	1.710596033	9.06822E-7
2045.0	1.710516715	9.3909E-7
2050.0	1.710437255	9.71358E-7
2055.0	1.710357653	1.00363E-6
2060.0	1.710277907	1.03589E-6
2065.0	1.710198017	1.06816E-6
2070.0	1.710117982	1.10043E-6
2075.0	1.7100378	1.1327E-6
2080.0	1.709957472	1.16497E-6
2085.0	1.709876996	1.19723E-6
2090.0	1.709796371	1.2295E-6
2095.0	1.709715596	1.26177E-6
2100.0	1.709634672	1.29404E-6
2105.0	1.709553596	1.32631E-6
2110.0	1.709472368	1.35857E-6
2115.0	1.709390987	1.39084E-6
2120.0	1.709309452	1.42311E-6
2125.0	1.709227763	1.45538E-6
2130.0	1.709145919	1.48765E-6
2135.0	1.709063919	1.51991E-6
2140.0	1.708981762	1.55218E-6
2145.0	1.708899447	1.58445E-6
2150.0	1.708816974	1.61672E-6
2155.0	1.708734342	1.64899E-6
2160.0	1.70865155	1.68126E-6
2165.0	1.708568597	1.71352E-6
2170.0	1.708485482	1.74579E-6
2175.0	1.708402206	1.77806E-6
2180.0	1.708318766	1.81033E-6
2185.0	1.708235163	1.8426E-6
2190.0	1.708151395	1.87486E-6
2195.0	1.708067462	1.90713E-6
2200.0	1.707983363	1.9394E-6
2205.0	1.707899097	1.97167E-6
2210.0	1.707814663	2.00394E-6
2215.0	1.707730062	2.0362E-6
2220.0	1.707645292	2.06847E-6
2225.0	1.707560352	2.10074E-6
2230.0	1.707475241	2.13301E-6
2235.0	1.70738996	2.16528E-6
2240.0	1.707304507	2.19754E-6
2245.0	1.707218882	2.22981E-6
2250.0	1.707133083	2.26208E-6
2255.0	1.707047111	2.29435E-6
2260.0	1.706960964	2.32662E-6
2265.0	1.706874641	2.35888E-6
2270.0	1.706788143	2.39115E-6
2275.0	1.706701469	2.42342E-6
2280.0	1.706614617	2.45569E-6
2285.0	1.706527587	2.48796E-6
2290.0	1.706440378	2.52022E-6
2295.0	1.70635299	2.55249E-6
2300.0	1.706265422	2.58476E-6
2305.0	1.706177674	2.61703E-6
2310.0	1.706089744	2.6493E-6
2315.0	1.706001632	2.68156E-6
2320.0	1.705913338	2.71383E-6
2325.0	1.70582486	2.7461E-6
2330.0	1.705736198	2.87597E-6
2335.0	1.705647352	3.00584E-6
2340.0	1.705558321	3.13571E-6
2345.0	1.705469103	3.26559E-6
2350.0	1.705379699	3.39546E-6
2355.0	1.705290108	3.52533E-6
2360.0	1.70520033	3.6552E-6
2365.0	1.705110362	3.78507E-6
2370.0	1.705020206	3.91494E-6
2375.0	1.70492986	4.04481E-6
2380.0	1.704839323	4.17469E-6
2385.0	1.704748596	4.30456E-6
2390.0	1.704657677	4.43443E-6
2395.0	1.704566566	4.5643E-6
2400.0	1.704475261	4.69417E-6
2405.0	1.704383764	4.82404E-6
2410.0	1.704292072	4.95391E-6
2415.0	1.704200186	5.08379E-6
2420.0	1.704108104	5.21366E-6
2425.0	1.704015826	5.34353E-6
2430.0	1.703923352	5.4734E-6
2435.0	1.703830681	5.60327E-6
2440.0	1.703737812	5.73314E-6
2445.0	1.703644744	5.86301E-6
2450.0	1.703551477	5.99289E-6
2455.0	1.703458011	6.12276E-6
2460.0	1.703364345	6.25263E-6
2465.0	1.703270478	6.3825E-6
2470.0	1.703176409	6.51237E-6
2475.0	1.703082138	6.64224E-6
2480.0	1.702987665	6.77211E-6
2485.0	1.702892989	6.90199E-6
2490.0	1.702798108	7.03186E-6
2495.0	1.702703024	7.16173E-6
2500.0	1.702607734	7.2916E-6
