430.0	2.840760625	0.0
441.0	2.811483572	0.0
452.0	2.784553816	0.0
463.0	2.759802042	0.0
474.0	2.737068288	0.0
485.0	2.716201613	0.0
496.0	2.697059756	0.0
507.0	2.679508812	0.0
518.0	2.663422908	0.0
529.0	2.648683886	0.0
540.0	2.635180993	0.0
551.0	2.62281058	0.0
562.0	2.611475798	0.0
573.0	2.601086312	0.0
584.0	2.591558009	0.0
595.0	2.582812724	0.0
606.0	2.574777963	0.0
617.0	2.567386634	0.0
628.0	2.560576789	0.0
639.0	2.554291363	0.0
650.0	2.54847793	0.0
661.0	2.543088457	0.0
672.0	2.538079064	0.0
683.0	2.533409798	0.0
694.0	2.529044401	0.0
705.0	2.524950096	0.0
716.0	2.521097373	0.0
727.0	2.517459778	0.0
738.0	2.514013716	0.0
749.0	2.510738254	0.0
760.0	2.507614931	0.0
771.0	2.504627578	0.0
782.0	2.501762139	0.0
793.0	2.499006499	0.0
804.0	2.496350322	0.0
815.0	2.49378489	0.0
826.0	2.491302951	0.0
837.0	2.488898574	0.0
848.0	2.486567004	0.0
859.0	2.484304533	0.0
870.0	2.482108367	0.0
881.0	2.479976507	0.0
892.0	2.477907631	0.0
903.0	2.475900981	0.0
914.0	2.473956264	0.0
925.0	2.472073552	0.0
936.0	2.470253188	0.0
947.0	2.468495701	0.0
958.0	2.466801726	0.0
969.0	2.465171932	0.0
980.0	2.46360695	0.0
991.0	2.462107314	0.0
1002.0	2.460673407	0.0
1013.0	2.459305406	0.0
1024.0	2.458003243	0.0
1035.0	2.456766566	0.0
1046.0	2.455594706	0.0
1057.0	2.454486653	0.0
1068.0	2.453441038	0.0
1079.0	2.452456116	0.0
1090.0	2.451529762	0.0
1101.0	2.450659467	0.0
1112.0	2.449842345	0.0
1123.0	2.449075145	0.0
1134.0	2.448354262	0.0
1145.0	2.447675768	0.0
1156.0	2.447035434	0.0
1167.0	2.446428771	0.0
1178.0	2.445851067	0.0
1189.0	2.445297435	0.0
1200.0	2.444762867	0.0
1211.0	2.444242294	0.0
1222.0	2.443730652	0.0
1233.0	2.443222948	0.0
1244.0	2.442714345	0.0
1255.0	2.442200242	0.0
1266.0	2.441676362	0.0
1277.0	2.441138851	0.0
1288.0	2.440584377	0.0
1299.0	2.440010241	0.0
1310.0	2.439414488	0.0
1321.0	2.438796026	0.0
1332.0	2.438154757	0.0
1343.0	2.437491704	0.0
1354.0	2.436809151	0.0
1365.0	2.436110788	0.0
1376.0	2.43540186	0.0
1387.0	2.434689324	0.0
1398.0	2.43398201	0.0
1409.0	2.433290792	0.0
1420.0	2.432628759	0.0
1431.0	2.432011399	0.0
1442.0	2.431456783	0.0
1453.0	2.430985759	0.0
1464.0	2.430622149	0.0
1475.0	2.430392958	0.0
1486.0	2.430328579	0.0
1497.0	2.430463013	0.0
1508.0	2.430834094	0.0
1519.0	2.431483712	0.0
1530.0	2.432458054	0.0
1538.46	2.43346	1.0E-4
1539.41	2.4334	1.0E-4
1540.36	2.43334	1.0E-4
1541.31	2.43329	1.0E-4
1542.26	2.43323	1.0E-4
1543.21	2.43317	1.0E-4
1544.16	2.43312	1.0E-4
1545.12	2.43306	1.0E-4
1546.07	2.433	1.0E-4
1547.03	2.43295	1.0E-4
1547.99	2.43289	1.0E-4
1548.95	2.43283	1.0E-4
1549.91	2.43277	1.0E-4
1550.87	2.43272	1.0E-4
1551.83	2.43266	1.0E-4
1552.8	2.4326	1.0E-4
1553.76	2.43255	1.0E-4
1554.73	2.43249	1.0E-4
1555.69	2.43243	1.0E-4
1556.66	2.43238	1.0E-4
1557.63	2.43232	1.0E-4
1558.6	2.43226	1.0E-4
1559.58	2.43221	1.0E-4
1560.55	2.43215	1.0E-4
1561.52	2.43209	1.0E-4
1562.5	2.43204	1.0E-4
1563.48	2.43198	1.0E-4
1564.46	2.43192	1.0E-4
1565.44	2.43187	1.0E-4
1566.42	2.43181	1.0E-4
1567.4	2.43175	1.0E-4
1568.38	2.4317	1.0E-4
1569.37	2.43164	1.0E-4
1570.35	2.43158	1.0E-4
1571.34	2.43153	1.0E-4
1572.33	2.43147	1.0E-4
1573.32	2.43141	1.0E-4
1574.31	2.43136	1.0E-4
1575.3	2.4313	1.0E-4
1576.29	2.43124	1.0E-4
1577.29	2.43119	1.0E-4
1578.28	2.43113	1.0E-4
1579.28	2.43107	1.0E-4
1580.28	2.43102	1.0E-4
1581.28	2.43096	1.0E-4
1582.28	2.4309	1.0E-4
1583.28	2.43085	1.0E-4
1584.28	2.43079	1.0E-4
1585.29	2.43073	1.0E-4
1586.29	2.43068	1.0E-4
1587.3	2.43062	1.0E-4
1588.31	2.43056	1.0E-4
1589.32	2.43051	1.0E-4
1590.33	2.43045	1.0E-4
1591.34	2.43039	1.0E-4
1592.36	2.43034	1.0E-4
1593.37	2.43028	1.0E-4
1594.39	2.43022	1.0E-4
1595.41	2.43017	1.0E-4
1596.42	2.43011	1.0E-4
1597.44	2.43005	1.0E-4
1598.47	2.43	1.0E-4
1599.49	2.42994	1.0E-4
1600.51	2.42988	1.0E-4
1601.54	2.42983	1.0E-4
1602.56	2.42977	1.0E-4
1603.59	2.42971	1.0E-4
1604.62	2.42966	1.0E-4
1605.65	2.4296	1.0E-4
1606.68	2.42954	1.0E-4
1607.72	2.42949	1.0E-4
1608.75	2.42943	1.1E-4
1609.79	2.42937	1.1E-4
1610.82	2.42932	1.1E-4
1611.86	2.42926	1.1E-4
1612.9	2.4292	1.1E-4
1613.94	2.42915	1.1E-4
1614.99	2.42909	1.1E-4
1616.03	2.42903	1.1E-4
1617.08	2.42897	1.1E-4
1618.12	2.42892	1.1E-4
1619.17	2.42886	1.1E-4
1620.22	2.4288	1.1E-4
1621.27	2.42875	1.1E-4
1622.32	2.42869	1.1E-4
1623.38	2.42863	1.1E-4
1624.43	2.42858	1.1E-4
1625.49	2.42852	1.1E-4
1626.55	2.42846	1.1E-4
1627.6	2.42841	1.1E-4
1628.66	2.42835	1.1E-4
1629.73	2.42829	1.1E-4
1630.79	2.42824	1.1E-4
1631.85	2.42818	1.1E-4
1632.92	2.42812	1.1E-4
1633.99	2.42807	1.1E-4
1635.06	2.42801	1.1E-4
1636.13	2.42795	1.1E-4
1637.2	2.4279	1.1E-4
1638.27	2.42784	1.1E-4
1639.34	2.42778	1.1E-4
1640.42	2.42772	1.1E-4
1641.5	2.42767	1.1E-4
1642.58	2.42761	1.1E-4
1643.66	2.42755	1.1E-4
1644.74	2.4275	1.1E-4
1645.82	2.42744	1.1E-4
1646.9	2.42738	1.1E-4
1647.99	2.42733	1.1E-4
1649.08	2.42727	1.1E-4
1650.17	2.42721	1.1E-4
1651.25	2.42715	1.1E-4
1652.35	2.4271	1.1E-4
1653.44	2.42704	1.1E-4
1654.53	2.42698	1.1E-4
1655.63	2.42693	1.1E-4
1656.73	2.42687	1.1E-4
1657.82	2.42681	1.1E-4
1658.93	2.42675	1.1E-4
1660.03	2.4267	1.1E-4
1661.13	2.42664	1.1E-4
1662.23	2.42658	1.1E-4
1663.34	2.42653	1.1E-4
1664.45	2.42647	1.1E-4
1665.56	2.42641	1.1E-4
1666.67	2.42635	1.1E-4
1667.78	2.4263	1.1E-4
1668.89	2.42624	1.1E-4
1670.01	2.42618	1.1E-4
1671.12	2.42613	1.1E-4
1672.24	2.42607	1.1E-4
1673.36	2.42601	1.1E-4
1674.48	2.42595	1.1E-4
1675.6	2.4259	1.1E-4
1676.73	2.42584	1.1E-4
1677.85	2.42578	1.1E-4
1678.98	2.42572	1.1E-4
1680.11	2.42567	1.1E-4
1681.24	2.42561	1.1E-4
1682.37	2.42555	1.1E-4
1683.5	2.42549	1.1E-4
1684.64	2.42544	1.2E-4
1685.77	2.42538	1.2E-4
1686.91	2.42532	1.2E-4
1688.05	2.42526	1.2E-4
1689.19	2.42521	1.2E-4
1690.33	2.42515	1.2E-4
1691.47	2.42509	1.2E-4
1692.62	2.42503	1.2E-4
1693.77	2.42498	1.2E-4
1694.92	2.42492	1.2E-4
1696.07	2.42486	1.2E-4
1697.22	2.4248	1.2E-4
1698.37	2.42475	1.2E-4
1699.52	2.42469	1.2E-4
1700.68	2.42463	1.2E-4
1701.84	2.42457	1.2E-4
1703.0	2.42452	1.2E-4
1704.16	2.42446	1.2E-4
1705.32	2.4244	1.2E-4
1706.48	2.42434	1.2E-4
1707.65	2.42428	1.2E-4
1708.82	2.42423	1.2E-4
1709.99	2.42417	1.2E-4
1711.16	2.42411	1.2E-4
1712.33	2.42405	1.2E-4
1713.5	2.42399	1.2E-4
1714.68	2.42394	1.2E-4
1715.85	2.42388	1.2E-4
1717.03	2.42382	1.2E-4
1718.21	2.42376	1.2E-4
1719.39	2.4237	1.2E-4
1720.58	2.42365	1.2E-4
1721.76	2.42359	1.2E-4
1722.95	2.42353	1.2E-4
1724.14	2.42347	1.2E-4
1725.33	2.42341	1.2E-4
1726.52	2.42336	1.2E-4
1727.71	2.4233	1.2E-4
1728.91	2.42324	1.2E-4
1730.1	2.42318	1.2E-4
1731.3	2.42312	1.2E-4
1732.5	2.42306	1.2E-4
1733.7	2.42301	1.2E-4
1734.91	2.42295	1.2E-4
1736.11	2.42289	1.2E-4
1737.32	2.42283	1.2E-4
1738.53	2.42277	1.2E-4
1739.74	2.42271	1.2E-4
1740.95	2.42266	1.2E-4
1742.16	2.4226	1.2E-4
1743.38	2.42254	1.2E-4
1744.59	2.42248	1.2E-4
1745.81	2.42242	1.2E-4
1747.03	2.42236	1.2E-4
1748.25	2.4223	1.2E-4
1749.48	2.42224	1.2E-4
1750.7	2.42219	1.2E-4
1751.93	2.42213	1.2E-4
1753.16	2.42207	1.3E-4
1754.39	2.42201	1.3E-4
1755.62	2.42195	1.3E-4
1756.85	2.42189	1.3E-4
1758.09	2.42183	1.3E-4
1759.32	2.42177	1.3E-4
1760.56	2.42171	1.3E-4
1761.8	2.42166	1.3E-4
1763.05	2.4216	1.3E-4
1764.29	2.42154	1.3E-4
1765.54	2.42148	1.3E-4
1766.78	2.42142	1.3E-4
1768.03	2.42136	1.3E-4
1769.29	2.4213	1.3E-4
1770.54	2.42124	1.3E-4
1771.79	2.42118	1.3E-4
1773.05	2.42112	1.3E-4
1774.31	2.42106	1.3E-4
1775.57	2.421	1.3E-4
1776.83	2.42095	1.3E-4
1778.09	2.42089	1.3E-4
1779.36	2.42083	1.3E-4
1780.63	2.42077	1.3E-4
1781.9	2.42071	1.3E-4
1783.17	2.42065	1.3E-4
1784.44	2.42059	1.3E-4
1785.71	2.42053	1.3E-4
1786.99	2.42047	1.3E-4
1788.27	2.42041	1.3E-4
1789.55	2.42035	1.3E-4
1790.83	2.42029	1.3E-4
1792.11	2.42023	1.3E-4
1793.4	2.42017	1.3E-4
1794.69	2.42011	1.3E-4
1795.98	2.42005	1.3E-4
1797.27	2.41999	1.3E-4
1798.56	2.41993	1.3E-4
1799.86	2.41987	1.3E-4
1801.15	2.41981	1.3E-4
1802.45	2.41975	1.3E-4
1803.75	2.41969	1.3E-4
1805.05	2.41963	1.3E-4
1806.36	2.41957	1.3E-4
1807.66	2.41951	1.3E-4
1808.97	2.41945	1.3E-4
1810.28	2.41939	1.3E-4
1811.59	2.41933	1.3E-4
1812.91	2.41927	1.3E-4
1814.22	2.41921	1.4E-4
1815.54	2.41915	1.4E-4
1816.86	2.41908	1.4E-4
1818.18	2.41902	1.4E-4
1819.51	2.41896	1.4E-4
1820.83	2.4189	1.4E-4
1822.16	2.41884	1.4E-4
1823.49	2.41878	1.4E-4
1824.82	2.41872	1.4E-4
1826.15	2.41866	1.4E-4
1827.49	2.4186	1.4E-4
1828.82	2.41854	1.4E-4
1830.16	2.41848	1.4E-4
1831.5	2.41842	1.4E-4
1832.84	2.41835	1.4E-4
1834.19	2.41829	1.4E-4
1835.54	2.41823	1.4E-4
1836.88	2.41817	1.4E-4
1838.24	2.41811	1.4E-4
1839.59	2.41805	1.4E-4
1840.94	2.41799	1.4E-4
1842.3	2.41793	1.4E-4
1843.66	2.41786	1.4E-4
1845.02	2.4178	1.4E-4
1846.38	2.41774	1.4E-4
1847.75	2.41768	1.4E-4
1849.11	2.41762	1.4E-4
1850.48	2.41756	1.4E-4
1851.85	2.41749	1.4E-4
1853.22	2.41743	1.4E-4
1854.6	2.41737	1.4E-4
1855.98	2.41731	1.4E-4
1857.36	2.41725	1.4E-4
1858.74	2.41718	1.4E-4
1860.12	2.41712	1.4E-4
1861.5	2.41706	1.4E-4
1862.89	2.417	1.4E-4
1864.28	2.41694	1.4E-4
1865.67	2.41687	1.4E-4
1867.06	2.41681	1.4E-4
1868.46	2.41675	1.4E-4
1869.86	2.41669	1.4E-4
1871.26	2.41662	1.5E-4
1872.66	2.41656	1.5E-4
1874.06	2.4165	1.5E-4
1875.47	2.41644	1.5E-4
1876.88	2.41637	1.5E-4
1878.29	2.41631	1.5E-4
1879.7	2.41625	1.5E-4
1881.11	2.41618	1.5E-4
1882.53	2.41612	1.5E-4
1883.95	2.41606	1.5E-4
1885.37	2.416	1.5E-4
1886.79	2.41593	1.5E-4
1888.22	2.41587	1.5E-4
1889.64	2.41581	1.5E-4
1891.07	2.41574	1.5E-4
1892.51	2.41568	1.5E-4
1893.94	2.41562	1.5E-4
1895.38	2.41555	1.5E-4
1896.81	2.41549	1.5E-4
1898.25	2.41543	1.5E-4
1899.7	2.41536	1.5E-4
1901.14	2.4153	1.5E-4
1902.59	2.41523	1.5E-4
1904.04	2.41517	1.5E-4
1905.49	2.41511	1.5E-4
1906.94	2.41504	1.5E-4
1908.4	2.41498	1.5E-4
1909.85	2.41492	1.5E-4
1911.31	2.41485	1.5E-4
1912.78	2.41479	1.5E-4
1914.24	2.41472	1.5E-4
1915.71	2.41466	1.5E-4
1917.18	2.41459	1.5E-4
1918.65	2.41453	1.5E-4
1920.12	2.41447	1.5E-4
1921.6	2.4144	1.5E-4
1923.08	2.41434	1.5E-4
1924.56	2.41427	1.6E-4
1926.04	2.41421	1.6E-4
1927.53	2.41414	1.6E-4
1929.01	2.41408	1.6E-4
1930.5	2.41401	1.6E-4
1931.99	2.41395	1.6E-4
1933.49	2.41388	1.6E-4
1934.98	2.41382	1.6E-4
1936.48	2.41375	1.6E-4
1937.98	2.41369	1.6E-4
1939.49	2.41362	1.6E-4
1940.99	2.41356	1.6E-4
1942.5	2.41349	1.6E-4
1944.01	2.41342	1.6E-4
1945.53	2.41336	1.6E-4
1947.04	2.41329	1.6E-4
1948.56	2.41323	1.6E-4
1950.08	2.41316	1.6E-4
1951.6	2.4131	1.6E-4
1953.13	2.41303	1.6E-4
1954.65	2.41296	1.6E-4
1956.18	2.4129	1.6E-4
1957.71	2.41283	1.6E-4
1959.25	2.41277	1.6E-4
1960.78	2.4127	1.6E-4
1962.32	2.41263	1.6E-4
1963.86	2.41257	1.6E-4
1965.41	2.4125	1.6E-4
1966.96	2.41243	1.6E-4
1968.5	2.41237	1.6E-4
1970.06	2.4123	1.6E-4
1971.61	2.41223	1.6E-4
1973.16	2.41217	1.7E-4
1974.72	2.4121	1.7E-4
1976.28	2.41203	1.7E-4
1977.85	2.41197	1.7E-4
1979.41	2.4119	1.7E-4
1980.98	2.41183	1.7E-4
1982.55	2.41176	1.7E-4
1984.13	2.4117	1.7E-4
1985.7	2.41163	1.7E-4
1987.28	2.41156	1.7E-4
1988.86	2.41149	1.7E-4
1990.45	2.41143	1.7E-4
1992.03	2.41136	1.7E-4
1993.62	2.41129	1.7E-4
1995.21	2.41122	1.7E-4
1996.81	2.41115	1.7E-4
1998.4	2.41109	1.7E-4
2000.0	2.41102	1.7E-4
2001.6	2.41095	1.7E-4
2003.21	2.41088	1.7E-4
2004.81	2.41081	1.7E-4
2006.42	2.41074	1.7E-4
2008.03	2.41067	1.7E-4
2009.65	2.41061	1.7E-4
2011.26	2.41054	1.7E-4
2012.88	2.41047	1.7E-4
2014.5	2.4104	1.7E-4
2016.13	2.41033	1.7E-4
2017.76	2.41026	1.7E-4
2019.39	2.41019	1.7E-4
2021.02	2.41012	1.8E-4
2022.65	2.41005	1.8E-4
2024.29	2.40998	1.8E-4
2025.93	2.40991	1.8E-4
2027.58	2.40984	1.8E-4
2029.22	2.40977	1.8E-4
2030.87	2.4097	1.8E-4
2032.52	2.40963	1.8E-4
2034.17	2.40956	1.8E-4
2035.83	2.40949	1.8E-4
2037.49	2.40942	1.8E-4
2039.15	2.40935	1.8E-4
2040.82	2.40928	1.8E-4
2042.48	2.40921	1.8E-4
2044.15	2.40914	1.8E-4
2045.83	2.40907	1.8E-4
2047.5	2.409	1.8E-4
2049.18	2.40893	1.8E-4
2050.86	2.40886	1.8E-4
2052.55	2.40879	1.8E-4
2054.23	2.40872	1.8E-4
2055.92	2.40864	1.8E-4
2057.61	2.40857	1.8E-4
2059.31	2.4085	1.8E-4
2061.01	2.40843	1.8E-4
2062.71	2.40836	1.8E-4
2064.41	2.40829	1.9E-4
2066.12	2.40821	1.9E-4
2067.82	2.40814	1.9E-4
2069.54	2.40807	1.9E-4
2071.25	2.408	1.9E-4
2072.97	2.40793	1.9E-4
2074.69	2.40785	1.9E-4
2076.41	2.40778	1.9E-4
2078.14	2.40771	1.9E-4
2079.87	2.40764	1.9E-4
2081.6	2.40756	1.9E-4
2083.33	2.40749	1.9E-4
2085.07	2.40742	1.9E-4
2086.81	2.40734	1.9E-4
2088.55	2.40727	1.9E-4
2090.3	2.4072	1.9E-4
2092.05	2.40712	1.9E-4
2093.8	2.40705	1.9E-4
2095.56	2.40698	1.9E-4
2097.32	2.4069	1.9E-4
2099.08	2.40683	1.9E-4
2100.84	2.40676	1.9E-4
2102.61	2.40668	1.9E-4
2104.38	2.40661	1.9E-4
2106.15	2.40653	1.9E-4
2107.93	2.40646	2.0E-4
2109.7	2.40638	2.0E-4
2111.49	2.40631	2.0E-4
2113.27	2.40623	2.0E-4
2115.06	2.40616	2.0E-4
2116.85	2.40608	2.0E-4
2118.64	2.40601	2.0E-4
2120.44	2.40593	2.0E-4
2122.24	2.40586	2.0E-4
2124.04	2.40578	2.0E-4
2125.85	2.40571	2.0E-4
2127.66	2.40563	2.0E-4
2129.47	2.40556	2.0E-4
2131.29	2.40548	2.0E-4
2133.11	2.4054	2.0E-4
2134.93	2.40533	2.0E-4
2136.75	2.40525	2.0E-4
2138.58	2.40518	2.0E-4
2140.41	2.4051	2.0E-4
2142.25	2.40502	2.0E-4
2144.08	2.40495	2.0E-4
2145.92	2.40487	2.0E-4
2147.77	2.40479	2.1E-4
2149.61	2.40472	2.1E-4
2151.46	2.40464	2.1E-4
2153.32	2.40456	2.1E-4
2155.17	2.40448	2.1E-4
2157.03	2.40441	2.1E-4
2158.89	2.40433	2.1E-4
2160.76	2.40425	2.1E-4
2162.63	2.40417	2.1E-4
2164.5	2.40409	2.1E-4
2166.38	2.40402	2.1E-4
2168.26	2.40394	2.1E-4
2170.14	2.40386	2.1E-4
2172.02	2.40378	2.1E-4
2173.91	2.4037	2.1E-4
2175.81	2.40362	2.1E-4
2177.7	2.40354	2.1E-4
2179.6	2.40346	2.1E-4
2181.5	2.40339	2.1E-4
2183.41	2.40331	2.1E-4
2185.31	2.40323	2.1E-4
2187.23	2.40315	2.2E-4
2189.14	2.40307	2.2E-4
2191.06	2.40299	2.2E-4
2192.98	2.40291	2.2E-4
2194.91	2.40283	2.2E-4
2196.84	2.40275	2.2E-4
2198.77	2.40267	2.2E-4
2200.7	2.40259	2.2E-4
2202.64	2.4025	2.2E-4
2204.59	2.40242	2.2E-4
2206.53	2.40234	2.2E-4
2208.48	2.40226	2.2E-4
2210.43	2.40218	2.2E-4
2212.39	2.4021	2.2E-4
2214.35	2.40202	2.2E-4
2216.31	2.40194	2.2E-4
2218.28	2.40185	2.2E-4
2220.25	2.40177	2.2E-4
2222.22	2.40169	2.2E-4
2224.2	2.40161	2.3E-4
2226.18	2.40152	2.3E-4
2228.16	2.40144	2.3E-4
2230.15	2.40136	2.3E-4
2232.14	2.40128	2.3E-4
2234.14	2.40119	2.3E-4
2236.14	2.40111	2.3E-4
2238.14	2.40103	2.3E-4
2240.14	2.40094	2.3E-4
2242.15	2.40086	2.3E-4
2244.17	2.40077	2.3E-4
2246.18	2.40069	2.3E-4
2248.2	2.40061	2.3E-4
2250.23	2.40052	2.3E-4
2252.25	2.40044	2.3E-4
2254.28	2.40035	2.3E-4
2256.32	2.40027	2.3E-4
2258.36	2.40018	2.4E-4
2260.4	2.4001	2.4E-4
2262.44	2.40001	2.4E-4
2264.49	2.39993	2.4E-4
2266.55	2.39984	2.4E-4
2268.6	2.39976	2.4E-4
2270.66	2.39967	2.4E-4
2272.73	2.39958	2.4E-4
2274.8	2.3995	2.4E-4
2276.87	2.39941	2.4E-4
2278.94	2.39933	2.4E-4
2281.02	2.39924	2.4E-4
2283.11	2.39915	2.4E-4
2285.19	2.39907	2.4E-4
2287.28	2.39898	2.4E-4
2289.38	2.39889	2.4E-4
2291.48	2.3988	2.4E-4
2293.58	2.39872	2.5E-4
2295.68	2.39863	2.5E-4
2297.79	2.39854	2.5E-4
2299.91	2.39845	2.5E-4
2302.03	2.39836	2.5E-4
2304.15	2.39827	2.5E-4
2306.27	2.39819	2.5E-4
2308.4	2.3981	2.5E-4
2310.54	2.39801	2.5E-4
2312.67	2.39792	2.5E-4
2314.81	2.39783	2.5E-4
2316.96	2.39774	2.5E-4
2319.11	2.39765	2.5E-4
2321.26	2.39756	2.5E-4
2323.42	2.39747	2.5E-4
2325.58	2.39738	2.5E-4
2327.75	2.39729	2.6E-4
2329.92	2.3972	2.6E-4
2332.09	2.39711	2.6E-4
2334.27	2.39702	2.6E-4
2336.45	2.39692	2.6E-4
2338.63	2.39683	2.6E-4
2340.82	2.39674	2.6E-4
2343.02	2.39665	2.6E-4
2345.22	2.39656	2.6E-4
2347.42	2.39647	2.6E-4
2349.62	2.39637	2.6E-4
2351.83	2.39628	2.6E-4
2354.05	2.39619	2.6E-4
2356.27	2.39609	2.6E-4
2358.49	2.396	2.7E-4
2360.72	2.39591	2.7E-4
2362.95	2.39581	2.7E-4
2365.18	2.39572	2.7E-4
2367.42	2.39563	2.7E-4
2369.67	2.39553	2.7E-4
2371.92	2.39544	2.7E-4
2374.17	2.39534	2.7E-4
2376.43	2.39525	2.7E-4
2378.69	2.39515	2.7E-4
2380.95	2.39506	2.7E-4
2383.22	2.39496	2.7E-4
2385.5	2.39487	2.7E-4
2387.77	2.39477	2.7E-4
2390.06	2.39468	2.8E-4
2392.34	2.39458	2.8E-4
2394.64	2.39448	2.8E-4
2396.93	2.39439	2.8E-4
2399.23	2.39429	2.8E-4
2401.54	2.39419	2.8E-4
2403.85	2.3941	2.8E-4
2406.16	2.394	2.8E-4
2408.48	2.3939	2.8E-4
2410.8	2.3938	2.8E-4
2413.13	2.3937	2.8E-4
2415.46	2.39361	2.8E-4
2417.79	2.39351	2.8E-4
2420.14	2.39341	2.9E-4
2422.48	2.39331	2.9E-4
2424.83	2.39321	2.9E-4
2427.18	2.39311	2.9E-4
2429.54	2.39301	2.9E-4
2431.91	2.39291	2.9E-4
2434.27	2.39281	2.9E-4
2436.65	2.39271	2.9E-4
2439.02	2.39261	2.9E-4
2441.41	2.39251	2.9E-4
2443.79	2.39241	2.9E-4
2446.18	2.39231	2.9E-4
2448.58	2.39221	2.9E-4
2450.98	2.3921	3.0E-4
2453.39	2.392	3.0E-4
2455.8	2.3919	3.0E-4
2458.21	2.3918	3.0E-4
2460.63	2.3917	3.0E-4
2463.05	2.39159	3.0E-4
2465.48	2.39149	3.0E-4
2467.92	2.39139	3.0E-4
2470.36	2.39128	3.0E-4
2472.8	2.39118	3.0E-4
2475.25	2.39107	3.0E-4
2477.7	2.39097	3.0E-4
2480.16	2.39087	3.1E-4
2482.62	2.39076	3.1E-4
2485.09	2.39066	3.1E-4
2487.56	2.39055	3.1E-4
2490.04	2.39045	3.1E-4
2492.52	2.39034	3.1E-4
2495.01	2.39023	3.1E-4
2497.5	2.39013	3.1E-4
2500.0	2.39002	3.1E-4
2502.5	2.38991	3.1E-4
2505.01	2.38981	3.1E-4
2507.52	2.3897	3.2E-4
2510.04	2.38959	3.2E-4
2512.56	2.38948	3.2E-4
2515.09	2.38938	3.2E-4
2517.62	2.38927	3.2E-4
2520.16	2.38916	3.2E-4
2522.7	2.38905	3.2E-4
2525.25	2.38894	3.2E-4
2527.81	2.38883	3.2E-4
2530.36	2.38872	3.2E-4
2532.93	2.38861	3.2E-4
2535.5	2.3885	3.3E-4
2538.07	2.38839	3.3E-4
2540.65	2.38828	3.3E-4
2543.23	2.38817	3.3E-4
2545.82	2.38806	3.3E-4
2548.42	2.38795	3.3E-4
2551.02	2.38783	3.3E-4
2553.63	2.38772	3.3E-4
2556.24	2.38761	3.3E-4
2558.85	2.3875	3.3E-4
2561.48	2.38738	3.4E-4
2564.1	2.38727	3.4E-4
2566.74	2.38716	3.4E-4
2569.37	2.38704	3.4E-4
2572.02	2.38693	3.4E-4
2574.67	2.38681	3.4E-4
2577.32	2.3867	3.4E-4
2579.98	2.38658	3.4E-4
2582.64	2.38647	3.4E-4
2585.32	2.38635	3.4E-4
2587.99	2.38624	3.5E-4
2590.67	2.38612	3.5E-4
2593.36	2.386	3.5E-4
2596.05	2.38589	3.5E-4
2598.75	2.38577	3.5E-4
2601.46	2.38565	3.5E-4
2604.17	2.38554	3.5E-4
2606.88	2.38542	3.5E-4
2609.6	2.3853	3.5E-4
2612.33	2.38518	3.6E-4
2615.06	2.38506	3.6E-4
2617.8	2.38494	3.6E-4
2620.55	2.38482	3.6E-4
2623.29	2.3847	3.6E-4
2626.05	2.38458	3.6E-4
2628.81	2.38446	3.6E-4
2631.58	2.38434	3.6E-4
2634.35	2.38422	3.6E-4
2637.13	2.3841	3.7E-4
2639.92	2.38398	3.7E-4
2642.71	2.38385	3.7E-4
2645.5	2.38373	3.7E-4
2648.31	2.38361	3.7E-4
2651.11	2.38348	3.7E-4
2653.93	2.38336	3.7E-4
2656.75	2.38324	3.7E-4
2659.57	2.38311	3.7E-4
2662.41	2.38299	3.8E-4
2665.25	2.38286	3.8E-4
2668.09	2.38274	3.8E-4
2670.94	2.38261	3.8E-4
2673.8	2.38249	3.8E-4
2676.66	2.38236	3.8E-4
2679.53	2.38223	3.8E-4
2682.4	2.38211	3.8E-4
2685.28	2.38198	3.9E-4
2688.17	2.38185	3.9E-4
2691.07	2.38172	3.9E-4
2693.97	2.3816	3.9E-4
2696.87	2.38147	3.9E-4
2699.78	2.38134	3.9E-4
2702.7	2.38121	3.9E-4
2705.63	2.38108	3.9E-4
2708.56	2.38095	4.0E-4
2711.5	2.38082	4.0E-4
2714.44	2.38069	4.0E-4
2717.39	2.38056	4.0E-4
2720.35	2.38042	4.0E-4
2723.31	2.38029	4.0E-4
2726.28	2.38016	4.0E-4
2729.26	2.38003	4.0E-4
2732.24	2.37989	4.1E-4
2735.23	2.37976	4.1E-4
2738.23	2.37963	4.1E-4
2741.23	2.37949	4.1E-4
2744.24	2.37936	4.1E-4
2747.25	2.37922	4.1E-4
2750.28	2.37909	4.1E-4
2753.3	2.37895	4.2E-4
2756.34	2.37882	4.2E-4
2759.38	2.37868	4.2E-4
2762.43	2.37854	4.2E-4
2765.49	2.3784	4.2E-4
2768.55	2.37827	4.2E-4
2771.62	2.37813	4.2E-4
2774.69	2.37799	4.3E-4
2777.78	2.37785	4.3E-4
2780.87	2.37771	4.3E-4
2783.96	2.37757	4.3E-4
2787.07	2.37743	4.3E-4
2790.18	2.37729	4.3E-4
2793.3	2.37715	4.3E-4
2796.42	2.37701	4.4E-4
2799.55	2.37687	4.4E-4
2802.69	2.37672	4.4E-4
2805.84	2.37658	4.4E-4
2808.99	2.37644	4.4E-4
2812.15	2.37629	4.4E-4
2815.32	2.37615	4.4E-4
2818.49	2.376	4.5E-4
2821.67	2.37586	4.5E-4
2824.86	2.37571	4.5E-4
2828.05	2.37557	4.5E-4
2831.26	2.37542	4.5E-4
2834.47	2.37528	4.5E-4
2837.68	2.37513	4.6E-4
2840.91	2.37498	4.6E-4
2844.14	2.37483	4.6E-4
2847.38	2.37468	4.6E-4
2850.63	2.37454	4.6E-4
2853.88	2.37439	4.6E-4
2857.14	2.37424	4.7E-4
2860.41	2.37409	4.7E-4
2863.69	2.37393	4.7E-4
2866.97	2.37378	4.7E-4
2870.26	2.37363	4.7E-4
2873.56	2.37348	4.7E-4
2876.87	2.37333	4.8E-4
2880.18	2.37317	4.8E-4
2883.51	2.37302	4.8E-4
2886.84	2.37287	4.8E-4
2890.17	2.37271	4.8E-4
2893.52	2.37256	4.8E-4
2896.87	2.3724	4.9E-4
2900.23	2.37224	4.9E-4
2903.6	2.37209	4.9E-4
2906.98	2.37193	4.9E-4
2910.36	2.37177	4.9E-4
2913.75	2.37161	4.9E-4
2917.15	2.37146	5.0E-4
2920.56	2.3713	5.0E-4
2923.98	2.37114	5.0E-4
2927.4	2.37098	5.0E-4
2930.83	2.37082	5.0E-4
2934.27	2.37065	5.0E-4
2937.72	2.37049	5.1E-4
2941.18	2.37033	5.1E-4
2944.64	2.37017	5.1E-4
2948.11	2.37	5.1E-4
2951.59	2.36984	5.1E-4
2955.08	2.36968	5.2E-4
2958.58	2.36951	5.2E-4
2962.09	2.36935	5.2E-4
2965.6	2.36918	5.2E-4
2969.12	2.36901	5.2E-4
2972.65	2.36885	5.3E-4
2976.19	2.36868	5.3E-4
2979.74	2.36851	5.3E-4
2983.29	2.36834	5.3E-4
2986.86	2.36817	5.3E-4
2990.43	2.368	5.4E-4
2994.01	2.36783	5.4E-4
2997.6	2.36766	5.4E-4
3001.2	2.36749	5.4E-4
3004.81	2.36732	5.4E-4
3008.42	2.36715	5.5E-4
3012.05	2.36697	5.5E-4
3015.68	2.3668	5.5E-4
3019.32	2.36662	5.5E-4
3022.97	2.36645	5.5E-4
3026.63	2.36627	5.6E-4
3030.3	2.3661	5.6E-4
3033.98	2.36592	5.6E-4
3037.67	2.36574	5.6E-4
3041.36	2.36556	5.6E-4
3045.07	2.36539	5.7E-4
3048.78	2.36521	5.7E-4
3052.5	2.36503	5.7E-4
3056.23	2.36485	5.7E-4
3059.98	2.36467	5.8E-4
3063.73	2.36448	5.8E-4
3067.48	2.3643	5.8E-4
3071.25	2.36412	5.8E-4
3075.03	2.36393	5.8E-4
3078.82	2.36375	5.9E-4
3082.61	2.36357	5.9E-4
3086.42	2.36338	5.9E-4
3090.23	2.36319	5.9E-4
3094.06	2.36301	6.0E-4
3097.89	2.36282	6.0E-4
3101.74	2.36263	6.0E-4
3105.59	2.36244	6.0E-4
3109.45	2.36225	6.1E-4
3113.33	2.36206	6.1E-4
3117.21	2.36187	6.1E-4
3121.1	2.36168	6.1E-4
3125.0	2.36149	6.1E-4
3128.91	2.36129	6.2E-4
3132.83	2.3611	6.2E-4
3136.76	2.36091	6.2E-4
3140.7	2.36071	6.2E-4
3144.65	2.36052	6.3E-4
3148.61	2.36032	6.3E-4
3152.59	2.36012	6.3E-4
3156.57	2.35993	6.3E-4
3160.56	2.35973	6.4E-4
3164.56	2.35953	6.4E-4
3168.57	2.35933	6.4E-4
3172.59	2.35913	6.4E-4
3176.62	2.35893	6.5E-4
3180.66	2.35872	6.5E-4
3184.71	2.35852	6.5E-4
3188.78	2.35832	6.6E-4
3192.85	2.35811	6.6E-4
3196.93	2.35791	6.6E-4
3201.02	2.3577	6.6E-4
3205.13	2.35749	6.7E-4
3209.24	2.35729	6.7E-4
3213.37	2.35708	6.7E-4
3217.5	2.35687	6.7E-4
3221.65	2.35666	6.8E-4
3225.81	2.35645	6.8E-4
3229.97	2.35624	6.8E-4
3234.15	2.35603	6.9E-4
3238.34	2.35581	6.9E-4
3242.54	2.3556	6.9E-4
3246.75	2.35539	6.9E-4
3250.98	2.35517	7.0E-4
3255.21	2.35495	7.0E-4
3259.45	2.35474	7.0E-4
3263.71	2.35452	7.1E-4
3267.97	2.3543	7.1E-4
3272.25	2.35408	7.1E-4
3276.54	2.35386	7.2E-4
3280.84	2.35364	7.2E-4
3285.15	2.35342	7.2E-4
3289.47	2.3532	7.2E-4
3293.81	2.35297	7.3E-4
3298.15	2.35275	7.3E-4
3302.51	2.35252	7.3E-4
3306.88	2.3523	7.4E-4
3311.26	2.35207	7.4E-4
3315.65	2.35184	7.4E-4
3320.05	2.35161	7.5E-4
3324.47	2.35138	7.5E-4
3328.89	2.35115	7.5E-4
3333.33	2.35092	7.6E-4
3337.78	2.35069	7.6E-4
3342.25	2.35045	7.6E-4
3346.72	2.35022	7.7E-4
3351.21	2.34998	7.7E-4
3355.7	2.34975	7.7E-4
3360.22	2.34951	7.8E-4
3364.74	2.34927	7.8E-4
3369.27	2.34903	7.8E-4
3373.82	2.34879	7.9E-4
3378.38	2.34855	7.9E-4
3382.95	2.34831	7.9E-4
3387.53	2.34807	8.0E-4
3392.13	2.34783	8.0E-4
3396.74	2.34758	8.0E-4
3401.36	2.34734	8.1E-4
3405.99	2.34709	8.1E-4
3410.64	2.34684	8.2E-4
3415.3	2.34659	8.2E-4
3419.97	2.34634	8.2E-4
3424.66	2.34609	8.3E-4
3429.36	2.34584	8.3E-4
3434.07	2.34559	8.3E-4
3438.79	2.34533	8.4E-4
3443.53	2.34508	8.4E-4
3448.28	2.34482	8.5E-4
3453.04	2.34457	8.5E-4
3457.81	2.34431	8.5E-4
3462.6	2.34405	8.6E-4
3467.41	2.34379	8.6E-4
3472.22	2.34353	8.6E-4
3477.05	2.34327	8.7E-4
3481.89	2.343	8.7E-4
3486.75	2.34274	8.8E-4
3491.62	2.34247	8.8E-4
3496.5	2.34221	8.8E-4
3501.4	2.34194	8.9E-4
3506.31	2.34167	8.9E-4
3511.24	2.3414	9.0E-4
3516.17	2.34113	9.0E-4
3521.13	2.34086	9.1E-4
3526.09	2.34058	9.1E-4
3531.07	2.34031	9.1E-4
3536.07	2.34003	9.2E-4
3541.08	2.33975	9.2E-4
3546.1	2.33948	9.3E-4
3551.14	2.3392	9.3E-4
3556.19	2.33892	9.4E-4
3561.25	2.33863	9.4E-4
3566.33	2.33835	9.4E-4
3571.43	2.33807	9.5E-4
3576.54	2.33778	9.5E-4
3581.66	2.3375	9.6E-4
3586.8	2.33721	9.6E-4
3591.95	2.33692	9.7E-4
3597.12	2.33663	9.7E-4
3602.31	2.33634	9.8E-4
3607.5	2.33604	9.8E-4
3612.72	2.33575	9.9E-4
3617.95	2.33546	9.9E-4
3623.19	2.33516	0.0010
3628.45	2.33486	0.0010
3633.72	2.33456	0.00101
3639.01	2.33426	0.00101
3644.31	2.33396	0.00102
3649.64	2.33366	0.00102
3654.97	2.33335	0.00103
3660.32	2.33304	0.00103
3665.69	2.33274	0.00104
3671.07	2.33243	0.00104
3676.47	2.33212	0.00105
3681.89	2.33181	0.00105
3687.32	2.33149	0.00106
3692.76	2.33118	0.00106
3698.22	2.33086	0.00107
3703.7	2.33055	0.00107
3709.2	2.33023	0.00108
3714.71	2.32991	0.00108
3720.24	2.32959	0.00109
3725.78	2.32926	0.0011
3731.34	2.32894	0.0011
3736.92	2.32861	0.00111
3742.51	2.32829	0.00111
3748.13	2.32796	0.00112
3753.75	2.32763	0.00112
3759.4	2.3273	0.00113
3765.06	2.32696	0.00114
3770.74	2.32663	0.00114
3776.44	2.32629	0.00115
3782.15	2.32595	0.00115
3787.88	2.32561	0.00116
3793.63	2.32527	0.00117
3799.39	2.32493	0.00117
3805.18	2.32459	0.00118
3810.98	2.32424	0.00118
3816.79	2.32389	0.00119
3822.63	2.32354	0.0012
3828.48	2.32319	0.0012
3834.36	2.32284	0.00121
3840.25	2.32249	0.00122
3846.15	2.32213	0.00122
3852.08	2.32177	0.00123
3858.02	2.32141	0.00124
3863.99	2.32105	0.00124
3869.97	2.32069	0.00125
3875.97	2.32032	0.00126
3881.99	2.31996	0.00126
3888.02	2.31959	0.00127
3894.08	2.31922	0.00128
3900.16	2.31885	0.00128
3906.25	2.31848	0.00129
3912.36	2.3181	0.0013
3918.5	2.31772	0.0013
3924.65	2.31735	0.00131
3930.82	2.31696	0.00132
3937.01	2.31658	0.00133
3943.22	2.3162	0.00133
3949.45	2.31581	0.00134
3955.7	2.31542	0.00135
3961.97	2.31503	0.00136
3968.25	2.31464	0.00136
3974.56	2.31425	0.00137
3980.89	2.31385	0.00138
3987.24	2.31345	0.00139
3993.61	2.31305	0.00139
4000.0	2.31265	0.0014
4006.41	2.31225	0.00141
4012.84	2.31184	0.00142
4019.29	2.31144	0.00143
4025.76	2.31103	0.00143
4032.26	2.31061	0.00144
4038.77	2.3102	0.00145
4045.31	2.30978	0.00146
4051.86	2.30937	0.00147
4058.44	2.30895	0.00148
4065.04	2.30852	0.00148
4071.66	2.3081	0.00149
4078.3	2.30767	0.0015
4084.97	2.30724	0.00151
4091.65	2.30681	0.00152
4098.36	2.30638	0.00153
4105.09	2.30594	0.00154
4111.84	2.3055	0.00155
4118.62	2.30506	0.00155
4125.41	2.30462	0.00156
4132.23	2.30418	0.00157
4139.07	2.30373	0.00158
4145.94	2.30328	0.00159
4152.82	2.30283	0.0016
4159.73	2.30238	0.00161
4166.67	2.30192	0.00162
4173.62	2.30146	0.00163
4180.6	2.301	0.00164
4187.6	2.30053	0.00165
4194.63	2.30007	0.00166
4201.68	2.2996	0.00167
4208.75	2.29913	0.00168
4215.85	2.29866	0.00169
4222.97	2.29818	0.0017
4230.12	2.2977	0.00171
4237.29	2.29722	0.00172
4244.48	2.29674	0.00173
4251.7	2.29625	0.00174
4258.94	2.29576	0.00175
4266.21	2.29527	0.00177
4273.5	2.29477	0.00178
4280.82	2.29428	0.00179
4288.16	2.29378	0.0018
4295.53	2.29327	0.00181
4302.93	2.29277	0.00182
4310.34	2.29226	0.00183
4317.79	2.29175	0.00184
4325.26	2.29124	0.00186
4332.76	2.29072	0.00187
4340.28	2.2902	0.00188
4347.83	2.28968	0.00189
4355.4	2.28915	0.0019
4363.0	2.28862	0.00192
4370.63	2.28809	0.00193
4378.28	2.28756	0.00194
4385.96	2.28702	0.00195
4393.67	2.28648	0.00197
4401.41	2.28594	0.00198
4409.17	2.28539	0.00199
4416.96	2.28484	0.00201
4424.78	2.28429	0.00202
4432.62	2.28374	0.00203
4440.5	2.28318	0.00205
4448.4	2.28262	0.00206
4456.33	2.28205	0.00207
4464.29	2.28148	0.00209
4472.27	2.28091	0.0021
4480.29	2.28034	0.00212
4488.33	2.27976	0.00213
4496.4	2.27918	0.00214
4504.5	2.27859	0.00216
4512.64	2.278	0.00217
4520.8	2.27741	0.00219
4528.99	2.27682	0.0022
4537.21	2.27622	0.00222
4545.45	2.27562	0.00223
4553.73	2.27501	0.00225
4562.04	2.2744	0.00226
4570.38	2.27379	0.00228
4578.75	2.27317	0.0023
4587.16	2.27255	0.00231
4595.59	2.27193	0.00233
4604.05	2.2713	0.00234
4612.55	2.27067	0.00236
4621.07	2.27003	0.00238
4629.63	2.26939	0.00239
4638.22	2.26875	0.00241
4646.84	2.2681	0.00243
4655.49	2.26745	0.00245
4664.18	2.2668	0.00246
4672.9	2.26614	0.00248
4681.65	2.26548	0.0025
4690.43	2.26481	0.00252
4699.25	2.26414	0.00254
4708.1	2.26347	0.00255
4716.98	2.26279	0.00257
4725.9	2.2621	0.00259
4734.85	2.26142	0.00261
4743.83	2.26073	0.00263
4752.85	2.26003	0.00265
4761.9	2.25933	0.00267
4770.99	2.25862	0.00269
4780.11	2.25792	0.00271
4789.27	2.2572	0.00273
4798.46	2.25648	0.00275
4807.69	2.25576	0.00277
4816.96	2.25503	0.00279
4826.25	2.2543	0.00281
4835.59	2.25357	0.00283
4844.96	2.25283	0.00286
4854.37	2.25208	0.00288
4863.81	2.25133	0.0029
4873.29	2.25057	0.00292
4882.81	2.24981	0.00294
4892.37	2.24905	0.00297
4901.96	2.24828	0.00299
4911.59	2.2475	0.00301
4921.26	2.24672	0.00304
4930.97	2.24594	0.00306
4940.71	2.24515	0.00308
4950.5	2.24435	0.00311
4960.32	2.24355	0.00313
4970.18	2.24275	0.00316
4980.08	2.24193	0.00318
4990.02	2.24112	0.00321
5000.0	2.2403	0.00323
5010.02	2.23947	0.00326
5020.08	2.23863	0.00329
5030.18	2.2378	0.00331
5040.32	2.23695	0.00334
5050.51	2.2361	0.00337
5060.73	2.23525	0.0034
5070.99	2.23438	0.00342
5081.3	2.23352	0.00345
5091.65	2.23264	0.00348
5102.04	2.23177	0.00351
5112.47	2.23088	0.00354
5122.95	2.22999	0.00357
5133.47	2.22909	0.0036
5144.03	2.22819	0.00363
5154.64	2.22728	0.00366
5165.29	2.22636	0.00369
5175.98	2.22544	0.00372
5186.72	2.22451	0.00375
5197.51	2.22358	0.00379
5208.33	2.22263	0.00382
5219.21	2.22168	0.00385
5230.13	2.22073	0.00388
5241.09	2.21977	0.00392
5252.1	2.2188	0.00395
5263.16	2.21782	0.00399
5274.26	2.21684	0.00402
5285.41	2.21585	0.00406
5296.61	2.21485	0.00409
5307.86	2.21385	0.00413
5319.15	2.21284	0.00417
5330.49	2.21182	0.0042
5341.88	2.2108	0.00424
5353.32	2.20976	0.00428
5364.81	2.20872	0.00432
5376.34	2.20767	0.00436
5387.93	2.20662	0.0044
5399.57	2.20555	0.00444
5411.26	2.20448	0.00448
5422.99	2.2034	0.00452
5434.78	2.20232	0.00456
5446.62	2.20122	0.0046
5458.52	2.20012	0.00465
5470.46	2.199	0.00469
5482.46	2.19788	0.00473
5494.51	2.19676	0.00478
5506.61	2.19562	0.00482
5518.76	2.19447	0.00487
5530.97	2.19332	0.00492
5543.24	2.19215	0.00496
5555.56	2.19098	0.00501
5567.93	2.1898	0.00506
5580.36	2.18861	0.00511
5592.84	2.18741	0.00516
5605.38	2.1862	0.00521
5617.98	2.18498	0.00526
5630.63	2.18376	0.00531
5643.34	2.18252	0.00536
5656.11	2.18127	0.00542
5668.93	2.18002	0.00547
5681.82	2.17875	0.00553
5694.76	2.17747	0.00558
5707.76	2.17619	0.00564
5720.82	2.17489	0.00569
5733.94	2.17358	0.00575
5747.13	2.17227	0.00581
5760.37	2.17094	0.00587
5773.67	2.1696	0.00593
5787.04	2.16825	0.00599
5800.46	2.16689	0.00605
5813.95	2.16552	0.00612
5827.51	2.16414	0.00618
5841.12	2.16274	0.00625
5854.8	2.16134	0.00631
5868.54	2.15992	0.00638
5882.35	2.15849	0.00645
5896.23	2.15705	0.00651
5910.17	2.1556	0.00658
5924.17	2.15413	0.00666
5938.24	2.15266	0.00673
5952.38	2.15117	0.0068
5966.59	2.14967	0.00687
5980.86	2.14815	0.00695
5995.2	2.14662	0.00703
6009.62	2.14508	0.0071
6024.1	2.14353	0.00718
6038.65	2.14196	0.00726
6053.27	2.14038	0.00734
6067.96	2.13879	0.00743
6082.73	2.13718	0.00751
6097.56	2.13556	0.0076
6112.47	2.13393	0.00768
6127.45	2.13228	0.00777
6142.51	2.13061	0.00786
6157.64	2.12893	0.00795
6172.84	2.12724	0.00804
6188.12	2.12553	0.00814
6203.47	2.12381	0.00823
6218.91	2.12207	0.00833
6234.41	2.12031	0.00843
6250.0	2.11854	0.00853
6265.66	2.11676	0.00863
6281.41	2.11495	0.00873
6297.23	2.11313	0.00884
6313.13	2.1113	0.00894
6329.11	2.10945	0.00905
6345.18	2.10758	0.00916
6361.32	2.10569	0.00927
6377.55	2.10378	0.00939
6393.86	2.10186	0.00951
6410.26	2.09992	0.00962
6426.74	2.09796	0.00974
6443.3	2.09599	0.00987
6459.95	2.09399	0.00999
6476.68	2.09198	0.01012
6493.51	2.08995	0.01025
6510.42	2.08789	0.01038
6527.42	2.08582	0.01051
6544.5	2.08373	0.01065
6561.68	2.08162	0.01078
6578.95	2.07948	0.01093
6596.31	2.07733	0.01107
6613.76	2.07516	0.01121
6631.3	2.07296	0.01136
6648.94	2.07074	0.01151
6666.67	2.0685	0.01167
6684.49	2.06624	0.01183
6702.41	2.06396	0.01199
6720.43	2.06165	0.01215
6738.54	2.05932	0.01231
6756.76	2.05697	0.01248
6775.07	2.05459	0.01265
6793.48	2.05219	0.01283
6811.99	2.04976	0.01301
6830.6	2.04731	0.01319
6849.32	2.04484	0.01338
6868.13	2.04234	0.01357
6887.05	2.03981	0.01376
6906.08	2.03725	0.01396
6925.21	2.03467	0.01416
6944.44	2.03207	0.01436
6963.79	2.02943	0.01457
6983.24	2.02677	0.01478
7002.8	2.02408	0.015
7022.47	2.02136	0.01522
7042.25	2.01861	0.01545
7062.15	2.01583	0.01568
7082.15	2.01302	0.01591
7102.27	2.01018	0.01615
7122.51	2.00731	0.0164
7142.86	2.0044	0.01665
7163.32	2.00147	0.0169
7183.91	1.9985	0.01716
7204.61	1.9955	0.01743
7225.43	1.99247	0.0177
7246.38	1.9894	0.01798
7267.44	1.9863	0.01826
7288.63	1.98316	0.01855
7309.94	1.97999	0.01885
7331.38	1.97678	0.01915
7352.94	1.97353	0.01946
7374.63	1.97025	0.01978
7396.45	1.96693	0.0201
7418.4	1.96357	0.02043
7440.48	1.96017	0.02077
7462.69	1.95673	0.02111
7485.03	1.95325	0.02146
7507.51	1.94972	0.02182
7530.12	1.94616	0.02219
7552.87	1.94255	0.02257
7575.76	1.9389	0.02296
7598.78	1.93521	0.02335
7621.95	1.93147	0.02376
7645.26	1.92768	0.02417
7668.71	1.92385	0.02459
7692.31	1.91997	0.02503
7716.05	1.91604	0.02547
7739.94	1.91206	0.02592
7763.98	1.90803	0.02639
7788.16	1.90396	0.02687
7812.5	1.89983	0.02736
7836.99	1.89564	0.02786
7861.64	1.89141	0.02837
7886.44	1.88712	0.02889
7911.39	1.88277	0.02943
7936.51	1.87836	0.02999
7961.78	1.8739	0.03055
7987.22	1.86938	0.03113
8012.82	1.8648	0.03173
8038.59	1.86016	0.03234
8064.52	1.85546	0.03297
8090.61	1.85069	0.03361
8116.88	1.84586	0.03427
8143.32	1.84096	0.03495
8169.93	1.83599	0.03564
8196.72	1.83096	0.03636
8223.68	1.82585	0.03709
8250.83	1.82068	0.03784
8278.15	1.81543	0.03862
8305.65	1.81011	0.03941
8333.33	1.80471	0.04023
8361.2	1.79923	0.04107
8389.26	1.79368	0.04193
8417.51	1.78804	0.04282
8445.95	1.78233	0.04373
8474.58	1.77653	0.04467
8503.4	1.77064	0.04564
8532.42	1.76466	0.04663
8561.64	1.7586	0.04766
8591.07	1.75245	0.04871
8620.69	1.7462	0.0498
8650.52	1.73986	0.05091
8680.56	1.73341	0.05207
8710.8	1.72687	0.05325
8741.26	1.72023	0.05447
8771.93	1.71349	0.05573
8802.82	1.70664	0.05703
8833.92	1.69968	0.05837
8865.25	1.6926	0.05976
8896.8	1.68542	0.06118
8928.57	1.67812	0.06265
8960.57	1.6707	0.06417
8992.81	1.66315	0.06574
9025.27	1.65549	0.06736
9057.97	1.64769	0.06904
9090.91	1.63976	0.07077
9124.09	1.63171	0.07256
9157.51	1.62351	0.07441
9191.18	1.61517	0.07632
9225.09	1.60669	0.0783
9259.26	1.59806	0.08035
9293.68	1.58928	0.08247
9328.36	1.58035	0.08467
9363.3	1.57126	0.08695
9398.5	1.562	0.08931
9433.96	1.55258	0.09176
9469.7	1.54298	0.09429
9505.7	1.53322	0.09693
9541.98	1.52327	0.09966
9578.54	1.51313	0.1025
9615.38	1.50281	0.10544
9652.51	1.49229	0.10851
9689.92	1.48157	0.11169
9727.63	1.47065	0.115
9765.63	1.45952	0.11845
9803.92	1.44817	0.12204
9842.52	1.4366	0.12578
9881.42	1.4248	0.12967
9920.63	1.41277	0.13373
9960.16	1.4005	0.13797
10000.0	1.38799	0.14239
10040.16	1.37522	0.14701
10080.65	1.36219	0.15184
10121.46	1.3489	0.15689
10162.6	1.33534	0.16217
10204.08	1.3215	0.1677
10245.9	1.30738	0.17349
10288.07	1.29296	0.17956
10330.58	1.27825	0.18594
10373.44	1.26324	0.19263
10416.67	1.24792	0.19966
10460.25	1.23229	0.20705
10504.2	1.21634	0.21483
10548.52	1.20007	0.22302
10593.22	1.18348	0.23165
10638.3	1.16656	0.24076
10683.76	1.14932	0.25037
10729.61	1.13177	0.26052
10775.86	1.1139	0.27126
10822.51	1.09572	0.28262
10869.57	1.07725	0.29464
10917.03	1.05851	0.30737
10964.91	1.03951	0.32087
11013.22	1.02029	0.33517
11061.95	1.00088	0.35034
11111.11	0.98133	0.36642
11160.71	0.96169	0.38346
11210.76	0.94202	0.4015
11261.26	0.92239	0.4206
11312.22	0.90289	0.44079
11363.64	0.88361	0.46208
11415.53	0.86465	0.48449
11467.89	0.84611	0.50803
11520.74	0.8281	0.53266
11574.07	0.81073	0.55836
11627.91	0.79409	0.58507
11682.24	0.77829	0.61272
11737.09	0.7634	0.64122
11792.45	0.74948	0.67048
11848.34	0.73657	0.70039
11904.76	0.72471	0.73086
11961.72	0.71391	0.76178
12019.23	0.70416	0.79306
12077.29	0.69544	0.82459
12135.92	0.68772	0.85631
12195.12	0.68098	0.88814
12254.9	0.67516	0.92002
12315.27	0.67024	0.95191
12376.24	0.66615	0.98374
12437.81	0.66286	1.0155
12500.0	0.66033	1.04716
12562.81	0.65851	1.07869
12626.26	0.65735	1.11007
12690.36	0.65684	1.1413
12755.1	0.65692	1.17237
12820.51	0.65757	1.20327
12886.6	0.65875	1.23399
12953.37	0.66045	1.26455
13020.83	0.66263	1.29493
13089.01	0.66528	1.32514
13157.89	0.66836	1.35518
13227.51	0.67187	1.38506
13297.87	0.67578	1.41478
13368.98	0.68008	1.44434
13440.86	0.68476	1.47374
13513.51	0.6898	1.503
13586.96	0.69519	1.53211
13661.2	0.70092	1.56108
13736.26	0.70697	1.58992
13812.15	0.71335	1.61863
13888.89	0.72004	1.64721
13966.48	0.72703	1.67567
14044.94	0.73431	1.70401
14124.29	0.74188	1.73223
14204.55	0.74974	1.76035
14285.71	0.75787	1.78836
