247.97	2.72	2.30
248.94	2.72	2.30
249.92	2.72	2.30
250.90	2.73	2.30
251.88	2.73	2.30
252.87	2.73	2.31
253.86	2.73	2.31
254.86	2.73	2.31
255.86	2.73	2.31
256.86	2.74	2.32
257.87	2.74	2.32
258.88	2.74	2.32
259.90	2.74	2.32
260.92	2.74	2.33
261.94	2.75	2.33
262.97	2.75	2.33
264.00	2.75	2.34
265.04	2.75	2.34
266.08	2.76	2.34
267.12	2.76	2.35
268.17	2.76	2.35
269.22	2.76	2.35
270.28	2.77	2.36
271.34	2.77	2.36
272.40	2.77	2.36
273.47	2.78	2.37
274.55	2.78	2.37
275.62	2.78	2.38
276.70	2.79	2.38
277.79	2.79	2.38
278.88	2.80	2.39
279.97	2.80	2.39
281.07	2.80	2.39
282.17	2.81	2.40
283.28	2.81	2.40
284.39	2.82	2.41
285.51	2.82	2.41
286.63	2.83	2.41
287.75	2.83	2.42
288.88	2.84	2.42
290.02	2.84	2.43
291.15	2.85	2.43
292.30	2.85	2.43
293.44	2.86	2.44
294.60	2.86	2.44
295.75	2.87	2.44
296.91	2.87	2.45
298.08	2.88	2.45
299.25	2.88	2.46
300.42	2.89	2.46
301.60	2.90	2.46
302.78	2.90	2.47
303.97	2.91	2.47
305.16	2.91	2.47
306.36	2.92	2.48
307.56	2.93	2.48
308.77	2.93	2.48
309.98	2.94	2.49
311.20	2.94	2.49
312.42	2.95	2.49
313.64	2.96	2.49
314.87	2.96	2.50
316.11	2.97	2.50
317.35	2.98	2.50
318.60	2.98	2.50
319.85	2.99	2.51
321.10	3.00	2.51
322.36	3.00	2.51
323.62	3.01	2.51
324.89	3.02	2.52
326.17	3.02	2.52
327.45	3.03	2.52
328.73	3.04	2.52
330.02	3.04	2.52
331.32	3.05	2.52
332.62	3.06	2.53
333.92	3.06	2.53
335.23	3.07	2.53
336.55	3.08	2.53
337.87	3.09	2.53
339.20	3.09	2.53
340.53	3.10	2.53
341.86	3.11	2.53
343.20	3.11	2.54
344.55	3.12	2.54
345.90	3.13	2.54
347.26	3.13	2.54
348.62	3.14	2.54
349.99	3.14	2.54
351.36	3.15	2.54
352.74	3.16	2.54
354.13	3.16	2.54
355.52	3.17	2.54
356.91	3.18	2.54
358.31	3.18	2.54
359.72	3.19	2.54
361.13	3.19	2.54
362.54	3.20	2.54
363.97	3.21	2.54
365.40	3.21	2.54
366.83	3.22	2.54
368.27	3.22	2.54
369.71	3.23	2.54
371.16	3.23	2.54
372.62	3.24	2.53
374.08	3.24	2.53
375.55	3.25	2.53
377.02	3.25	2.53
378.50	3.26	2.53
379.99	3.26	2.53
381.48	3.27	2.53
382.98	3.27	2.53
384.48	3.28	2.53
385.99	3.28	2.53
387.50	3.29	2.53
389.02	3.29	2.53
390.55	3.29	2.53
392.08	3.30	2.52
393.62	3.30	2.52
395.16	3.31	2.52
396.71	3.31	2.52
398.27	3.31	2.52
399.83	3.32	2.52
401.40	3.32	2.52
402.98	3.32	2.52
404.56	3.32	2.52
406.14	3.33	2.52
407.74	3.33	2.52
409.34	3.33	2.52
410.94	3.34	2.52
412.56	3.34	2.52
414.18	3.34	2.51
415.80	3.34	2.51
417.43	3.34	2.51
419.07	3.35	2.51
420.71	3.35	2.51
422.36	3.35	2.51
424.02	3.35	2.51
425.69	3.35	2.51
427.36	3.36	2.51
429.03	3.36	2.51
430.72	3.36	2.51
432.41	3.36	2.52
434.10	3.36	2.52
435.81	3.36	2.52
437.52	3.36	2.52
439.23	3.36	2.52
440.96	3.37	2.52
442.69	3.37	2.52
444.42	3.37	2.52
446.17	3.37	2.52
447.92	3.37	2.52
449.67	3.37	2.53
451.44	3.37	2.53
453.21	3.37	2.53
454.99	3.37	2.53
456.77	3.37	2.53
458.57	3.37	2.54
460.36	3.37	2.54
462.17	3.37	2.54
463.98	3.37	2.54
465.81	3.37	2.55
467.63	3.38	2.55
469.47	3.38	2.55
471.31	3.38	2.55
473.16	3.38	2.56
475.02	3.38	2.56
476.88	3.38	2.56
478.75	3.38	2.57
480.63	3.38	2.57
482.51	3.38	2.58
484.41	3.38	2.58
486.31	3.38	2.58
488.22	3.38	2.59
490.13	3.38	2.59
492.06	3.38	2.60
493.99	3.39	2.60
495.92	3.39	2.61
497.87	3.39	2.61
499.82	3.39	2.62
501.78	3.39	2.62
503.75	3.39	2.63
505.73	3.39	2.63
507.71	3.39	2.64
509.71	3.40	2.64
511.71	3.40	2.65
513.71	3.40	2.65
515.73	3.40	2.66
517.75	3.40	2.66
519.78	3.41	2.67
521.82	3.41	2.68
523.87	3.41	2.68
525.93	3.41	2.69
527.99	3.42	2.69
530.06	3.42	2.70
532.14	3.42	2.71
534.23	3.43	2.71
536.33	3.43	2.72
538.43	3.43	2.72
540.54	3.44	2.73
542.66	3.44	2.74
544.79	3.45	2.74
546.93	3.45	2.75
549.08	3.45	2.75
551.23	3.46	2.76
553.39	3.46	2.77
555.56	3.47	2.77
557.74	3.47	2.78
559.93	3.48	2.78
562.13	3.48	2.79
564.34	3.49	2.79
566.55	3.49	2.80
568.77	3.50	2.81
571.00	3.51	2.81
573.24	3.51	2.82
575.49	3.52	2.82
577.75	3.52	2.83
580.02	3.53	2.83
582.29	3.54	2.83
584.58	3.54	2.84
586.87	3.55	2.84
589.18	3.55	2.85
591.49	3.56	2.85
593.81	3.57	2.86
596.14	3.57	2.86
598.48	3.58	2.86
600.82	3.59	2.87
603.18	3.59	2.87
605.55	3.60	2.87
607.92	3.61	2.87
610.31	3.62	2.88
612.70	3.62	2.88
615.11	3.63	2.88
617.52	3.64	2.88
619.95	3.64	2.88
622.38	3.65	2.88
624.82	3.66	2.89
627.27	3.66	2.89
629.73	3.67	2.89
632.20	3.68	2.89
634.68	3.68	2.89
637.17	3.69	2.89
639.67	3.69	2.89
642.18	3.70	2.89
644.70	3.71	2.89
647.23	3.71	2.89
649.77	3.72	2.88
652.32	3.72	2.88
654.88	3.73	2.88
657.45	3.73	2.88
660.03	3.74	2.88
662.62	3.74	2.88
665.22	3.74	2.87
667.83	3.75	2.87
670.45	3.75	2.87
673.08	3.76	2.87
675.72	3.76	2.87
678.37	3.76	2.86
681.03	3.76	2.86
683.71	3.77	2.86
686.39	3.77	2.85
689.08	3.77	2.85
691.79	3.77	2.85
694.50	3.77	2.84
697.23	3.77	2.84
699.96	3.78	2.84
702.71	3.78	2.83
705.46	3.78	2.83
708.23	3.78	2.83
711.01	3.78	2.82
713.80	3.77	2.82
716.60	3.77	2.82
719.41	3.77	2.81
722.24	3.77	2.81
725.07	3.77	2.81
727.92	3.76	2.80
730.77	3.76	2.80
733.64	3.76	2.80
736.52	3.76	2.79
739.41	3.75	2.79
742.31	3.75	2.79
745.22	3.74	2.79
748.14	3.74	2.78
751.08	3.73	2.78
754.03	3.73	2.78
756.99	3.72	2.78
759.96	3.72	2.78
762.94	3.71	2.77
765.93	3.70	2.77
768.94	3.70	2.77
771.95	3.69	2.77
774.98	3.68	2.77
778.02	3.67	2.77
781.08	3.66	2.77
784.14	3.66	2.77
787.22	3.65	2.77
790.31	3.64	2.77
793.41	3.63	2.77
796.52	3.62	2.77
799.64	3.61	2.77
802.78	3.60	2.78
805.93	3.59	2.78
809.09	3.58	2.78
812.27	3.57	2.78
815.46	3.56	2.79
818.65	3.55	2.79
821.87	3.54	2.79
825.09	3.53	2.80
828.33	3.52	2.80
831.58	3.50	2.81
834.84	3.49	2.81
838.12	3.48	2.82
841.41	3.47	2.82
844.71	3.46	2.83
848.02	3.45	2.84
851.35	3.43	2.84
854.69	3.42	2.85
858.04	3.41	2.86
861.41	3.40	2.87
864.79	3.39	2.87
868.18	3.37	2.88
871.59	3.36	2.89
875.01	3.35	2.90
878.44	3.34	2.91
881.89	3.32	2.92
885.35	3.31	2.94
888.82	3.30	2.95
892.31	3.29	2.96
895.81	3.28	2.97
899.33	3.26	2.99
902.85	3.25	3.00
906.40	3.24	3.01
909.95	3.23	3.03
913.52	3.22	3.04
917.11	3.21	3.06
920.71	3.20	3.07
924.32	3.18	3.09
927.95	3.17	3.10
931.59	3.16	3.12
935.24	3.15	3.14
938.91	3.14	3.15
942.59	3.13	3.17
946.29	3.12	3.19
950.01	3.12	3.21
953.73	3.11	3.23
957.48	3.10	3.24
961.23	3.09	3.26
965.00	3.08	3.28
968.79	3.08	3.30
972.59	3.07	3.32
976.41	3.06	3.34
980.24	3.06	3.36
984.08	3.05	3.38
987.95	3.04	3.40
991.82	3.04	3.42
995.71	3.04	3.45
999.62	3.03	3.47
1003.50	3.03	3.49
1007.50	3.02	3.51
1011.40	3.02	3.53
1015.40	3.02	3.55
1019.40	3.02	3.57
1023.40	3.01	3.60
1027.40	3.01	3.62
1031.40	3.01	3.64
1035.50	3.01	3.66
1039.50	3.01	3.68
1043.60	3.01	3.70
1047.70	3.01	3.72
1051.80	3.02	3.74
1056.00	3.02	3.77
1060.10	3.02	3.79
1064.30	3.02	3.81
1068.40	3.03	3.83
1072.60	3.03	3.85
1076.80	3.03	3.87
1081.10	3.04	3.89
1085.30	3.04	3.91
1089.60	3.05	3.93
1093.80	3.05	3.94
1098.10	3.06	3.96
1102.40	3.06	3.98
1106.80	3.07	4.00
1111.10	3.07	4.02
1115.50	3.08	4.03
1119.80	3.09	4.05
1124.20	3.09	4.06
1128.60	3.10	4.08
1133.10	3.11	4.10
1137.50	3.11	4.11
1142.00	3.12	4.12
1146.50	3.13	4.14
1151.00	3.14	4.15
1155.50	3.14	4.16
1160.00	3.15	4.17
1164.60	3.16	4.19
1169.10	3.17	4.20
1173.70	3.17	4.21
1178.30	3.18	4.22
1182.90	3.19	4.23
1187.60	3.19	4.24
1192.20	3.20	4.24
1196.90	3.21	4.25
1201.60	3.21	4.26
1206.30	3.22	4.27
1211.10	3.22	4.27
1215.80	3.23	4.28
1220.60	3.23	4.28
1225.40	3.24	4.29
1230.20	3.24	4.29
1235.00	3.24	4.30
1239.90	3.24	4.30
1244.70	3.25	4.31
1249.60	3.25	4.31
1254.50	3.25	4.31
1259.40	3.25	4.31
1264.40	3.25	4.32
1269.30	3.25	4.32
1274.30	3.24	4.32
1279.30	3.24	4.32
1284.30	3.24	4.32
1289.40	3.23	4.33
1294.40	3.23	4.33
1299.50	3.22	4.33
1304.60	3.22	4.33
1309.70	3.21	4.33
1314.90	3.20	4.33
1320.00	3.20	4.33
1325.20	3.19	4.34
1330.40	3.18	4.34
1335.60	3.17	4.34
1340.90	3.15	4.34
1346.10	3.14	4.35
1351.40	3.13	4.35
1356.70	3.12	4.35
1362.00	3.10	4.36
1367.40	3.09	4.36
1372.70	3.07	4.36
1378.10	3.06	4.37
1383.50	3.04	4.37
1389.00	3.02	4.38
1394.40	3.00	4.39
1399.90	2.99	4.39
1405.40	2.97	4.40
1410.90	2.95	4.41
1416.40	2.93	4.42
1422.00	2.91	4.43
1427.60	2.88	4.44
1433.20	2.86	4.45
1438.80	2.84	4.46
1444.40	2.82	4.47
1450.10	2.79	4.48
1455.80	2.77	4.50
1461.50	2.75	4.51
1467.20	2.72	4.53
1473.00	2.70	4.54
1478.80	2.68	4.56
1484.60	2.65	4.57
1490.40	2.63	4.59
1496.20	2.60	4.61
1502.10	2.58	4.63
1508.00	2.55	4.65
1513.90	2.53	4.67
1519.90	2.50	4.69
1525.80	2.47	4.72
1531.80	2.45	4.74
1537.80	2.42	4.76
1543.90	2.40	4.79
1549.90	2.37	4.81
1556.00	2.35	4.84
1562.10	2.32	4.87
1568.20	2.30	4.90
1574.40	2.27	4.92
1580.60	2.25	4.95
1586.80	2.23	4.98
1593.00	2.20	5.01
1599.20	2.18	5.05
1605.50	2.15	5.08
1611.80	2.13	5.11
1618.10	2.11	5.14
1624.50	2.08	5.18
1630.90	2.06	5.21
1637.30	2.04	5.24
1643.70	2.02	5.28
1650.10	2.00	5.32
1656.60	1.97	5.35
1663.10	1.95	5.39
1669.60	1.93	5.43
1676.20	1.91	5.46
1682.80	1.89	5.50
1689.40	1.87	5.54
1696.00	1.85	5.58
1702.70	1.84	5.62
1709.30	1.82	5.66
1716.00	1.80	5.70
1722.80	1.78	5.74
1729.50	1.76	5.78
1736.30	1.75	5.82
1743.10	1.73	5.86
1750.00	1.71	5.90
1756.80	1.70	5.95
1763.70	1.68	5.99
1770.70	1.67	6.03
1777.60	1.65	6.07
1784.60	1.64	6.12
1791.60	1.62	6.16
1798.60	1.61	6.20
1805.70	1.59	6.25
1812.70	1.58	6.29
1819.90	1.57	6.34
1827.00	1.55	6.38
1834.20	1.54	6.43
1841.40	1.53	6.47
1848.60	1.52	6.52
1855.80	1.51	6.56
1863.10	1.50	6.61
1870.40	1.48	6.65
1877.80	1.47	6.70
1885.10	1.46	6.74
1892.50	1.45	6.79
1900.00	1.44	6.84
1907.40	1.43	6.88
1914.90	1.42	6.93
1922.40	1.42	6.98
1930.00	1.41	7.02
1937.50	1.40	7.07
1945.10	1.39	7.12
1952.80	1.38	7.16
1960.40	1.37	7.21
1968.10	1.37	7.26
1975.80	1.36	7.31
1983.60	1.35	7.35
1991.40	1.35	7.40
1999.20	1.34	7.45
2007.00	1.33	7.50
2014.90	1.33	7.55
2022.80	1.32	7.59
2030.70	1.31	7.64
2038.70	1.31	7.69
2046.70	1.30	7.74
2054.70	1.30	7.79
2062.80	1.29	7.84
2070.90	1.29	7.89
2079.00	1.28	7.94
2087.20	1.28	7.99
2095.40	1.27	8.03
2103.60	1.27	8.08
2111.90	1.27	8.13
2120.10	1.26	8.18
2128.50	1.26	8.23
2136.80	1.26	8.28
2145.20	1.25	8.33
2153.60	1.25	8.38
2162.10	1.25	8.43
2170.50	1.24	8.48
2179.10	1.24	8.53
2187.60	1.24	8.58
2196.20	1.24	8.63
2204.80	1.23	8.69
2213.50	1.23	8.74
2222.10	1.23	8.79
2230.90	1.23	8.84
2239.60	1.23	8.89
2248.40	1.23	8.94
2257.20	1.22	8.99
2266.10	1.22	9.04
2275.00	1.22	9.09
2283.90	1.22	9.15
2292.90	1.22	9.20
2301.90	1.22	9.25
2310.90	1.22	9.30
2320.00	1.22	9.35
2329.10	1.22	9.41
2338.20	1.22	9.46
2347.40	1.22	9.51
2356.60	1.22	9.56
2365.80	1.22	9.62
2375.10	1.22	9.67
2384.40	1.22	9.72
2393.80	1.22	9.77
2403.20	1.22	9.83
2412.60	1.22	9.88
2422.10	1.22	9.93
2431.60	1.22	9.99
2441.10	1.22	10.04
2450.70	1.23	10.10
2460.30	1.23	10.15
2470.00	1.23	10.20
2479.70	1.23	10.26
2489.40	1.23	10.31
2499.10	1.23	10.37
2509.00	1.24	10.42
2518.80	1.24	10.48
2528.70	1.24	10.53
2538.60	1.24	10.58
2548.60	1.24	10.64
2558.60	1.25	10.69
2568.60	1.25	10.75
2578.70	1.25	10.81
2588.80	1.25	10.86
2599.00	1.26	10.92
2609.20	1.26	10.97
2619.40	1.26	11.03
2629.70	1.27	11.08
2640.00	1.27	11.14
2650.30	1.27	11.20
2660.70	1.28	11.25
2671.20	1.28	11.31
2681.70	1.28	11.37
2692.20	1.29	11.42
2702.70	1.29	11.48
2713.40	1.30	11.54
2724.00	1.30	11.60
2734.70	1.30	11.65
2745.40	1.31	11.71
2756.20	1.31	11.77
2767.00	1.32	11.83
2777.90	1.32	11.89
2788.80	1.32	11.94
2799.70	1.33	12.00
2810.70	1.33	12.06
2821.70	1.34	12.12
2832.80	1.34	12.18
2843.90	1.35	12.24
2855.10	1.35	12.30
2866.30	1.36	12.36
2877.50	1.36	12.42
2888.80	1.37	12.48
2900.10	1.38	12.53
2911.50	1.38	12.59
2922.90	1.39	12.66
2934.40	1.39	12.72
2945.90	1.40	12.78
2957.50	1.40	12.84
2969.10	1.41	12.90
2980.70	1.42	12.96
2992.40	1.42	13.02
3004.20	1.43	13.08
3016.00	1.44	13.14
3027.80	1.44	13.20
3039.70	1.45	13.27
3051.60	1.45	13.33
3063.60	1.46	13.39
3075.60	1.47	13.45
3087.70	1.48	13.52
3099.80	1.48	13.58
3111.90	1.49	13.64
3124.10	1.50	13.70
3136.40	1.50	13.77
3148.70	1.51	13.83
3161.10	1.52	13.89
3173.50	1.53	13.96
3185.90	1.53	14.02
3198.40	1.54	14.09
3211.00	1.55	14.15
3223.60	1.56	14.22
3236.20	1.57	14.28
3248.90	1.57	14.35
3261.70	1.58	14.41
3274.40	1.59	14.48
3287.30	1.60	14.54
3300.20	1.61	14.61
3313.10	1.62	14.67
3326.10	1.63	14.74
3339.20	1.63	14.81
3352.30	1.64	14.87
3365.40	1.65	14.94
3378.70	1.66	15.01
3391.90	1.67	15.07
3405.20	1.68	15.14
3418.60	1.69	15.21
3432.00	1.70	15.28
3445.50	1.71	15.34
3459.00	1.72	15.41
3472.50	1.73	15.48
3486.20	1.74	15.55
3499.90	1.75	15.62
3513.60	1.76	15.69
3527.40	1.77	15.76
3541.20	1.78	15.83
3555.10	1.79	15.89
3569.10	1.80	15.96
3583.10	1.81	16.03
3597.10	1.82	16.10
3611.20	1.83	16.18
3625.40	1.84	16.25
3639.60	1.85	16.32
3653.90	1.86	16.39
3668.20	1.88	16.46
3682.60	1.89	16.53
3697.10	1.90	16.60
3711.60	1.91	16.67
3726.20	1.92	16.75
3740.80	1.93	16.82
3755.40	1.95	16.89
3770.20	1.96	16.96
3785.00	1.97	17.04
3799.80	1.98	17.11
3814.70	2.00	17.18
3829.70	2.01	17.26
3844.70	2.02	17.33
3859.80	2.03	17.41
3875.00	2.05	17.48
3890.20	2.06	17.56
3905.40	2.07	17.63
3920.70	2.08	17.71
3936.10	2.10	17.78
3951.60	2.11	17.86
3967.10	2.13	17.93
3982.60	2.14	18.01
3998.30	2.15	18.08
4014.00	2.17	18.16
4029.70	2.18	18.24
4045.50	2.19	18.31
4061.40	2.21	18.39
4077.30	2.22	18.47
4093.30	2.24	18.55
4109.40	2.25	18.62
4125.50	2.27	18.70
4141.70	2.28	18.78
4157.90	2.30	18.86
4174.30	2.31	18.94
4190.60	2.33	19.02
4207.10	2.34	19.10
4223.60	2.36	19.18
4240.20	2.37	19.26
4256.80	2.39	19.34
4273.50	2.41	19.42
4290.30	2.42	19.50
4307.10	2.44	19.58
4324.00	2.45	19.66
4341.00	2.47	19.74
4358.00	2.49	19.82
4375.10	2.50	19.91
4392.30	2.52	19.99
4409.50	2.54	20.07
4426.80	2.56	20.15
4444.20	2.57	20.24
4461.60	2.59	20.32
4479.10	2.61	20.40
4496.70	2.63	20.49
4514.30	2.64	20.57
4532.00	2.66	20.66
4549.80	2.68	20.74
4567.70	2.70	20.82
4585.60	2.72	20.91
4603.60	2.73	21.00
4621.70	2.75	21.08
4639.80	2.77	21.17
4658.00	2.79	21.25
4676.30	2.81	21.34
4694.60	2.83	21.43
4713.00	2.85	21.51
4731.50	2.87	21.60
4750.10	2.89	21.69
4768.70	2.91	21.78
4787.40	2.93	21.86
4806.20	2.95	21.95
4825.10	2.97	22.04
4844.00	2.99	22.13
4863.00	3.01	22.22
4882.10	3.03	22.31
4901.30	3.05	22.40
4920.50	3.07	22.49
4939.80	3.10	22.58
4959.20	3.12	22.67
4978.60	3.14	22.76
4998.20	3.16	22.85
5017.80	3.18	22.94
5037.50	3.20	23.03
5057.20	3.23	23.13
5077.10	3.25	23.22
5097.00	3.27	23.31
5117.00	3.30	23.40
5137.10	3.32	23.50
5157.20	3.34	23.59
5177.50	3.36	23.68
5197.80	3.39	23.78
5218.20	3.41	23.87
5238.60	3.44	23.97
5259.20	3.46	24.06
5279.80	3.48	24.16
5300.50	3.51	24.25
5321.30	3.53	24.35
5342.20	3.56	24.44
5363.20	3.58	24.54
5384.20	3.61	24.64
5405.40	3.63	24.73
5426.60	3.66	24.83
5447.90	3.69	24.93
5469.20	3.71	25.03
5490.70	3.74	25.12
5512.20	3.76	25.22
5533.90	3.79	25.32
5555.60	3.82	25.42
5577.40	3.85	25.52
5599.30	3.87	25.62
5621.20	3.90	25.72
5643.30	3.93	25.82
5665.40	3.96	25.92
5687.60	3.98	26.02
5710.00	4.01	26.12
5732.40	4.04	26.22
5754.90	4.07	26.33
5777.40	4.10	26.43
5800.10	4.13	26.53
5822.90	4.16	26.63
5845.70	4.19	26.74
5868.60	4.21	26.84
5891.70	4.24	26.94
5914.80	4.27	27.05
5938.00	4.31	27.15
5961.30	4.34	27.26
5984.70	4.37	27.36
6008.20	4.40	27.47
6031.70	4.43	27.57
6055.40	4.46	27.68
6079.20	4.49	27.78
6103.00	4.52	27.89
6127.00	4.56	28.00
6151.00	4.59	28.10
6175.10	4.62	28.21
6199.40	4.65	28.32
6223.70	4.69	28.43
6248.10	4.72	28.53
6272.60	4.75	28.64
6297.20	4.79	28.75
6321.90	4.82	28.86
6346.80	4.86	28.97
6371.70	4.89	29.08
6396.70	4.92	29.19
6421.80	4.96	29.30
6446.90	5.00	29.41
6472.20	5.03	29.52
6497.60	5.07	29.64
6523.10	5.10	29.75
6548.70	5.14	29.86
6574.40	5.18	29.97
6600.20	5.21	30.09
6626.10	5.25	30.20
6652.10	5.29	30.31
6678.20	5.32	30.43
6704.40	5.36	30.54
6730.70	5.40	30.65
6757.10	5.44	30.77
6783.60	5.48	30.88
6810.30	5.52	31.00
6837.00	5.55	31.12
6863.80	5.59	31.23
6890.70	5.63	31.35
6917.80	5.67	31.47
6944.90	5.71	31.58
6972.20	5.75	31.70
6999.50	5.79	31.82
7027.00	5.84	31.94
7054.60	5.88	32.05
7082.20	5.92	32.17
7110.00	5.96	32.29
7137.90	6.00	32.41
7165.90	6.04	32.53
7194.00	6.09	32.65
7222.30	6.13	32.77
7250.60	6.17	32.89
7279.10	6.22	33.01
7307.60	6.26	33.14
7336.30	6.31	33.26
7365.10	6.35	33.38
7394.00	6.39	33.50
7423.00	6.44	33.62
7452.10	6.49	33.75
7481.30	6.53	33.87
7510.70	6.58	34.00
7540.20	6.62	34.12
7569.80	6.67	34.24
7599.50	6.72	34.37
7629.30	6.76	34.49
7659.20	6.81	34.62
7689.30	6.86	34.74
7719.40	6.91	34.87
7749.70	6.96	35.00
7780.10	7.00	35.12
7810.60	7.05	35.25
7841.30	7.10	35.38
7872.10	7.15	35.51
7902.90	7.20	35.63
7934.00	7.25	35.76
7965.10	7.30	35.89
7996.30	7.36	36.02
8027.70	7.41	36.15
8059.20	7.46	36.28
8090.80	7.51	36.41
8122.60	7.56	36.54
8154.40	7.62	36.67
8186.40	7.67	36.80
8218.60	7.72	36.94
8250.80	7.78	37.07
8283.20	7.83	37.20
8315.70	7.88	37.33
8348.30	7.94	37.46
8381.10	7.99	37.60
8413.90	8.05	37.73
8447.00	8.11	37.87
8480.10	8.16	38.00
8513.40	8.22	38.13
8546.80	8.28	38.27
8580.30	8.33	38.40
8614.00	8.39	38.54
8647.80	8.45	38.68
8681.70	8.51	38.81
8715.80	8.57	38.95
8750.00	8.63	39.09
8784.30	8.69	39.22
8818.80	8.75	39.36
8853.40	8.81	39.50
8888.10	8.87	39.64
8923.00	8.93	39.77
8958.00	8.99	39.91
8993.10	9.05	40.05
9028.40	9.11	40.19
9063.80	9.18	40.33
9099.40	9.24	40.47
9135.10	9.30	40.61
9171.00	9.37	40.75
9206.90	9.43	40.89
9243.10	9.49	41.04
9279.30	9.56	41.18
9315.70	9.62	41.32
9352.30	9.69	41.46
9389.00	9.76	41.61
9425.80	9.82	41.75
9462.80	9.89	41.89
9499.90	9.96	42.04
9537.20	10.02	42.18
9574.60	10.09	42.32
9612.20	10.16	42.47
9649.90	10.23	42.61
9687.80	10.30	42.76
9725.80	10.37	42.91
9763.90	10.44	43.05
9802.30	10.51	43.20
9840.70	10.58	43.34
9879.30	10.65	43.49
9918.10	10.72	43.64
9957.00	10.80	43.79
9996.10	10.87	43.93
10035.00	10.94	44.08
10075.00	11.02	44.23
10114.00	11.09	44.38
10154.00	11.16	44.53
10194.00	11.24	44.68
10234.00	11.31	44.83
10274.00	11.39	44.98
10314.00	11.47	45.13
10355.00	11.54	45.28
10395.00	11.62	45.43
10436.00	11.70	45.58
10477.00	11.78	45.74
10518.00	11.85	45.89
10559.00	11.93	46.04
10601.00	12.01	46.19
10642.00	12.09	46.35
10684.00	12.17	46.50
10726.00	12.25	46.65
10768.00	12.33	46.81
10810.00	12.41	46.96
10853.00	12.50	47.11
10895.00	12.58	47.27
10938.00	12.66	47.42
10981.00	12.75	47.58
11024.00	12.83	47.74
11067.00	12.91	47.89
11111.00	13.00	48.05
11154.00	13.08	48.20
11198.00	13.17	48.36
11242.00	13.26	48.52
11286.00	13.34	48.68
11331.00	13.43	48.83
11375.00	13.52	48.99
11420.00	13.61	49.15
11464.00	13.69	49.31
11509.00	13.78	49.47
11555.00	13.87	49.63
11600.00	13.96	49.79
11645.00	14.05	49.95
11691.00	14.14	50.11
11737.00	14.24	50.27
11783.00	14.33	50.43
11829.00	14.42	50.59
11876.00	14.51	50.75
11922.00	14.61	50.91
11969.00	14.70	51.07
12016.00	14.79	51.23
12063.00	14.89	51.40
12111.00	14.98	51.56
12158.00	15.08	51.72
12206.00	15.18	51.88
12254.00	15.27	52.05
12302.00	15.37	52.21
12350.00	15.47	52.38
12398.00	15.57	52.54
